3;0.500000000000000;250000;11;9.18;((0, 1000000), (250000, 500000, 750000));
3;0.750000000000000;250000;0;7.49;((0, 1000000), (250000, 500000, 750000));
3;0.625000000000000;250000;11;11.16;((0, 1000000), (250000, 500000, 750000));
3;0.687500000000000;250000;11;12.20;((0, 1000000), (250000, 500000, 750000));
3;0.718750000000000;250000;0;7.83;((0, 1000000), (250000, 500000, 750000));
3;0.703125000000000;250000;11;12.91;((0, 1000000), (250000, 500000, 750000));
3;0.710937500000000;250000;11;12.53;((0, 1000000), (250000, 500000, 750000));
3;0.714843750000000;250000;11;12.73;((0, 1000000), (250000, 500000, 750000));
3;0.716796875000000;250000;10;12.56;((0, 1000000), (250000, 500000, 750000));
3;0.717773437500000;250000;2;12.20;((0, 1000000), (250000, 500000, 750000));
3;0.717285156250000;250000;9;13.69;((0, 1000000), (250000, 500000, 750000));
3;0.717529296875000;250000;6;12.40;((0, 1000000), (250000, 500000, 750000));
3;0.717651367187500;250000;4;12.26;((0, 1000000), (250000, 500000, 750000));
3;0.717590332031250;250000;7;12.73;((0, 1000000), (250000, 500000, 750000));
3;0.717620849609375;250000;4;12.35;((0, 1000000), (250000, 500000, 750000));
3;0.717605590820312;250000;5;12.55;((0, 1000000), (250000, 500000, 750000));
3;0.717597961425781;250000;6;12.39;((0, 1000000), (250000, 500000, 750000));
3;0.717601776123047;250000;7;12.33;((0, 1000000), (250000, 500000, 750000));
3;0.717603683471680;250000;7;12.77;((0, 1000000), (250000, 500000, 750000));
3;0.717604637145996;250000;3;12.30;((0, 1000000), (250000, 500000, 750000));
3;0.500000000000000;500000;11;9.33;((0, 1000000), (250000, 500000, 750000));
3;0.750000000000000;500000;0;6.67;((0, 1000000), (250000, 500000, 750000));
3;0.625000000000000;500000;0;6.61;((0, 1000000), (250000, 500000, 750000));
3;0.562500000000000;500000;11;10.23;((0, 1000000), (250000, 500000, 750000));
3;0.593750000000000;500000;11;11.32;((0, 1000000), (250000, 500000, 750000));
3;0.609375000000000;500000;0;6.80;((0, 1000000), (250000, 500000, 750000));
3;0.601562500000000;500000;11;10.78;((0, 1000000), (250000, 500000, 750000));
3;0.605468750000000;500000;1;10.48;((0, 1000000), (250000, 500000, 750000));
3;0.603515625000000;500000;9;10.99;((0, 1000000), (250000, 500000, 750000));
3;0.604492187500000;500000;4;10.50;((0, 1000000), (250000, 500000, 750000));
3;0.604003906250000;500000;9;10.87;((0, 1000000), (250000, 500000, 750000));
3;0.604248046875000;500000;7;10.84;((0, 1000000), (250000, 500000, 750000));
3;0.604370117187500;500000;7;10.72;((0, 1000000), (250000, 500000, 750000));
3;0.604431152343750;500000;10;10.76;((0, 1000000), (250000, 500000, 750000));
3;0.604461669921875;500000;6;10.61;((0, 1000000), (250000, 500000, 750000));
3;0.604476928710938;500000;6;10.55;((0, 1000000), (250000, 500000, 750000));
3;0.604484558105469;500000;5;10.63;((0, 1000000), (250000, 500000, 750000));
3;0.604480743408203;500000;6;10.68;((0, 1000000), (250000, 500000, 750000));
3;0.604482650756836;500000;7;10.62;((0, 1000000), (250000, 500000, 750000));
3;0.604483604431152;500000;5;10.58;((0, 1000000), (250000, 500000, 750000));
3;0.500000000000000;750000;11;9.19;((0, 1000000), (250000, 500000, 750000));
3;0.750000000000000;750000;0;6.64;((0, 1000000), (250000, 500000, 750000));
3;0.625000000000000;750000;11;11.47;((0, 1000000), (250000, 500000, 750000));
3;0.687500000000000;750000;0;6.70;((0, 1000000), (250000, 500000, 750000));
3;0.656250000000000;750000;0;6.60;((0, 1000000), (250000, 500000, 750000));
3;0.640625000000000;750000;0;6.76;((0, 1000000), (250000, 500000, 750000));
3;0.632812500000000;750000;0;6.89;((0, 1000000), (250000, 500000, 750000));
3;0.628906250000000;750000;11;11.40;((0, 1000000), (250000, 500000, 750000));
3;0.630859375000000;750000;11;11.67;((0, 1000000), (250000, 500000, 750000));
3;0.631835937500000;750000;1;10.87;((0, 1000000), (250000, 500000, 750000));
3;0.631347656250000;750000;3;10.97;((0, 1000000), (250000, 500000, 750000));
3;0.631103515625000;750000;6;10.99;((0, 1000000), (250000, 500000, 750000));
3;0.631225585937500;750000;8;11.66;((0, 1000000), (250000, 500000, 750000));
3;0.631286621093750;750000;6;11.02;((0, 1000000), (250000, 500000, 750000));
3;0.631317138671875;750000;2;10.83;((0, 1000000), (250000, 500000, 750000));
3;0.631301879882812;750000;7;10.93;((0, 1000000), (250000, 500000, 750000));
3;0.631309509277344;750000;6;11.05;((0, 1000000), (250000, 500000, 750000));
3;0.631313323974609;750000;4;10.94;((0, 1000000), (250000, 500000, 750000));
3;0.631311416625977;750000;6;11.38;((0, 1000000), (250000, 500000, 750000));
3;0.631312370300293;750000;5;11.13;((0, 1000000), (250000, 500000, 750000));
3;0.500000000000000;125000;11;9.29;((0, 500000), (125000, 250000, 375000));
3;0.750000000000000;125000;11;13.28;((0, 500000), (125000, 250000, 375000));
3;0.875000000000000;125000;0;7.56;((0, 500000), (125000, 250000, 375000));
3;0.812500000000000;125000;0;7.56;((0, 500000), (125000, 250000, 375000));
3;0.781250000000000;125000;0;7.78;((0, 500000), (125000, 250000, 375000));
3;0.765625000000000;125000;0;8.35;((0, 500000), (125000, 250000, 375000));
3;0.757812500000000;125000;11;13.36;((0, 500000), (125000, 250000, 375000));
3;0.761718750000000;125000;9;13.15;((0, 500000), (125000, 250000, 375000));
3;0.763671875000000;125000;1;12.88;((0, 500000), (125000, 250000, 375000));
3;0.762695312500000;125000;4;12.98;((0, 500000), (125000, 250000, 375000));
3;0.762207031250000;125000;6;12.97;((0, 500000), (125000, 250000, 375000));
3;0.762451171875000;125000;4;13.00;((0, 500000), (125000, 250000, 375000));
3;0.762329101562500;125000;6;12.91;((0, 500000), (125000, 250000, 375000));
3;0.762390136718750;125000;6;13.07;((0, 500000), (125000, 250000, 375000));
3;0.762420654296875;125000;5;12.94;((0, 500000), (125000, 250000, 375000));
3;0.762405395507812;125000;6;13.10;((0, 500000), (125000, 250000, 375000));
3;0.762413024902344;125000;6;13.02;((0, 500000), (125000, 250000, 375000));
3;0.762416839599609;125000;7;13.18;((0, 500000), (125000, 250000, 375000));
3;0.762418746948242;125000;7;13.08;((0, 500000), (125000, 250000, 375000));
3;0.762419700622559;125000;5;13.04;((0, 500000), (125000, 250000, 375000));
3;0.500000000000000;375000;11;9.24;((0, 500000), (125000, 250000, 375000));
3;0.750000000000000;375000;0;6.90;((0, 500000), (125000, 250000, 375000));
3;0.625000000000000;375000;11;11.34;((0, 500000), (125000, 250000, 375000));
3;0.687500000000000;375000;0;6.90;((0, 500000), (125000, 250000, 375000));
3;0.656250000000000;375000;0;7.00;((0, 500000), (125000, 250000, 375000));
3;0.640625000000000;375000;0;6.95;((0, 500000), (125000, 250000, 375000));
3;0.632812500000000;375000;0;7.02;((0, 500000), (125000, 250000, 375000));
3;0.628906250000000;375000;10;11.31;((0, 500000), (125000, 250000, 375000));
3;0.630859375000000;375000;0;7.19;((0, 500000), (125000, 250000, 375000));
3;0.629882812500000;375000;2;10.89;((0, 500000), (125000, 250000, 375000));
3;0.629394531250000;375000;6;11.03;((0, 500000), (125000, 250000, 375000));
3;0.629638671875000;375000;3;10.92;((0, 500000), (125000, 250000, 375000));
3;0.629516601562500;375000;4;10.90;((0, 500000), (125000, 250000, 375000));
3;0.629455566406250;375000;7;11.09;((0, 500000), (125000, 250000, 375000));
3;0.629486083984375;375000;8;11.27;((0, 500000), (125000, 250000, 375000));
3;0.629501342773438;375000;8;11.45;((0, 500000), (125000, 250000, 375000));
3;0.629508972167969;375000;5;10.98;((0, 500000), (125000, 250000, 375000));
3;0.629505157470703;375000;8;11.03;((0, 500000), (125000, 250000, 375000));
3;0.629507064819336;375000;3;11.04;((0, 500000), (125000, 250000, 375000));
3;0.629506111145020;375000;10;11.67;((0, 500000), (125000, 250000, 375000));
3;0.500000000000000;62500;11;9.09;((0, 250000), (62500, 125000, 187500));
3;0.750000000000000;62500;11;12.97;((0, 250000), (62500, 125000, 187500));
3;0.875000000000000;62500;0;9.70;((0, 250000), (62500, 125000, 187500));
3;0.812500000000000;62500;11;14.17;((0, 250000), (62500, 125000, 187500));
3;0.843750000000000;62500;11;14.72;((0, 250000), (62500, 125000, 187500));
3;0.859375000000000;62500;0;9.06;((0, 250000), (62500, 125000, 187500));
3;0.851562500000000;62500;11;14.84;((0, 250000), (62500, 125000, 187500));
3;0.855468750000000;62500;5;14.38;((0, 250000), (62500, 125000, 187500));
3;0.853515625000000;62500;10;14.61;((0, 250000), (62500, 125000, 187500));
3;0.854492187500000;62500;7;14.49;((0, 250000), (62500, 125000, 187500));
3;0.854980468750000;62500;10;15.16;((0, 250000), (62500, 125000, 187500));
3;0.855224609375000;62500;6;14.52;((0, 250000), (62500, 125000, 187500));
3;0.855346679687500;62500;5;14.54;((0, 250000), (62500, 125000, 187500));
3;0.855285644531250;62500;4;14.64;((0, 250000), (62500, 125000, 187500));
3;0.855255126953125;62500;2;14.29;((0, 250000), (62500, 125000, 187500));
3;0.855239868164062;62500;7;14.41;((0, 250000), (62500, 125000, 187500));
3;0.855247497558594;62500;5;14.46;((0, 250000), (62500, 125000, 187500));
3;0.855243682861328;62500;3;14.35;((0, 250000), (62500, 125000, 187500));
3;0.855241775512695;62500;5;14.50;((0, 250000), (62500, 125000, 187500));
3;0.855240821838379;62500;3;14.32;((0, 250000), (62500, 125000, 187500));
3;0.500000000000000;187500;11;9.11;((0, 250000), (62500, 125000, 187500));
3;0.750000000000000;187500;0;7.47;((0, 250000), (62500, 125000, 187500));
3;0.625000000000000;187500;11;11.14;((0, 250000), (62500, 125000, 187500));
3;0.687500000000000;187500;11;12.14;((0, 250000), (62500, 125000, 187500));
3;0.718750000000000;187500;0;7.68;((0, 250000), (62500, 125000, 187500));
3;0.703125000000000;187500;11;12.65;((0, 250000), (62500, 125000, 187500));
3;0.710937500000000;187500;11;15.41;((0, 250000), (62500, 125000, 187500));
3;0.714843750000000;187500;0;7.70;((0, 250000), (62500, 125000, 187500));
3;0.712890625000000;187500;3;12.17;((0, 250000), (62500, 125000, 187500));
3;0.711914062500000;187500;6;12.33;((0, 250000), (62500, 125000, 187500));
3;0.712402343750000;187500;3;12.31;((0, 250000), (62500, 125000, 187500));
3;0.712158203125000;187500;8;12.38;((0, 250000), (62500, 125000, 187500));
3;0.712280273437500;187500;4;12.10;((0, 250000), (62500, 125000, 187500));
3;0.712219238281250;187500;7;12.32;((0, 250000), (62500, 125000, 187500));
3;0.712249755859375;187500;7;12.29;((0, 250000), (62500, 125000, 187500));
3;0.712265014648438;187500;8;12.31;((0, 250000), (62500, 125000, 187500));
3;0.712272644042969;187500;4;12.25;((0, 250000), (62500, 125000, 187500));
3;0.712268829345703;187500;9;12.45;((0, 250000), (62500, 125000, 187500));
3;0.712270736694336;187500;6;12.34;((0, 250000), (62500, 125000, 187500));
3;0.712271690368652;187500;7;12.39;((0, 250000), (62500, 125000, 187500));
3;0.500000000000000;31250;11;9.17;((0, 125000), (31250, 62500, 93750));
3;0.750000000000000;31250;11;13.11;((0, 125000), (31250, 62500, 93750));
3;0.875000000000000;31250;0;7.75;((0, 125000), (31250, 62500, 93750));
3;0.812500000000000;31250;11;14.31;((0, 125000), (31250, 62500, 93750));
3;0.843750000000000;31250;0;8.02;((0, 125000), (31250, 62500, 93750));
3;0.828125000000000;31250;10;14.34;((0, 125000), (31250, 62500, 93750));
3;0.835937500000000;31250;4;14.00;((0, 125000), (31250, 62500, 93750));
3;0.832031250000000;31250;11;14.40;((0, 125000), (31250, 62500, 93750));
3;0.833984375000000;31250;10;14.20;((0, 125000), (31250, 62500, 93750));
3;0.834960937500000;31250;5;14.08;((0, 125000), (31250, 62500, 93750));
3;0.834472656250000;31250;5;14.03;((0, 125000), (31250, 62500, 93750));
3;0.834228515625000;31250;6;14.01;((0, 125000), (31250, 62500, 93750));
3;0.834350585937500;31250;7;14.08;((0, 125000), (31250, 62500, 93750));
3;0.834411621093750;31250;5;14.01;((0, 125000), (31250, 62500, 93750));
3;0.834381103515625;31250;7;14.06;((0, 125000), (31250, 62500, 93750));
3;0.834396362304688;31250;6;14.04;((0, 125000), (31250, 62500, 93750));
3;0.834403991699219;31250;6;14.04;((0, 125000), (31250, 62500, 93750));
3;0.834407806396484;31250;5;14.05;((0, 125000), (31250, 62500, 93750));
3;0.834405899047852;31250;8;14.10;((0, 125000), (31250, 62500, 93750));
3;0.834406852722168;31250;6;14.28;((0, 125000), (31250, 62500, 93750));
3;0.500000000000000;93750;11;9.10;((0, 125000), (31250, 62500, 93750));
3;0.750000000000000;93750;11;13.31;((0, 125000), (31250, 62500, 93750));
3;0.875000000000000;93750;0;7.61;((0, 125000), (31250, 62500, 93750));
3;0.812500000000000;93750;0;7.68;((0, 125000), (31250, 62500, 93750));
3;0.781250000000000;93750;11;13.76;((0, 125000), (31250, 62500, 93750));
3;0.796875000000000;93750;0;7.78;((0, 125000), (31250, 62500, 93750));
3;0.789062500000000;93750;2;13.37;((0, 125000), (31250, 62500, 93750));
3;0.785156250000000;93750;11;14.07;((0, 125000), (31250, 62500, 93750));
3;0.787109375000000;93750;6;13.38;((0, 125000), (31250, 62500, 93750));
3;0.788085937500000;93750;5;13.43;((0, 125000), (31250, 62500, 93750));
3;0.787597656250000;93750;7;13.52;((0, 125000), (31250, 62500, 93750));
3;0.787841796875000;93750;10;13.80;((0, 125000), (31250, 62500, 93750));
3;0.787963867187500;93750;4;13.43;((0, 125000), (31250, 62500, 93750));
3;0.787902832031250;93750;7;13.55;((0, 125000), (31250, 62500, 93750));
3;0.787933349609375;93750;6;13.60;((0, 125000), (31250, 62500, 93750));
3;0.787948608398438;93750;7;13.55;((0, 125000), (31250, 62500, 93750));
3;0.787956237792969;93750;6;13.42;((0, 125000), (31250, 62500, 93750));
3;0.787960052490234;93750;6;13.37;((0, 125000), (31250, 62500, 93750));
3;0.787961959838867;93750;6;13.35;((0, 125000), (31250, 62500, 93750));
3;0.787962913513184;93750;7;13.57;((0, 125000), (31250, 62500, 93750));
3;0.500000000000000;46875;11;9.10;((31250, 93750), (46875, 62500, 78125));
3;0.750000000000000;46875;11;13.15;((31250, 93750), (46875, 62500, 78125));
3;0.875000000000000;46875;0;8.25;((31250, 93750), (46875, 62500, 78125));
3;0.812500000000000;46875;11;14.08;((31250, 93750), (46875, 62500, 78125));
3;0.843750000000000;46875;11;14.73;((31250, 93750), (46875, 62500, 78125));
3;0.859375000000000;46875;11;14.88;((31250, 93750), (46875, 62500, 78125));
3;0.867187500000000;46875;6;14.66;((31250, 93750), (46875, 62500, 78125));
3;0.871093750000000;46875;0;8.93;((31250, 93750), (46875, 62500, 78125));
3;0.869140625000000;46875;1;14.40;((31250, 93750), (46875, 62500, 78125));
3;0.868164062500000;46875;3;14.57;((31250, 93750), (46875, 62500, 78125));
3;0.867675781250000;46875;3;14.57;((31250, 93750), (46875, 62500, 78125));
3;0.867431640625000;46875;5;14.72;((31250, 93750), (46875, 62500, 78125));
3;0.867309570312500;46875;3;14.43;((31250, 93750), (46875, 62500, 78125));
3;0.867248535156250;46875;7;14.78;((31250, 93750), (46875, 62500, 78125));
3;0.867279052734375;46875;5;14.62;((31250, 93750), (46875, 62500, 78125));
3;0.867263793945312;46875;4;14.57;((31250, 93750), (46875, 62500, 78125));
3;0.867256164550781;46875;8;14.77;((31250, 93750), (46875, 62500, 78125));
3;0.867259979248047;46875;6;14.73;((31250, 93750), (46875, 62500, 78125));
3;0.867261886596680;46875;3;14.58;((31250, 93750), (46875, 62500, 78125));
3;0.867260932922363;46875;5;14.53;((31250, 93750), (46875, 62500, 78125));
3;0.500000000000000;78125;11;9.11;((31250, 93750), (46875, 62500, 78125));
3;0.750000000000000;78125;11;13.16;((31250, 93750), (46875, 62500, 78125));
3;0.875000000000000;78125;0;7.81;((31250, 93750), (46875, 62500, 78125));
3;0.812500000000000;78125;11;14.78;((31250, 93750), (46875, 62500, 78125));
3;0.843750000000000;78125;0;9.23;((31250, 93750), (46875, 62500, 78125));
3;0.828125000000000;78125;11;14.43;((31250, 93750), (46875, 62500, 78125));
3;0.835937500000000;78125;11;14.77;((31250, 93750), (46875, 62500, 78125));
3;0.839843750000000;78125;11;14.79;((31250, 93750), (46875, 62500, 78125));
3;0.841796875000000;78125;8;14.29;((31250, 93750), (46875, 62500, 78125));
3;0.842773437500000;78125;2;14.19;((31250, 93750), (46875, 62500, 78125));
3;0.842285156250000;78125;4;14.69;((31250, 93750), (46875, 62500, 78125));
3;0.842041015625000;78125;3;14.21;((31250, 93750), (46875, 62500, 78125));
3;0.841918945312500;78125;6;14.43;((31250, 93750), (46875, 62500, 78125));
3;0.841979980468750;78125;5;14.17;((31250, 93750), (46875, 62500, 78125));
3;0.841949462890625;78125;5;14.26;((31250, 93750), (46875, 62500, 78125));
3;0.841934204101562;78125;4;14.13;((31250, 93750), (46875, 62500, 78125));
3;0.841926574707031;78125;5;14.16;((31250, 93750), (46875, 62500, 78125));
3;0.841922760009766;78125;4;14.18;((31250, 93750), (46875, 62500, 78125));
3;0.841920852661133;78125;8;14.34;((31250, 93750), (46875, 62500, 78125));
3;0.841921806335449;78125;4;14.21;((31250, 93750), (46875, 62500, 78125));
3;0.500000000000000;39062;11;9.13;((31250, 62500), (39062, 46874, 54686));
3;0.750000000000000;39062;11;13.02;((31250, 62500), (39062, 46874, 54686));
3;0.875000000000000;39062;0;7.76;((31250, 62500), (39062, 46874, 54686));
3;0.812500000000000;39062;11;14.27;((31250, 62500), (39062, 46874, 54686));
3;0.843750000000000;39062;0;7.75;((31250, 62500), (39062, 46874, 54686));
3;0.828125000000000;39062;10;14.22;((31250, 62500), (39062, 46874, 54686));
3;0.835937500000000;39062;0;8.21;((31250, 62500), (39062, 46874, 54686));
3;0.832031250000000;39062;1;14.06;((31250, 62500), (39062, 46874, 54686));
3;0.830078125000000;39062;5;13.98;((31250, 62500), (39062, 46874, 54686));
3;0.829101562500000;39062;7;14.17;((31250, 62500), (39062, 46874, 54686));
3;0.829589843750000;39062;6;14.10;((31250, 62500), (39062, 46874, 54686));
3;0.829833984375000;39062;7;14.04;((31250, 62500), (39062, 46874, 54686));
3;0.829956054687500;39062;5;14.07;((31250, 62500), (39062, 46874, 54686));
3;0.829895019531250;39062;5;13.99;((31250, 62500), (39062, 46874, 54686));
3;0.829864501953125;39062;5;14.02;((31250, 62500), (39062, 46874, 54686));
3;0.829849243164062;39062;4;14.00;((31250, 62500), (39062, 46874, 54686));
3;0.829841613769531;39062;5;13.96;((31250, 62500), (39062, 46874, 54686));
3;0.829837799072266;39062;2;13.95;((31250, 62500), (39062, 46874, 54686));
3;0.829835891723633;39062;5;13.91;((31250, 62500), (39062, 46874, 54686));
3;0.829834938049316;39062;6;13.94;((31250, 62500), (39062, 46874, 54686));
3;0.500000000000000;46874;11;9.09;((31250, 62500), (39062, 46874, 54686));
3;0.750000000000000;46874;11;13.15;((31250, 62500), (39062, 46874, 54686));
3;0.875000000000000;46874;0;7.69;((31250, 62500), (39062, 46874, 54686));
3;0.812500000000000;46874;11;14.24;((31250, 62500), (39062, 46874, 54686));
3;0.843750000000000;46874;0;7.77;((31250, 62500), (39062, 46874, 54686));
3;0.828125000000000;46874;0;9.12;((31250, 62500), (39062, 46874, 54686));
3;0.820312500000000;46874;11;14.57;((31250, 62500), (39062, 46874, 54686));
3;0.824218750000000;46874;9;14.12;((31250, 62500), (39062, 46874, 54686));
3;0.826171875000000;46874;1;13.77;((31250, 62500), (39062, 46874, 54686));
3;0.825195312500000;46874;2;13.84;((31250, 62500), (39062, 46874, 54686));
3;0.824707031250000;46874;4;14.00;((31250, 62500), (39062, 46874, 54686));
3;0.824462890625000;46874;4;14.05;((31250, 62500), (39062, 46874, 54686));
3;0.824340820312500;46874;6;14.03;((31250, 62500), (39062, 46874, 54686));
3;0.824401855468750;46874;5;13.92;((31250, 62500), (39062, 46874, 54686));
3;0.824371337890625;46874;7;13.93;((31250, 62500), (39062, 46874, 54686));
3;0.824386596679688;46874;6;14.11;((31250, 62500), (39062, 46874, 54686));
3;0.824394226074219;46874;7;13.95;((31250, 62500), (39062, 46874, 54686));
3;0.824398040771484;46874;6;14.06;((31250, 62500), (39062, 46874, 54686));
3;0.824399948120117;46874;6;17.06;((31250, 62500), (39062, 46874, 54686));
3;0.824400901794434;46874;4;14.23;((31250, 62500), (39062, 46874, 54686));
3;0.500000000000000;54686;11;9.04;((31250, 62500), (39062, 46874, 54686));
3;0.750000000000000;54686;11;12.99;((31250, 62500), (39062, 46874, 54686));
3;0.875000000000000;54686;0;7.67;((31250, 62500), (39062, 46874, 54686));
3;0.812500000000000;54686;11;14.19;((31250, 62500), (39062, 46874, 54686));
3;0.843750000000000;54686;0;7.75;((31250, 62500), (39062, 46874, 54686));
3;0.828125000000000;54686;0;7.88;((31250, 62500), (39062, 46874, 54686));
3;0.820312500000000;54686;2;13.74;((31250, 62500), (39062, 46874, 54686));
3;0.816406250000000;54686;11;15.11;((31250, 62500), (39062, 46874, 54686));
3;0.818359375000000;54686;8;14.61;((31250, 62500), (39062, 46874, 54686));
3;0.819335937500000;54686;5;13.81;((31250, 62500), (39062, 46874, 54686));
3;0.818847656250000;54686;4;14.08;((31250, 62500), (39062, 46874, 54686));
3;0.818603515625000;54686;5;13.90;((31250, 62500), (39062, 46874, 54686));
3;0.818481445312500;54686;8;13.84;((31250, 62500), (39062, 46874, 54686));
3;0.818542480468750;54686;4;13.80;((31250, 62500), (39062, 46874, 54686));
3;0.818511962890625;54686;5;13.82;((31250, 62500), (39062, 46874, 54686));
3;0.818496704101562;54686;6;13.83;((31250, 62500), (39062, 46874, 54686));
3;0.818504333496094;54686;7;13.95;((31250, 62500), (39062, 46874, 54686));
3;0.818508148193359;54686;5;13.69;((31250, 62500), (39062, 46874, 54686));
3;0.818506240844727;54686;3;13.77;((31250, 62500), (39062, 46874, 54686));
3;0.818505287170410;54686;6;13.80;((31250, 62500), (39062, 46874, 54686));
3;0.500000000000000;35156;11;9.17;((31250, 46874), (35156, 39062, 42968));
3;0.750000000000000;35156;11;12.96;((31250, 46874), (35156, 39062, 42968));
3;0.875000000000000;35156;0;7.69;((31250, 46874), (35156, 39062, 42968));
3;0.812500000000000;35156;11;14.25;((31250, 46874), (35156, 39062, 42968));
3;0.843750000000000;35156;0;7.91;((31250, 46874), (35156, 39062, 42968));
3;0.828125000000000;35156;11;14.32;((31250, 46874), (35156, 39062, 42968));
3;0.835937500000000;35156;0;8.85;((31250, 46874), (35156, 39062, 42968));
3;0.832031250000000;35156;3;14.05;((31250, 46874), (35156, 39062, 42968));
3;0.830078125000000;35156;10;14.13;((31250, 46874), (35156, 39062, 42968));
3;0.831054687500000;35156;9;14.20;((31250, 46874), (35156, 39062, 42968));
3;0.831542968750000;35156;9;14.08;((31250, 46874), (35156, 39062, 42968));
3;0.831787109375000;35156;9;14.08;((31250, 46874), (35156, 39062, 42968));
3;0.831909179687500;35156;8;14.16;((31250, 46874), (35156, 39062, 42968));
3;0.831970214843750;35156;8;14.10;((31250, 46874), (35156, 39062, 42968));
3;0.832000732421875;35156;6;13.86;((31250, 46874), (35156, 39062, 42968));
3;0.832015991210938;35156;6;14.52;((31250, 46874), (35156, 39062, 42968));
3;0.832023620605469;35156;8;14.08;((31250, 46874), (35156, 39062, 42968));
3;0.832027435302734;35156;6;14.30;((31250, 46874), (35156, 39062, 42968));
3;0.832029342651367;35156;5;13.94;((31250, 46874), (35156, 39062, 42968));
3;0.832028388977051;35156;7;14.10;((31250, 46874), (35156, 39062, 42968));
3;0.500000000000000;42968;11;9.06;((31250, 46874), (35156, 39062, 42968));
3;0.750000000000000;42968;11;13.07;((31250, 46874), (35156, 39062, 42968));
3;0.875000000000000;42968;0;7.71;((31250, 46874), (35156, 39062, 42968));
3;0.812500000000000;42968;11;14.10;((31250, 46874), (35156, 39062, 42968));
3;0.843750000000000;42968;0;7.72;((31250, 46874), (35156, 39062, 42968));
3;0.828125000000000;42968;1;14.12;((31250, 46874), (35156, 39062, 42968));
3;0.820312500000000;42968;11;14.19;((31250, 46874), (35156, 39062, 42968));
3;0.824218750000000;42968;11;14.41;((31250, 46874), (35156, 39062, 42968));
3;0.826171875000000;42968;10;14.37;((31250, 46874), (35156, 39062, 42968));
3;0.827148437500000;42968;5;14.31;((31250, 46874), (35156, 39062, 42968));
3;0.826660156250000;42968;6;14.09;((31250, 46874), (35156, 39062, 42968));
3;0.826904296875000;42968;7;13.97;((31250, 46874), (35156, 39062, 42968));
3;0.827026367187500;42968;7;14.00;((31250, 46874), (35156, 39062, 42968));
3;0.827087402343750;42968;5;14.03;((31250, 46874), (35156, 39062, 42968));
3;0.827056884765625;42968;6;14.07;((31250, 46874), (35156, 39062, 42968));
3;0.827072143554688;42968;7;15.70;((31250, 46874), (35156, 39062, 42968));
3;0.827079772949219;42968;8;13.97;((31250, 46874), (35156, 39062, 42968));
3;0.827083587646484;42968;4;14.05;((31250, 46874), (35156, 39062, 42968));
3;0.827081680297852;42968;4;13.95;((31250, 46874), (35156, 39062, 42968));
3;0.827080726623535;42968;7;13.93;((31250, 46874), (35156, 39062, 42968));
3;0.500000000000000;33203;11;9.03;((31250, 39062), (33203, 35156, 37109));
3;0.750000000000000;33203;11;13.11;((31250, 39062), (33203, 35156, 37109));
3;0.875000000000000;33203;10;15.05;((31250, 39062), (33203, 35156, 37109));
3;0.937500000000000;33203;0;7.67;((31250, 39062), (33203, 35156, 37109));
3;0.906250000000000;33203;0;7.87;((31250, 39062), (33203, 35156, 37109));
3;0.890625000000000;33203;0;7.85;((31250, 39062), (33203, 35156, 37109));
3;0.882812500000000;33203;0;8.34;((31250, 39062), (33203, 35156, 37109));
3;0.878906250000000;33203;1;14.41;((31250, 39062), (33203, 35156, 37109));
3;0.876953125000000;33203;8;14.72;((31250, 39062), (33203, 35156, 37109));
3;0.877929687500000;33203;3;14.60;((31250, 39062), (33203, 35156, 37109));
3;0.877441406250000;33203;4;14.65;((31250, 39062), (33203, 35156, 37109));
3;0.877197265625000;33203;8;14.74;((31250, 39062), (33203, 35156, 37109));
3;0.877319335937500;33203;4;14.84;((31250, 39062), (33203, 35156, 37109));
3;0.877258300781250;33203;9;14.76;((31250, 39062), (33203, 35156, 37109));
3;0.877288818359375;33203;7;14.76;((31250, 39062), (33203, 35156, 37109));
3;0.877304077148438;33203;6;14.93;((31250, 39062), (33203, 35156, 37109));
3;0.877311706542969;33203;6;14.69;((31250, 39062), (33203, 35156, 37109));
3;0.877315521240234;33203;7;14.70;((31250, 39062), (33203, 35156, 37109));
3;0.877317428588867;33203;7;14.71;((31250, 39062), (33203, 35156, 37109));
3;0.877318382263184;33203;6;14.54;((31250, 39062), (33203, 35156, 37109));
3;0.500000000000000;37109;11;9.12;((31250, 39062), (33203, 35156, 37109));
3;0.750000000000000;37109;11;13.11;((31250, 39062), (33203, 35156, 37109));
3;0.875000000000000;37109;4;14.57;((31250, 39062), (33203, 35156, 37109));
3;0.812500000000000;37109;11;14.07;((31250, 39062), (33203, 35156, 37109));
3;0.843750000000000;37109;11;14.72;((31250, 39062), (33203, 35156, 37109));
3;0.859375000000000;37109;11;14.92;((31250, 39062), (33203, 35156, 37109));
3;0.867187500000000;37109;11;15.06;((31250, 39062), (33203, 35156, 37109));
3;0.871093750000000;37109;11;15.06;((31250, 39062), (33203, 35156, 37109));
3;0.873046875000000;37109;8;14.72;((31250, 39062), (33203, 35156, 37109));
3;0.874023437500000;37109;9;14.78;((31250, 39062), (33203, 35156, 37109));
3;0.874511718750000;37109;4;14.54;((31250, 39062), (33203, 35156, 37109));
3;0.874267578125000;37109;9;15.11;((31250, 39062), (33203, 35156, 37109));
3;0.874389648437500;37109;8;14.75;((31250, 39062), (33203, 35156, 37109));
3;0.874450683593750;37109;6;14.68;((31250, 39062), (33203, 35156, 37109));
3;0.874481201171875;37109;6;15.68;((31250, 39062), (33203, 35156, 37109));
3;0.874496459960938;37109;8;14.74;((31250, 39062), (33203, 35156, 37109));
3;0.874504089355469;37109;6;14.62;((31250, 39062), (33203, 35156, 37109));
3;0.874507904052734;37109;3;14.64;((31250, 39062), (33203, 35156, 37109));
3;0.874505996704102;37109;6;14.62;((31250, 39062), (33203, 35156, 37109));
3;0.874506950378418;37109;5;14.61;((31250, 39062), (33203, 35156, 37109));
3;0.500000000000000;32226;11;9.03;((31250, 35156), (32226, 33202, 34178));
3;0.750000000000000;32226;11;13.08;((31250, 35156), (32226, 33202, 34178));
3;0.875000000000000;32226;0;7.67;((31250, 35156), (32226, 33202, 34178));
3;0.812500000000000;32226;11;14.09;((31250, 35156), (32226, 33202, 34178));
3;0.843750000000000;32226;0;7.90;((31250, 35156), (32226, 33202, 34178));
3;0.828125000000000;32226;11;14.60;((31250, 35156), (32226, 33202, 34178));
3;0.835937500000000;32226;2;13.94;((31250, 35156), (32226, 33202, 34178));
3;0.832031250000000;32226;8;14.00;((31250, 35156), (32226, 33202, 34178));
3;0.833984375000000;32226;9;14.18;((31250, 35156), (32226, 33202, 34178));
3;0.834960937500000;32226;4;14.00;((31250, 35156), (32226, 33202, 34178));
3;0.834472656250000;32226;4;14.50;((31250, 35156), (32226, 33202, 34178));
3;0.834228515625000;32226;4;14.00;((31250, 35156), (32226, 33202, 34178));
3;0.834106445312500;32226;7;15.03;((31250, 35156), (32226, 33202, 34178));
3;0.834167480468750;32226;6;17.42;((31250, 35156), (32226, 33202, 34178));
3;0.834197998046875;32226;4;13.84;((31250, 35156), (32226, 33202, 34178));
3;0.834182739257812;32226;4;14.91;((31250, 35156), (32226, 33202, 34178));
3;0.834175109863281;32226;5;14.12;((31250, 35156), (32226, 33202, 34178));
3;0.834171295166016;32226;5;15.54;((31250, 35156), (32226, 33202, 34178));
3;0.834169387817383;32226;7;15.35;((31250, 35156), (32226, 33202, 34178));
3;0.834170341491699;32226;7;14.48;((31250, 35156), (32226, 33202, 34178));
3;0.500000000000000;33202;11;9.71;((31250, 35156), (32226, 33202, 34178));
3;0.750000000000000;33202;11;13.82;((31250, 35156), (32226, 33202, 34178));
3;0.875000000000000;33202;11;16.79;((31250, 35156), (32226, 33202, 34178));
3;0.937500000000000;33202;0;8.02;((31250, 35156), (32226, 33202, 34178));
3;0.906250000000000;33202;0;8.21;((31250, 35156), (32226, 33202, 34178));
3;0.890625000000000;33202;0;8.60;((31250, 35156), (32226, 33202, 34178));
3;0.882812500000000;33202;0;9.10;((31250, 35156), (32226, 33202, 34178));
3;0.878906250000000;33202;0;11.33;((31250, 35156), (32226, 33202, 34178));
3;0.876953125000000;33202;7;15.33;((31250, 35156), (32226, 33202, 34178));
3;0.877929687500000;33202;4;14.77;((31250, 35156), (32226, 33202, 34178));
3;0.877441406250000;33202;6;15.19;((31250, 35156), (32226, 33202, 34178));
3;0.877685546875000;33202;3;14.72;((31250, 35156), (32226, 33202, 34178));
3;0.877563476562500;33202;6;15.25;((31250, 35156), (32226, 33202, 34178));
3;0.877624511718750;33202;6;14.76;((31250, 35156), (32226, 33202, 34178));
3;0.877655029296875;33202;4;14.56;((31250, 35156), (32226, 33202, 34178));
3;0.877639770507812;33202;2;15.97;((31250, 35156), (32226, 33202, 34178));
3;0.877632141113281;33202;4;14.83;((31250, 35156), (32226, 33202, 34178));
3;0.877628326416016;33202;3;14.92;((31250, 35156), (32226, 33202, 34178));
3;0.877626419067383;33202;6;15.23;((31250, 35156), (32226, 33202, 34178));
3;0.877627372741699;33202;4;14.83;((31250, 35156), (32226, 33202, 34178));
3;0.500000000000000;34178;11;9.76;((31250, 35156), (32226, 33202, 34178));
3;0.750000000000000;34178;11;13.97;((31250, 35156), (32226, 33202, 34178));
3;0.875000000000000;34178;0;8.25;((31250, 35156), (32226, 33202, 34178));
3;0.812500000000000;34178;11;14.75;((31250, 35156), (32226, 33202, 34178));
3;0.843750000000000;34178;0;8.46;((31250, 35156), (32226, 33202, 34178));
3;0.828125000000000;34178;11;15.40;((31250, 35156), (32226, 33202, 34178));
3;0.835937500000000;34178;1;14.22;((31250, 35156), (32226, 33202, 34178));
3;0.832031250000000;34178;6;14.45;((31250, 35156), (32226, 33202, 34178));
3;0.833984375000000;34178;3;14.22;((31250, 35156), (32226, 33202, 34178));
3;0.833007812500000;34178;5;14.69;((31250, 35156), (32226, 33202, 34178));
3;0.832519531250000;34178;8;14.39;((31250, 35156), (32226, 33202, 34178));
3;0.832763671875000;34178;7;14.83;((31250, 35156), (32226, 33202, 34178));
3;0.832885742187500;34178;4;14.35;((31250, 35156), (32226, 33202, 34178));
3;0.832824707031250;34178;8;14.36;((31250, 35156), (32226, 33202, 34178));
3;0.832855224609375;34178;8;14.24;((31250, 35156), (32226, 33202, 34178));
3;0.832870483398438;34178;4;13.95;((31250, 35156), (32226, 33202, 34178));
3;0.832862854003906;34178;6;14.03;((31250, 35156), (32226, 33202, 34178));
3;0.832866668701172;34178;5;13.92;((31250, 35156), (32226, 33202, 34178));
3;0.832864761352539;34178;8;14.28;((31250, 35156), (32226, 33202, 34178));
3;0.832865715026855;34178;4;13.94;((31250, 35156), (32226, 33202, 34178));
3;0.500000000000000;32714;11;9.23;((32226, 34178), (32714, 33202, 33690));
3;0.750000000000000;32714;11;13.10;((32226, 34178), (32714, 33202, 33690));
3;0.875000000000000;32714;0;7.84;((32226, 34178), (32714, 33202, 33690));
3;0.812500000000000;32714;11;14.31;((32226, 34178), (32714, 33202, 33690));
3;0.843750000000000;32714;0;8.26;((32226, 34178), (32714, 33202, 33690));
3;0.828125000000000;32714;11;14.52;((32226, 34178), (32714, 33202, 33690));
3;0.835937500000000;32714;1;13.73;((32226, 34178), (32714, 33202, 33690));
3;0.832031250000000;32714;11;14.61;((32226, 34178), (32714, 33202, 33690));
3;0.833984375000000;32714;6;14.18;((32226, 34178), (32714, 33202, 33690));
3;0.834960937500000;32714;3;13.97;((32226, 34178), (32714, 33202, 33690));
3;0.834472656250000;32714;5;14.00;((32226, 34178), (32714, 33202, 33690));
3;0.834228515625000;32714;5;13.92;((32226, 34178), (32714, 33202, 33690));
3;0.834106445312500;32714;5;13.99;((32226, 34178), (32714, 33202, 33690));
3;0.834045410156250;32714;6;14.08;((32226, 34178), (32714, 33202, 33690));
3;0.834075927734375;32714;4;13.96;((32226, 34178), (32714, 33202, 33690));
3;0.834060668945312;32714;6;13.92;((32226, 34178), (32714, 33202, 33690));
3;0.834068298339844;32714;7;14.07;((32226, 34178), (32714, 33202, 33690));
3;0.834072113037109;32714;4;13.94;((32226, 34178), (32714, 33202, 33690));
3;0.834070205688477;32714;9;14.18;((32226, 34178), (32714, 33202, 33690));
3;0.834071159362793;32714;6;13.91;((32226, 34178), (32714, 33202, 33690));
3;0.500000000000000;33690;11;9.12;((32226, 34178), (32714, 33202, 33690));
3;0.750000000000000;33690;11;13.10;((32226, 34178), (32714, 33202, 33690));
3;0.875000000000000;33690;0;7.79;((32226, 34178), (32714, 33202, 33690));
3;0.812500000000000;33690;11;14.16;((32226, 34178), (32714, 33202, 33690));
3;0.843750000000000;33690;0;7.89;((32226, 34178), (32714, 33202, 33690));
3;0.828125000000000;33690;11;14.48;((32226, 34178), (32714, 33202, 33690));
3;0.835937500000000;33690;1;13.76;((32226, 34178), (32714, 33202, 33690));
3;0.832031250000000;33690;10;14.63;((32226, 34178), (32714, 33202, 33690));
3;0.833984375000000;33690;6;14.06;((32226, 34178), (32714, 33202, 33690));
3;0.834960937500000;33690;2;13.65;((32226, 34178), (32714, 33202, 33690));
3;0.834472656250000;33690;2;13.70;((32226, 34178), (32714, 33202, 33690));
3;0.834228515625000;33690;3;13.84;((32226, 34178), (32714, 33202, 33690));
3;0.834106445312500;33690;5;13.90;((32226, 34178), (32714, 33202, 33690));
3;0.834045410156250;33690;7;14.03;((32226, 34178), (32714, 33202, 33690));
3;0.834075927734375;33690;3;13.71;((32226, 34178), (32714, 33202, 33690));
3;0.834060668945312;33690;2;13.71;((32226, 34178), (32714, 33202, 33690));
3;0.834053039550781;33690;7;14.01;((32226, 34178), (32714, 33202, 33690));
3;0.834056854248047;33690;4;13.84;((32226, 34178), (32714, 33202, 33690));
3;0.834054946899414;33690;4;13.83;((32226, 34178), (32714, 33202, 33690));
3;0.834053993225098;33690;4;13.94;((32226, 34178), (32714, 33202, 33690));
3;0.500000000000000;32958;11;9.06;((32714, 33690), (32958, 33202, 33446));
3;0.750000000000000;32958;11;13.22;((32714, 33690), (32958, 33202, 33446));
3;0.875000000000000;32958;0;7.69;((32714, 33690), (32958, 33202, 33446));
3;0.812500000000000;32958;11;14.25;((32714, 33690), (32958, 33202, 33446));
3;0.843750000000000;32958;0;8.06;((32714, 33690), (32958, 33202, 33446));
3;0.828125000000000;32958;11;14.58;((32714, 33690), (32958, 33202, 33446));
3;0.835937500000000;32958;3;13.98;((32714, 33690), (32958, 33202, 33446));
3;0.832031250000000;32958;10;14.15;((32714, 33690), (32958, 33202, 33446));
3;0.833984375000000;32958;4;13.83;((32714, 33690), (32958, 33202, 33446));
3;0.833007812500000;32958;7;14.06;((32714, 33690), (32958, 33202, 33446));
3;0.833496093750000;32958;10;14.27;((32714, 33690), (32958, 33202, 33446));
3;0.833740234375000;32958;5;13.91;((32714, 33690), (32958, 33202, 33446));
3;0.833618164062500;32958;5;13.89;((32714, 33690), (32958, 33202, 33446));
3;0.833557128906250;32958;8;14.14;((32714, 33690), (32958, 33202, 33446));
3;0.833587646484375;32958;6;14.11;((32714, 33690), (32958, 33202, 33446));
3;0.833602905273438;32958;6;14.08;((32714, 33690), (32958, 33202, 33446));
3;0.833610534667969;32958;7;14.12;((32714, 33690), (32958, 33202, 33446));
3;0.833614349365234;32958;7;14.42;((32714, 33690), (32958, 33202, 33446));
3;0.833616256713867;32958;7;14.29;((32714, 33690), (32958, 33202, 33446));
3;0.833617210388184;32958;5;13.94;((32714, 33690), (32958, 33202, 33446));
3;0.500000000000000;33446;11;9.33;((32714, 33690), (32958, 33202, 33446));
3;0.750000000000000;33446;10;13.11;((32714, 33690), (32958, 33202, 33446));
3;0.875000000000000;33446;0;7.82;((32714, 33690), (32958, 33202, 33446));
3;0.812500000000000;33446;11;14.15;((32714, 33690), (32958, 33202, 33446));
3;0.843750000000000;33446;0;7.96;((32714, 33690), (32958, 33202, 33446));
3;0.828125000000000;33446;11;15.32;((32714, 33690), (32958, 33202, 33446));
3;0.835937500000000;33446;1;13.50;((32714, 33690), (32958, 33202, 33446));
3;0.832031250000000;33446;10;14.55;((32714, 33690), (32958, 33202, 33446));
3;0.833984375000000;33446;5;13.94;((32714, 33690), (32958, 33202, 33446));
3;0.833007812500000;33446;4;13.92;((32714, 33690), (32958, 33202, 33446));
3;0.832519531250000;33446;9;14.22;((32714, 33690), (32958, 33202, 33446));
3;0.832763671875000;33446;6;14.17;((32714, 33690), (32958, 33202, 33446));
3;0.832885742187500;33446;9;14.66;((32714, 33690), (32958, 33202, 33446));
3;0.832946777343750;33446;7;14.15;((32714, 33690), (32958, 33202, 33446));
3;0.832977294921875;33446;7;14.19;((32714, 33690), (32958, 33202, 33446));
3;0.832992553710938;33446;9;14.25;((32714, 33690), (32958, 33202, 33446));
3;0.833000183105469;33446;9;14.25;((32714, 33690), (32958, 33202, 33446));
3;0.833003997802734;33446;8;14.13;((32714, 33690), (32958, 33202, 33446));
3;0.833005905151367;33446;5;13.84;((32714, 33690), (32958, 33202, 33446));
3;0.833004951477051;33446;9;14.26;((32714, 33690), (32958, 33202, 33446));
3;0.500000000000000;33080;11;9.07;((32958, 33446), (33080, 33202, 33324));
3;0.750000000000000;33080;11;13.22;((32958, 33446), (33080, 33202, 33324));
3;0.875000000000000;33080;0;7.77;((32958, 33446), (33080, 33202, 33324));
3;0.812500000000000;33080;11;14.55;((32958, 33446), (33080, 33202, 33324));
3;0.843750000000000;33080;0;7.93;((32958, 33446), (33080, 33202, 33324));
3;0.828125000000000;33080;11;14.49;((32958, 33446), (33080, 33202, 33324));
3;0.835937500000000;33080;0;9.59;((32958, 33446), (33080, 33202, 33324));
3;0.832031250000000;33080;8;14.07;((32958, 33446), (33080, 33202, 33324));
3;0.833984375000000;33080;5;14.01;((32958, 33446), (33080, 33202, 33324));
3;0.833007812500000;33080;7;13.97;((32958, 33446), (33080, 33202, 33324));
3;0.833496093750000;33080;10;14.39;((32958, 33446), (33080, 33202, 33324));
3;0.833740234375000;33080;9;14.41;((32958, 33446), (33080, 33202, 33324));
3;0.833862304687500;33080;9;14.68;((32958, 33446), (33080, 33202, 33324));
3;0.833923339843750;33080;4;14.02;((32958, 33446), (33080, 33202, 33324));
3;0.833892822265625;33080;4;13.94;((32958, 33446), (33080, 33202, 33324));
3;0.833877563476562;33080;6;14.23;((32958, 33446), (33080, 33202, 33324));
3;0.833885192871094;33080;2;13.66;((32958, 33446), (33080, 33202, 33324));
3;0.833881378173828;33080;4;13.99;((32958, 33446), (33080, 33202, 33324));
3;0.833879470825195;33080;5;13.92;((32958, 33446), (33080, 33202, 33324));
3;0.833878517150879;33080;7;14.08;((32958, 33446), (33080, 33202, 33324));
3;0.500000000000000;33324;11;9.23;((32958, 33446), (33080, 33202, 33324));
3;0.750000000000000;33324;11;13.49;((32958, 33446), (33080, 33202, 33324));
3;0.875000000000000;33324;0;7.93;((32958, 33446), (33080, 33202, 33324));
3;0.812500000000000;33324;11;14.21;((32958, 33446), (33080, 33202, 33324));
3;0.843750000000000;33324;0;7.80;((32958, 33446), (33080, 33202, 33324));
3;0.828125000000000;33324;11;14.55;((32958, 33446), (33080, 33202, 33324));
3;0.835937500000000;33324;2;13.68;((32958, 33446), (33080, 33202, 33324));
3;0.832031250000000;33324;9;14.20;((32958, 33446), (33080, 33202, 33324));
3;0.833984375000000;33324;2;13.73;((32958, 33446), (33080, 33202, 33324));
3;0.833007812500000;33324;6;14.02;((32958, 33446), (33080, 33202, 33324));
3;0.833496093750000;33324;6;14.10;((32958, 33446), (33080, 33202, 33324));
3;0.833740234375000;33324;5;13.93;((32958, 33446), (33080, 33202, 33324));
3;0.833618164062500;33324;4;13.91;((32958, 33446), (33080, 33202, 33324));
3;0.833557128906250;33324;6;14.17;((32958, 33446), (33080, 33202, 33324));
3;0.833587646484375;33324;6;13.95;((32958, 33446), (33080, 33202, 33324));
3;0.833602905273438;33324;5;13.91;((32958, 33446), (33080, 33202, 33324));
3;0.833595275878906;33324;1;13.66;((32958, 33446), (33080, 33202, 33324));
3;0.833591461181641;33324;8;14.32;((32958, 33446), (33080, 33202, 33324));
3;0.833593368530273;33324;5;13.99;((32958, 33446), (33080, 33202, 33324));
3;0.833592414855957;33324;6;14.10;((32958, 33446), (33080, 33202, 33324));
3;0.500000000000000;33141;11;9.09;((33080, 33324), (33141, 33202, 33263));
3;0.750000000000000;33141;11;13.34;((33080, 33324), (33141, 33202, 33263));
3;0.875000000000000;33141;10;15.00;((33080, 33324), (33141, 33202, 33263));
3;0.937500000000000;33141;0;8.58;((33080, 33324), (33141, 33202, 33263));
3;0.906250000000000;33141;0;8.00;((33080, 33324), (33141, 33202, 33263));
3;0.890625000000000;33141;0;7.87;((33080, 33324), (33141, 33202, 33263));
3;0.882812500000000;33141;0;8.43;((33080, 33324), (33141, 33202, 33263));
3;0.878906250000000;33141;1;14.29;((33080, 33324), (33141, 33202, 33263));
3;0.876953125000000;33141;8;14.79;((33080, 33324), (33141, 33202, 33263));
3;0.877929687500000;33141;6;14.94;((33080, 33324), (33141, 33202, 33263));
3;0.878417968750000;33141;2;14.39;((33080, 33324), (33141, 33202, 33263));
3;0.878173828125000;33141;5;17.25;((33080, 33324), (33141, 33202, 33263));
3;0.878051757812500;33141;5;16.00;((33080, 33324), (33141, 33202, 33263));
3;0.877990722656250;33141;4;16.01;((33080, 33324), (33141, 33202, 33263));
3;0.877960205078125;33141;4;15.23;((33080, 33324), (33141, 33202, 33263));
3;0.877944946289062;33141;3;15.64;((33080, 33324), (33141, 33202, 33263));
3;0.877937316894531;33141;5;15.52;((33080, 33324), (33141, 33202, 33263));
3;0.877933502197266;33141;7;15.55;((33080, 33324), (33141, 33202, 33263));
3;0.877935409545898;33141;8;18.48;((33080, 33324), (33141, 33202, 33263));
3;0.877936363220215;33141;3;14.79;((33080, 33324), (33141, 33202, 33263));
3;0.500000000000000;33263;11;9.53;((33080, 33324), (33141, 33202, 33263));
3;0.750000000000000;33263;11;14.13;((33080, 33324), (33141, 33202, 33263));
3;0.875000000000000;33263;9;15.29;((33080, 33324), (33141, 33202, 33263));
3;0.937500000000000;33263;0;8.48;((33080, 33324), (33141, 33202, 33263));
3;0.906250000000000;33263;0;8.26;((33080, 33324), (33141, 33202, 33263));
3;0.890625000000000;33263;0;8.10;((33080, 33324), (33141, 33202, 33263));
3;0.882812500000000;33263;0;9.11;((33080, 33324), (33141, 33202, 33263));
3;0.878906250000000;33263;0;9.81;((33080, 33324), (33141, 33202, 33263));
3;0.876953125000000;33263;9;15.07;((33080, 33324), (33141, 33202, 33263));
3;0.877929687500000;33263;5;15.46;((33080, 33324), (33141, 33202, 33263));
3;0.877441406250000;33263;7;16.33;((33080, 33324), (33141, 33202, 33263));
3;0.877685546875000;33263;6;15.83;((33080, 33324), (33141, 33202, 33263));
3;0.877807617187500;33263;5;15.69;((33080, 33324), (33141, 33202, 33263));
3;0.877746582031250;33263;4;15.88;((33080, 33324), (33141, 33202, 33263));
3;0.877716064453125;33263;4;15.32;((33080, 33324), (33141, 33202, 33263));
3;0.877700805664062;33263;5;15.54;((33080, 33324), (33141, 33202, 33263));
3;0.877693176269531;33263;3;15.12;((33080, 33324), (33141, 33202, 33263));
3;0.877689361572266;33263;3;15.49;((33080, 33324), (33141, 33202, 33263));
3;0.877687454223633;33263;3;15.20;((33080, 33324), (33141, 33202, 33263));
3;0.877686500549316;33263;4;15.25;((33080, 33324), (33141, 33202, 33263));
3;0.500000000000000;33110;11;9.39;((33080, 33202), (33110, 33140, 33170));
3;0.750000000000000;33110;11;14.52;((33080, 33202), (33110, 33140, 33170));
3;0.875000000000000;33110;0;8.02;((33080, 33202), (33110, 33140, 33170));
3;0.812500000000000;33110;11;14.90;((33080, 33202), (33110, 33140, 33170));
3;0.843750000000000;33110;0;8.12;((33080, 33202), (33110, 33140, 33170));
3;0.828125000000000;33110;11;15.39;((33080, 33202), (33110, 33140, 33170));
3;0.835937500000000;33110;1;14.04;((33080, 33202), (33110, 33140, 33170));
3;0.832031250000000;33110;10;15.34;((33080, 33202), (33110, 33140, 33170));
3;0.833984375000000;33110;6;14.50;((33080, 33202), (33110, 33140, 33170));
3;0.834960937500000;33110;1;14.29;((33080, 33202), (33110, 33140, 33170));
3;0.834472656250000;33110;3;14.15;((33080, 33202), (33110, 33140, 33170));
3;0.834228515625000;33110;7;14.67;((33080, 33202), (33110, 33140, 33170));
3;0.834350585937500;33110;7;14.70;((33080, 33202), (33110, 33140, 33170));
3;0.834411621093750;33110;1;14.10;((33080, 33202), (33110, 33140, 33170));
3;0.834381103515625;33110;3;14.35;((33080, 33202), (33110, 33140, 33170));
3;0.834365844726562;33110;2;14.57;((33080, 33202), (33110, 33140, 33170));
3;0.834358215332031;33110;3;14.39;((33080, 33202), (33110, 33140, 33170));
3;0.834354400634766;33110;4;14.65;((33080, 33202), (33110, 33140, 33170));
3;0.834352493286133;33110;3;17.07;((33080, 33202), (33110, 33140, 33170));
3;0.834351539611816;33110;3;14.19;((33080, 33202), (33110, 33140, 33170));
3;0.500000000000000;33140;11;9.79;((33080, 33202), (33110, 33140, 33170));
3;0.750000000000000;33140;11;13.38;((33080, 33202), (33110, 33140, 33170));
3;0.875000000000000;33140;0;8.32;((33080, 33202), (33110, 33140, 33170));
3;0.812500000000000;33140;11;15.55;((33080, 33202), (33110, 33140, 33170));
3;0.843750000000000;33140;0;9.05;((33080, 33202), (33110, 33140, 33170));
3;0.828125000000000;33140;11;15.48;((33080, 33202), (33110, 33140, 33170));
3;0.835937500000000;33140;0;9.42;((33080, 33202), (33110, 33140, 33170));
3;0.832031250000000;33140;9;15.49;((33080, 33202), (33110, 33140, 33170));
3;0.833984375000000;33140;4;14.25;((33080, 33202), (33110, 33140, 33170));
3;0.833007812500000;33140;7;15.38;((33080, 33202), (33110, 33140, 33170));
3;0.833496093750000;33140;7;14.59;((33080, 33202), (33110, 33140, 33170));
3;0.833740234375000;33140;4;14.68;((33080, 33202), (33110, 33140, 33170));
3;0.833618164062500;33140;3;16.65;((33080, 33202), (33110, 33140, 33170));
3;0.833557128906250;33140;5;14.90;((33080, 33202), (33110, 33140, 33170));
3;0.833526611328125;33140;7;15.03;((33080, 33202), (33110, 33140, 33170));
3;0.833541870117188;33140;7;14.60;((33080, 33202), (33110, 33140, 33170));
3;0.833549499511719;33140;2;14.91;((33080, 33202), (33110, 33140, 33170));
3;0.833545684814453;33140;5;14.96;((33080, 33202), (33110, 33140, 33170));
3;0.833543777465820;33140;6;14.95;((33080, 33202), (33110, 33140, 33170));
3;0.833544731140137;33140;6;14.63;((33080, 33202), (33110, 33140, 33170));
3;0.500000000000000;33170;11;9.75;((33080, 33202), (33110, 33140, 33170));
3;0.750000000000000;33170;10;14.67;((33080, 33202), (33110, 33140, 33170));
3;0.875000000000000;33170;0;8.22;((33080, 33202), (33110, 33140, 33170));
3;0.812500000000000;33170;11;15.55;((33080, 33202), (33110, 33140, 33170));
3;0.843750000000000;33170;0;9.01;((33080, 33202), (33110, 33140, 33170));
3;0.828125000000000;33170;11;17.07;((33080, 33202), (33110, 33140, 33170));
3;0.835937500000000;33170;0;10.78;((33080, 33202), (33110, 33140, 33170));
3;0.832031250000000;33170;7;15.46;((33080, 33202), (33110, 33140, 33170));
3;0.833984375000000;33170;4;15.36;((33080, 33202), (33110, 33140, 33170));
3;0.833007812500000;33170;9;15.67;((33080, 33202), (33110, 33140, 33170));
3;0.833496093750000;33170;8;14.87;((33080, 33202), (33110, 33140, 33170));
3;0.833740234375000;33170;6;14.47;((33080, 33202), (33110, 33140, 33170));
3;0.833862304687500;33170;4;14.33;((33080, 33202), (33110, 33140, 33170));
3;0.833801269531250;33170;7;14.57;((33080, 33202), (33110, 33140, 33170));
3;0.833831787109375;33170;4;14.50;((33080, 33202), (33110, 33140, 33170));
3;0.833816528320312;33170;1;14.20;((33080, 33202), (33110, 33140, 33170));
3;0.833808898925781;33170;5;15.33;((33080, 33202), (33110, 33140, 33170));
3;0.833805084228516;33170;6;15.05;((33080, 33202), (33110, 33140, 33170));
3;0.833806991577148;33170;3;14.81;((33080, 33202), (33110, 33140, 33170));
3;0.833806037902832;33170;8;14.54;((33080, 33202), (33110, 33140, 33170));
3;0.500000000000000;33095;11;10.37;((33080, 33140), (33095, 33110, 33125));
3;0.750000000000000;33095;11;14.24;((33080, 33140), (33095, 33110, 33125));
3;0.875000000000000;33095;10;15.26;((33080, 33140), (33095, 33110, 33125));
3;0.937500000000000;33095;0;7.86;((33080, 33140), (33095, 33110, 33125));
3;0.906250000000000;33095;0;7.93;((33080, 33140), (33095, 33110, 33125));
3;0.890625000000000;33095;0;7.87;((33080, 33140), (33095, 33110, 33125));
3;0.882812500000000;33095;0;8.71;((33080, 33140), (33095, 33110, 33125));
3;0.878906250000000;33095;1;14.38;((33080, 33140), (33095, 33110, 33125));
3;0.876953125000000;33095;8;14.88;((33080, 33140), (33095, 33110, 33125));
3;0.877929687500000;33095;4;14.85;((33080, 33140), (33095, 33110, 33125));
3;0.877441406250000;33095;5;14.57;((33080, 33140), (33095, 33110, 33125));
3;0.877197265625000;33095;9;14.77;((33080, 33140), (33095, 33110, 33125));
3;0.877319335937500;33095;4;14.93;((33080, 33140), (33095, 33110, 33125));
3;0.877258300781250;33095;6;14.70;((33080, 33140), (33095, 33110, 33125));
3;0.877288818359375;33095;5;14.79;((33080, 33140), (33095, 33110, 33125));
3;0.877273559570312;33095;5;14.46;((33080, 33140), (33095, 33110, 33125));
3;0.877265930175781;33095;8;14.89;((33080, 33140), (33095, 33110, 33125));
3;0.877269744873047;33095;7;14.87;((33080, 33140), (33095, 33110, 33125));
3;0.877271652221680;33095;8;14.85;((33080, 33140), (33095, 33110, 33125));
3;0.877272605895996;33095;7;14.75;((33080, 33140), (33095, 33110, 33125));
3;0.500000000000000;33125;11;9.16;((33080, 33140), (33095, 33110, 33125));
3;0.750000000000000;33125;11;13.23;((33080, 33140), (33095, 33110, 33125));
3;0.875000000000000;33125;11;15.13;((33080, 33140), (33095, 33110, 33125));
3;0.937500000000000;33125;0;7.85;((33080, 33140), (33095, 33110, 33125));
3;0.906250000000000;33125;0;7.82;((33080, 33140), (33095, 33110, 33125));
3;0.890625000000000;33125;0;7.96;((33080, 33140), (33095, 33110, 33125));
3;0.882812500000000;33125;0;8.49;((33080, 33140), (33095, 33110, 33125));
3;0.878906250000000;33125;1;14.23;((33080, 33140), (33095, 33110, 33125));
3;0.876953125000000;33125;9;14.76;((33080, 33140), (33095, 33110, 33125));
3;0.877929687500000;33125;5;14.67;((33080, 33140), (33095, 33110, 33125));
3;0.877441406250000;33125;3;14.62;((33080, 33140), (33095, 33110, 33125));
3;0.877197265625000;33125;4;14.77;((33080, 33140), (33095, 33110, 33125));
3;0.877075195312500;33125;5;14.48;((33080, 33140), (33095, 33110, 33125));
3;0.877014160156250;33125;7;14.74;((33080, 33140), (33095, 33110, 33125));
3;0.877044677734375;33125;7;14.80;((33080, 33140), (33095, 33110, 33125));
3;0.877059936523438;33125;8;14.79;((33080, 33140), (33095, 33110, 33125));
3;0.877067565917969;33125;3;14.65;((33080, 33140), (33095, 33110, 33125));
3;0.877063751220703;33125;9;15.17;((33080, 33140), (33095, 33110, 33125));
3;0.877065658569336;33125;7;15.00;((33080, 33140), (33095, 33110, 33125));
3;0.877066612243652;33125;10;15.11;((33080, 33140), (33095, 33110, 33125));
