5;0.500000000000000;250000;11;12.65;((0, 1000000), (250000, 500000, 750000));
5;0.750000000000000;250000;0;9.64;((0, 1000000), (250000, 500000, 750000));
5;0.625000000000000;250000;11;15.71;((0, 1000000), (250000, 500000, 750000));
5;0.687500000000000;250000;11;17.29;((0, 1000000), (250000, 500000, 750000));
5;0.718750000000000;250000;11;18.08;((0, 1000000), (250000, 500000, 750000));
5;0.734375000000000;250000;11;18.31;((0, 1000000), (250000, 500000, 750000));
5;0.742187500000000;250000;1;17.47;((0, 1000000), (250000, 500000, 750000));
5;0.738281250000000;250000;11;18.58;((0, 1000000), (250000, 500000, 750000));
5;0.740234375000000;250000;6;17.99;((0, 1000000), (250000, 500000, 750000));
5;0.741210937500000;250000;3;18.07;((0, 1000000), (250000, 500000, 750000));
5;0.740722656250000;250000;10;18.26;((0, 1000000), (250000, 500000, 750000));
5;0.740966796875000;250000;6;17.94;((0, 1000000), (250000, 500000, 750000));
5;0.741088867187500;250000;9;18.22;((0, 1000000), (250000, 500000, 750000));
5;0.741149902343750;250000;2;17.55;((0, 1000000), (250000, 500000, 750000));
5;0.741119384765625;250000;4;17.88;((0, 1000000), (250000, 500000, 750000));
5;0.741104125976562;250000;3;17.81;((0, 1000000), (250000, 500000, 750000));
5;0.741096496582031;250000;5;17.88;((0, 1000000), (250000, 500000, 750000));
5;0.741092681884766;250000;2;18.30;((0, 1000000), (250000, 500000, 750000));
5;0.741090774536133;250000;4;17.63;((0, 1000000), (250000, 500000, 750000));
5;0.741089820861816;250000;5;17.96;((0, 1000000), (250000, 500000, 750000));
5;0.500000000000000;500000;11;12.74;((0, 1000000), (250000, 500000, 750000));
5;0.750000000000000;500000;0;8.49;((0, 1000000), (250000, 500000, 750000));
5;0.625000000000000;500000;0;8.41;((0, 1000000), (250000, 500000, 750000));
5;0.562500000000000;500000;11;14.24;((0, 1000000), (250000, 500000, 750000));
5;0.593750000000000;500000;11;15.10;((0, 1000000), (250000, 500000, 750000));
5;0.609375000000000;500000;11;15.33;((0, 1000000), (250000, 500000, 750000));
5;0.617187500000000;500000;0;8.61;((0, 1000000), (250000, 500000, 750000));
5;0.613281250000000;500000;11;15.97;((0, 1000000), (250000, 500000, 750000));
5;0.615234375000000;500000;10;15.39;((0, 1000000), (250000, 500000, 750000));
5;0.616210937500000;500000;4;15.01;((0, 1000000), (250000, 500000, 750000));
5;0.615722656250000;500000;3;14.93;((0, 1000000), (250000, 500000, 750000));
5;0.615478515625000;500000;8;15.25;((0, 1000000), (250000, 500000, 750000));
5;0.615600585937500;500000;10;15.34;((0, 1000000), (250000, 500000, 750000));
5;0.615661621093750;500000;9;15.36;((0, 1000000), (250000, 500000, 750000));
5;0.615692138671875;500000;9;15.30;((0, 1000000), (250000, 500000, 750000));
5;0.615707397460938;500000;6;15.10;((0, 1000000), (250000, 500000, 750000));
5;0.615715026855469;500000;7;15.13;((0, 1000000), (250000, 500000, 750000));
5;0.615718841552734;500000;9;15.23;((0, 1000000), (250000, 500000, 750000));
5;0.615720748901367;500000;8;15.25;((0, 1000000), (250000, 500000, 750000));
5;0.615721702575684;500000;10;15.40;((0, 1000000), (250000, 500000, 750000));
5;0.500000000000000;750000;11;12.74;((0, 1000000), (250000, 500000, 750000));
5;0.750000000000000;750000;0;8.16;((0, 1000000), (250000, 500000, 750000));
5;0.625000000000000;750000;0;7.94;((0, 1000000), (250000, 500000, 750000));
5;0.562500000000000;750000;11;14.40;((0, 1000000), (250000, 500000, 750000));
5;0.593750000000000;750000;11;15.03;((0, 1000000), (250000, 500000, 750000));
5;0.609375000000000;750000;0;8.16;((0, 1000000), (250000, 500000, 750000));
5;0.601562500000000;750000;11;15.41;((0, 1000000), (250000, 500000, 750000));
5;0.605468750000000;750000;11;15.32;((0, 1000000), (250000, 500000, 750000));
5;0.607421875000000;750000;6;14.99;((0, 1000000), (250000, 500000, 750000));
5;0.608398437500000;750000;0;8.17;((0, 1000000), (250000, 500000, 750000));
5;0.607910156250000;750000;1;14.45;((0, 1000000), (250000, 500000, 750000));
5;0.607666015625000;750000;2;14.53;((0, 1000000), (250000, 500000, 750000));
5;0.607543945312500;750000;2;14.47;((0, 1000000), (250000, 500000, 750000));
5;0.607482910156250;750000;3;14.63;((0, 1000000), (250000, 500000, 750000));
5;0.607452392578125;750000;4;14.68;((0, 1000000), (250000, 500000, 750000));
5;0.607437133789062;750000;2;14.52;((0, 1000000), (250000, 500000, 750000));
5;0.607429504394531;750000;3;14.60;((0, 1000000), (250000, 500000, 750000));
5;0.607425689697266;750000;2;14.47;((0, 1000000), (250000, 500000, 750000));
5;0.607423782348633;750000;3;14.61;((0, 1000000), (250000, 500000, 750000));
5;0.607422828674316;750000;5;15.00;((0, 1000000), (250000, 500000, 750000));
5;0.500000000000000;125000;11;12.62;((0, 500000), (125000, 250000, 375000));
5;0.750000000000000;125000;11;18.35;((0, 500000), (125000, 250000, 375000));
5;0.875000000000000;125000;0;9.44;((0, 500000), (125000, 250000, 375000));
5;0.812500000000000;125000;11;20.32;((0, 500000), (125000, 250000, 375000));
5;0.843750000000000;125000;11;20.70;((0, 500000), (125000, 250000, 375000));
5;0.859375000000000;125000;5;20.33;((0, 500000), (125000, 250000, 375000));
5;0.851562500000000;125000;11;20.86;((0, 500000), (125000, 250000, 375000));
5;0.855468750000000;125000;11;21.05;((0, 500000), (125000, 250000, 375000));
5;0.857421875000000;125000;9;20.76;((0, 500000), (125000, 250000, 375000));
5;0.858398437500000;125000;8;20.51;((0, 500000), (125000, 250000, 375000));
5;0.858886718750000;125000;5;20.31;((0, 500000), (125000, 250000, 375000));
5;0.858642578125000;125000;7;20.69;((0, 500000), (125000, 250000, 375000));
5;0.858764648437500;125000;4;20.29;((0, 500000), (125000, 250000, 375000));
5;0.858703613281250;125000;7;20.65;((0, 500000), (125000, 250000, 375000));
5;0.858734130859375;125000;6;20.44;((0, 500000), (125000, 250000, 375000));
5;0.858749389648438;125000;8;20.57;((0, 500000), (125000, 250000, 375000));
5;0.858757019042969;125000;6;20.90;((0, 500000), (125000, 250000, 375000));
5;0.858760833740234;125000;7;20.62;((0, 500000), (125000, 250000, 375000));
5;0.858762741088867;125000;6;20.87;((0, 500000), (125000, 250000, 375000));
5;0.858763694763184;125000;4;20.52;((0, 500000), (125000, 250000, 375000));
5;0.500000000000000;375000;11;12.77;((0, 500000), (125000, 250000, 375000));
5;0.750000000000000;375000;0;8.68;((0, 500000), (125000, 250000, 375000));
5;0.625000000000000;375000;11;15.71;((0, 500000), (125000, 250000, 375000));
5;0.687500000000000;375000;0;8.61;((0, 500000), (125000, 250000, 375000));
5;0.656250000000000;375000;0;9.16;((0, 500000), (125000, 250000, 375000));
5;0.640625000000000;375000;11;16.25;((0, 500000), (125000, 250000, 375000));
5;0.648437500000000;375000;8;15.87;((0, 500000), (125000, 250000, 375000));
5;0.652343750000000;375000;0;8.99;((0, 500000), (125000, 250000, 375000));
5;0.650390625000000;375000;0;9.05;((0, 500000), (125000, 250000, 375000));
5;0.649414062500000;375000;2;15.73;((0, 500000), (125000, 250000, 375000));
5;0.648925781250000;375000;6;15.87;((0, 500000), (125000, 250000, 375000));
5;0.649169921875000;375000;3;15.49;((0, 500000), (125000, 250000, 375000));
5;0.649047851562500;375000;5;15.72;((0, 500000), (125000, 250000, 375000));
5;0.648986816406250;375000;4;15.86;((0, 500000), (125000, 250000, 375000));
5;0.648956298828125;375000;9;16.02;((0, 500000), (125000, 250000, 375000));
5;0.648971557617188;375000;6;15.77;((0, 500000), (125000, 250000, 375000));
5;0.648979187011719;375000;5;15.76;((0, 500000), (125000, 250000, 375000));
5;0.648975372314453;375000;3;15.52;((0, 500000), (125000, 250000, 375000));
5;0.648973464965820;375000;3;15.56;((0, 500000), (125000, 250000, 375000));
5;0.648972511291504;375000;2;15.47;((0, 500000), (125000, 250000, 375000));
5;0.500000000000000;62500;11;12.45;((0, 250000), (62500, 125000, 187500));
5;0.750000000000000;62500;11;18.28;((0, 250000), (62500, 125000, 187500));
5;0.875000000000000;62500;11;21.35;((0, 250000), (62500, 125000, 187500));
5;0.937500000000000;62500;0;9.39;((0, 250000), (62500, 125000, 187500));
5;0.906250000000000;62500;11;22.02;((0, 250000), (62500, 125000, 187500));
5;0.921875000000000;62500;0;10.26;((0, 250000), (62500, 125000, 187500));
5;0.914062500000000;62500;7;21.89;((0, 250000), (62500, 125000, 187500));
5;0.917968750000000;62500;1;20.79;((0, 250000), (62500, 125000, 187500));
5;0.916015625000000;62500;3;21.09;((0, 250000), (62500, 125000, 187500));
5;0.915039062500000;62500;7;21.54;((0, 250000), (62500, 125000, 187500));
5;0.915527343750000;62500;1;20.96;((0, 250000), (62500, 125000, 187500));
5;0.915283203125000;62500;5;21.36;((0, 250000), (62500, 125000, 187500));
5;0.915161132812500;62500;5;21.47;((0, 250000), (62500, 125000, 187500));
5;0.915100097656250;62500;8;21.72;((0, 250000), (62500, 125000, 187500));
5;0.915130615234375;62500;8;21.74;((0, 250000), (62500, 125000, 187500));
5;0.915145874023438;62500;4;21.56;((0, 250000), (62500, 125000, 187500));
5;0.915138244628906;62500;5;21.54;((0, 250000), (62500, 125000, 187500));
5;0.915134429931641;62500;3;21.22;((0, 250000), (62500, 125000, 187500));
5;0.915132522583008;62500;4;21.29;((0, 250000), (62500, 125000, 187500));
5;0.915131568908691;62500;5;21.45;((0, 250000), (62500, 125000, 187500));
5;0.500000000000000;187500;11;12.87;((0, 250000), (62500, 125000, 187500));
5;0.750000000000000;187500;11;18.43;((0, 250000), (62500, 125000, 187500));
5;0.875000000000000;187500;0;9.29;((0, 250000), (62500, 125000, 187500));
5;0.812500000000000;187500;0;9.49;((0, 250000), (62500, 125000, 187500));
5;0.781250000000000;187500;11;19.30;((0, 250000), (62500, 125000, 187500));
5;0.796875000000000;187500;11;19.68;((0, 250000), (62500, 125000, 187500));
5;0.804687500000000;187500;0;9.92;((0, 250000), (62500, 125000, 187500));
5;0.800781250000000;187500;4;19.00;((0, 250000), (62500, 125000, 187500));
5;0.798828125000000;187500;10;19.49;((0, 250000), (62500, 125000, 187500));
5;0.799804687500000;187500;6;19.36;((0, 250000), (62500, 125000, 187500));
5;0.800292968750000;187500;6;19.13;((0, 250000), (62500, 125000, 187500));
5;0.800537109375000;187500;5;19.03;((0, 250000), (62500, 125000, 187500));
5;0.800415039062500;187500;5;19.13;((0, 250000), (62500, 125000, 187500));
5;0.800354003906250;187500;2;18.70;((0, 250000), (62500, 125000, 187500));
5;0.800323486328125;187500;4;19.02;((0, 250000), (62500, 125000, 187500));
5;0.800308227539062;187500;5;19.08;((0, 250000), (62500, 125000, 187500));
5;0.800300598144531;187500;4;18.94;((0, 250000), (62500, 125000, 187500));
5;0.800296783447266;187500;6;19.17;((0, 250000), (62500, 125000, 187500));
5;0.800298690795898;187500;6;19.22;((0, 250000), (62500, 125000, 187500));
5;0.800299644470215;187500;3;18.92;((0, 250000), (62500, 125000, 187500));
5;0.500000000000000;31250;11;12.66;((0, 125000), (31250, 62500, 93750));
5;0.750000000000000;31250;11;18.13;((0, 125000), (31250, 62500, 93750));
5;0.875000000000000;31250;11;21.29;((0, 125000), (31250, 62500, 93750));
5;0.937500000000000;31250;7;22.13;((0, 125000), (31250, 62500, 93750));
5;0.968750000000000;31250;0;9.39;((0, 125000), (31250, 62500, 93750));
5;0.953125000000000;31250;0;9.63;((0, 125000), (31250, 62500, 93750));
5;0.945312500000000;31250;0;12.03;((0, 125000), (31250, 62500, 93750));
5;0.941406250000000;31250;0;13.35;((0, 125000), (31250, 62500, 93750));
5;0.939453125000000;31250;4;21.65;((0, 125000), (31250, 62500, 93750));
5;0.938476562500000;31250;5;21.85;((0, 125000), (31250, 62500, 93750));
5;0.937988281250000;31250;8;22.09;((0, 125000), (31250, 62500, 93750));
5;0.938232421875000;31250;4;21.85;((0, 125000), (31250, 62500, 93750));
5;0.938110351562500;31250;5;21.79;((0, 125000), (31250, 62500, 93750));
5;0.938049316406250;31250;3;21.45;((0, 125000), (31250, 62500, 93750));
5;0.938018798828125;31250;5;21.83;((0, 125000), (31250, 62500, 93750));
5;0.938003540039062;31250;5;21.82;((0, 125000), (31250, 62500, 93750));
5;0.937995910644531;31250;5;21.76;((0, 125000), (31250, 62500, 93750));
5;0.937992095947266;31250;6;21.92;((0, 125000), (31250, 62500, 93750));
5;0.937994003295898;31250;6;22.39;((0, 125000), (31250, 62500, 93750));
5;0.937994956970215;31250;6;23.16;((0, 125000), (31250, 62500, 93750));
5;0.500000000000000;93750;11;12.57;((0, 125000), (31250, 62500, 93750));
5;0.750000000000000;93750;11;18.51;((0, 125000), (31250, 62500, 93750));
5;0.875000000000000;93750;11;21.39;((0, 125000), (31250, 62500, 93750));
5;0.937500000000000;93750;0;10.76;((0, 125000), (31250, 62500, 93750));
5;0.906250000000000;93750;0;9.41;((0, 125000), (31250, 62500, 93750));
5;0.890625000000000;93750;0;12.19;((0, 125000), (31250, 62500, 93750));
5;0.882812500000000;93750;11;21.49;((0, 125000), (31250, 62500, 93750));
5;0.886718750000000;93750;7;21.18;((0, 125000), (31250, 62500, 93750));
5;0.888671875000000;93750;1;20.50;((0, 125000), (31250, 62500, 93750));
5;0.887695312500000;93750;4;20.85;((0, 125000), (31250, 62500, 93750));
5;0.887207031250000;93750;7;21.01;((0, 125000), (31250, 62500, 93750));
5;0.887451171875000;93750;3;20.67;((0, 125000), (31250, 62500, 93750));
5;0.887329101562500;93750;10;21.53;((0, 125000), (31250, 62500, 93750));
5;0.887390136718750;93750;5;21.00;((0, 125000), (31250, 62500, 93750));
5;0.887359619140625;93750;8;21.17;((0, 125000), (31250, 62500, 93750));
5;0.887374877929688;93750;7;21.39;((0, 125000), (31250, 62500, 93750));
5;0.887382507324219;93750;7;21.12;((0, 125000), (31250, 62500, 93750));
5;0.887386322021484;93750;7;21.09;((0, 125000), (31250, 62500, 93750));
5;0.887388229370117;93750;7;21.07;((0, 125000), (31250, 62500, 93750));
5;0.887389183044434;93750;6;21.05;((0, 125000), (31250, 62500, 93750));
5;0.500000000000000;15625;11;12.92;((0, 62500), (15625, 31250, 46875));
5;0.750000000000000;15625;11;18.21;((0, 62500), (15625, 31250, 46875));
5;0.875000000000000;15625;11;21.03;((0, 62500), (15625, 31250, 46875));
5;0.937500000000000;15625;11;22.30;((0, 62500), (15625, 31250, 46875));
5;0.968750000000000;15625;0;11.08;((0, 62500), (15625, 31250, 46875));
5;0.953125000000000;15625;0;13.09;((0, 62500), (15625, 31250, 46875));
5;0.945312500000000;15625;11;22.60;((0, 62500), (15625, 31250, 46875));
5;0.949218750000000;15625;3;21.66;((0, 62500), (15625, 31250, 46875));
5;0.947265625000000;15625;9;22.27;((0, 62500), (15625, 31250, 46875));
5;0.948242187500000;15625;5;21.95;((0, 62500), (15625, 31250, 46875));
5;0.947753906250000;15625;5;21.93;((0, 62500), (15625, 31250, 46875));
5;0.947509765625000;15625;7;22.09;((0, 62500), (15625, 31250, 46875));
5;0.947631835937500;15625;5;21.95;((0, 62500), (15625, 31250, 46875));
5;0.947570800781250;15625;9;22.18;((0, 62500), (15625, 31250, 46875));
5;0.947601318359375;15625;6;22.02;((0, 62500), (15625, 31250, 46875));
5;0.947616577148438;15625;7;21.99;((0, 62500), (15625, 31250, 46875));
5;0.947624206542969;15625;8;22.04;((0, 62500), (15625, 31250, 46875));
5;0.947628021240234;15625;6;21.98;((0, 62500), (15625, 31250, 46875));
5;0.947629928588867;15625;6;25.94;((0, 62500), (15625, 31250, 46875));
5;0.947630882263184;15625;4;21.75;((0, 62500), (15625, 31250, 46875));
5;0.500000000000000;46875;11;12.48;((0, 62500), (15625, 31250, 46875));
5;0.750000000000000;46875;11;18.17;((0, 62500), (15625, 31250, 46875));
5;0.875000000000000;46875;11;21.16;((0, 62500), (15625, 31250, 46875));
5;0.937500000000000;46875;0;12.07;((0, 62500), (15625, 31250, 46875));
5;0.906250000000000;46875;11;21.91;((0, 62500), (15625, 31250, 46875));
5;0.921875000000000;46875;11;22.24;((0, 62500), (15625, 31250, 46875));
5;0.929687500000000;46875;11;23.13;((0, 62500), (15625, 31250, 46875));
5;0.933593750000000;46875;1;21.25;((0, 62500), (15625, 31250, 46875));
5;0.931640625000000;46875;10;22.13;((0, 62500), (15625, 31250, 46875));
5;0.932617187500000;46875;5;22.07;((0, 62500), (15625, 31250, 46875));
5;0.932128906250000;46875;8;22.04;((0, 62500), (15625, 31250, 46875));
5;0.932373046875000;46875;6;21.86;((0, 62500), (15625, 31250, 46875));
5;0.932495117187500;46875;5;21.97;((0, 62500), (15625, 31250, 46875));
5;0.932434082031250;46875;5;21.76;((0, 62500), (15625, 31250, 46875));
5;0.932403564453125;46875;7;22.00;((0, 62500), (15625, 31250, 46875));
5;0.932418823242188;46875;7;22.00;((0, 62500), (15625, 31250, 46875));
5;0.932426452636719;46875;6;21.66;((0, 62500), (15625, 31250, 46875));
5;0.932430267333984;46875;6;21.87;((0, 62500), (15625, 31250, 46875));
5;0.932432174682617;46875;6;21.78;((0, 62500), (15625, 31250, 46875));
5;0.932433128356934;46875;8;22.00;((0, 62500), (15625, 31250, 46875));
5;0.500000000000000;7812;11;12.35;((0, 31250), (7812, 15624, 23436));
5;0.750000000000000;7812;11;18.03;((0, 31250), (7812, 15624, 23436));
5;0.875000000000000;7812;11;21.45;((0, 31250), (7812, 15624, 23436));
5;0.937500000000000;7812;2;21.05;((0, 31250), (7812, 15624, 23436));
5;0.906250000000000;7812;11;21.74;((0, 31250), (7812, 15624, 23436));
5;0.921875000000000;7812;11;21.81;((0, 31250), (7812, 15624, 23436));
5;0.929687500000000;7812;11;22.10;((0, 31250), (7812, 15624, 23436));
5;0.933593750000000;7812;8;21.63;((0, 31250), (7812, 15624, 23436));
5;0.935546875000000;7812;4;21.38;((0, 31250), (7812, 15624, 23436));
5;0.934570312500000;7812;2;20.99;((0, 31250), (7812, 15624, 23436));
5;0.934082031250000;7812;7;21.93;((0, 31250), (7812, 15624, 23436));
5;0.934326171875000;7812;5;21.30;((0, 31250), (7812, 15624, 23436));
5;0.934204101562500;7812;6;21.49;((0, 31250), (7812, 15624, 23436));
5;0.934265136718750;7812;9;21.74;((0, 31250), (7812, 15624, 23436));
5;0.934295654296875;7812;7;21.82;((0, 31250), (7812, 15624, 23436));
5;0.934310913085938;7812;5;21.79;((0, 31250), (7812, 15624, 23436));
5;0.934303283691406;7812;6;21.41;((0, 31250), (7812, 15624, 23436));
5;0.934307098388672;7812;5;21.75;((0, 31250), (7812, 15624, 23436));
5;0.934305191040039;7812;9;21.88;((0, 31250), (7812, 15624, 23436));
5;0.934306144714355;7812;6;22.65;((0, 31250), (7812, 15624, 23436));
5;0.500000000000000;15624;11;12.34;((0, 31250), (7812, 15624, 23436));
5;0.750000000000000;15624;11;18.21;((0, 31250), (7812, 15624, 23436));
5;0.875000000000000;15624;11;20.89;((0, 31250), (7812, 15624, 23436));
5;0.937500000000000;15624;11;22.49;((0, 31250), (7812, 15624, 23436));
5;0.968750000000000;15624;0;9.32;((0, 31250), (7812, 15624, 23436));
5;0.953125000000000;15624;0;10.49;((0, 31250), (7812, 15624, 23436));
5;0.945312500000000;15624;3;21.45;((0, 31250), (7812, 15624, 23436));
5;0.941406250000000;15624;7;22.00;((0, 31250), (7812, 15624, 23436));
5;0.943359375000000;15624;6;21.79;((0, 31250), (7812, 15624, 23436));
5;0.944335937500000;15624;4;21.49;((0, 31250), (7812, 15624, 23436));
5;0.943847656250000;15624;7;22.76;((0, 31250), (7812, 15624, 23436));
5;0.944091796875000;15624;4;21.66;((0, 31250), (7812, 15624, 23436));
5;0.943969726562500;15624;5;21.66;((0, 31250), (7812, 15624, 23436));
5;0.943908691406250;15624;2;21.51;((0, 31250), (7812, 15624, 23436));
5;0.943878173828125;15624;2;21.27;((0, 31250), (7812, 15624, 23436));
5;0.943862915039062;15624;1;21.07;((0, 31250), (7812, 15624, 23436));
5;0.943855285644531;15624;3;21.40;((0, 31250), (7812, 15624, 23436));
5;0.943851470947266;15624;1;21.24;((0, 31250), (7812, 15624, 23436));
5;0.943849563598633;15624;3;21.78;((0, 31250), (7812, 15624, 23436));
5;0.943848609924316;15624;6;21.81;((0, 31250), (7812, 15624, 23436));
5;0.500000000000000;23436;11;12.39;((0, 31250), (7812, 15624, 23436));
5;0.750000000000000;23436;11;18.23;((0, 31250), (7812, 15624, 23436));
5;0.875000000000000;23436;11;21.47;((0, 31250), (7812, 15624, 23436));
5;0.937500000000000;23436;11;22.36;((0, 31250), (7812, 15624, 23436));
5;0.968750000000000;23436;0;9.40;((0, 31250), (7812, 15624, 23436));
5;0.953125000000000;23436;0;14.34;((0, 31250), (7812, 15624, 23436));
5;0.945312500000000;23436;10;22.50;((0, 31250), (7812, 15624, 23436));
5;0.949218750000000;23436;1;21.45;((0, 31250), (7812, 15624, 23436));
5;0.947265625000000;23436;6;22.20;((0, 31250), (7812, 15624, 23436));
5;0.948242187500000;23436;4;21.94;((0, 31250), (7812, 15624, 23436));
5;0.947753906250000;23436;6;22.24;((0, 31250), (7812, 15624, 23436));
5;0.947998046875000;23436;7;22.20;((0, 31250), (7812, 15624, 23436));
5;0.948120117187500;23436;4;21.90;((0, 31250), (7812, 15624, 23436));
5;0.948059082031250;23436;5;21.89;((0, 31250), (7812, 15624, 23436));
5;0.948028564453125;23436;6;22.46;((0, 31250), (7812, 15624, 23436));
5;0.948043823242188;23436;7;22.33;((0, 31250), (7812, 15624, 23436));
5;0.948051452636719;23436;4;21.86;((0, 31250), (7812, 15624, 23436));
5;0.948047637939453;23436;5;22.96;((0, 31250), (7812, 15624, 23436));
5;0.948045730590820;23436;4;21.80;((0, 31250), (7812, 15624, 23436));
5;0.948044776916504;23436;4;21.75;((0, 31250), (7812, 15624, 23436));
5;0.500000000000000;19530;11;12.43;((15624, 31250), (19530, 23436, 27342));
5;0.750000000000000;19530;11;18.21;((15624, 31250), (19530, 23436, 27342));
5;0.875000000000000;19530;11;21.09;((15624, 31250), (19530, 23436, 27342));
5;0.937500000000000;19530;11;22.45;((15624, 31250), (19530, 23436, 27342));
5;0.968750000000000;19530;0;9.40;((15624, 31250), (19530, 23436, 27342));
5;0.953125000000000;19530;0;10.75;((15624, 31250), (19530, 23436, 27342));
5;0.945312500000000;19530;0;14.89;((15624, 31250), (19530, 23436, 27342));
5;0.941406250000000;19530;10;22.23;((15624, 31250), (19530, 23436, 27342));
5;0.943359375000000;19530;4;21.78;((15624, 31250), (19530, 23436, 27342));
5;0.942382812500000;19530;8;22.02;((15624, 31250), (19530, 23436, 27342));
5;0.942871093750000;19530;5;21.84;((15624, 31250), (19530, 23436, 27342));
5;0.942626953125000;19530;10;22.24;((15624, 31250), (19530, 23436, 27342));
5;0.942749023437500;19530;5;22.37;((15624, 31250), (19530, 23436, 27342));
5;0.942687988281250;19530;7;22.07;((15624, 31250), (19530, 23436, 27342));
5;0.942718505859375;19530;8;22.10;((15624, 31250), (19530, 23436, 27342));
5;0.942733764648438;19530;4;21.67;((15624, 31250), (19530, 23436, 27342));
5;0.942726135253906;19530;5;22.98;((15624, 31250), (19530, 23436, 27342));
5;0.942722320556641;19530;7;22.18;((15624, 31250), (19530, 23436, 27342));
5;0.942724227905273;19530;5;21.83;((15624, 31250), (19530, 23436, 27342));
5;0.942723274230957;19530;9;23.83;((15624, 31250), (19530, 23436, 27342));
5;0.500000000000000;27342;11;13.43;((15624, 31250), (19530, 23436, 27342));
5;0.750000000000000;27342;11;19.07;((15624, 31250), (19530, 23436, 27342));
5;0.875000000000000;27342;11;22.74;((15624, 31250), (19530, 23436, 27342));
5;0.937500000000000;27342;10;24.07;((15624, 31250), (19530, 23436, 27342));
5;0.968750000000000;27342;0;10.38;((15624, 31250), (19530, 23436, 27342));
5;0.953125000000000;27342;0;10.41;((15624, 31250), (19530, 23436, 27342));
5;0.945312500000000;27342;0;12.77;((15624, 31250), (19530, 23436, 27342));
5;0.941406250000000;27342;4;22.33;((15624, 31250), (19530, 23436, 27342));
5;0.939453125000000;27342;6;23.10;((15624, 31250), (19530, 23436, 27342));
5;0.940429687500000;27342;3;22.82;((15624, 31250), (19530, 23436, 27342));
5;0.939941406250000;27342;6;22.92;((15624, 31250), (19530, 23436, 27342));
5;0.940185546875000;27342;4;22.18;((15624, 31250), (19530, 23436, 27342));
5;0.940063476562500;27342;9;23.89;((15624, 31250), (19530, 23436, 27342));
5;0.940124511718750;27342;4;22.50;((15624, 31250), (19530, 23436, 27342));
5;0.940093994140625;27342;7;23.48;((15624, 31250), (19530, 23436, 27342));
5;0.940109252929688;27342;9;25.21;((15624, 31250), (19530, 23436, 27342));
5;0.940116882324219;27342;5;22.74;((15624, 31250), (19530, 23436, 27342));
5;0.940113067626953;27342;8;22.72;((15624, 31250), (19530, 23436, 27342));
5;0.940114974975586;27342;5;21.74;((15624, 31250), (19530, 23436, 27342));
5;0.940114021301270;27342;8;22.13;((15624, 31250), (19530, 23436, 27342));
5;0.500000000000000;21483;11;12.46;((19530, 27342), (21483, 23436, 25389));
5;0.750000000000000;21483;11;18.03;((19530, 27342), (21483, 23436, 25389));
5;0.875000000000000;21483;11;21.09;((19530, 27342), (21483, 23436, 25389));
5;0.937500000000000;21483;11;22.73;((19530, 27342), (21483, 23436, 25389));
5;0.968750000000000;21483;0;9.86;((19530, 27342), (21483, 23436, 25389));
5;0.953125000000000;21483;0;11.02;((19530, 27342), (21483, 23436, 25389));
5;0.945312500000000;21483;8;23.30;((19530, 27342), (21483, 23436, 25389));
5;0.949218750000000;21483;4;21.87;((19530, 27342), (21483, 23436, 25389));
5;0.947265625000000;21483;10;22.63;((19530, 27342), (21483, 23436, 25389));
5;0.948242187500000;21483;6;22.07;((19530, 27342), (21483, 23436, 25389));
5;0.948730468750000;21483;3;22.85;((19530, 27342), (21483, 23436, 25389));
5;0.948486328125000;21483;7;22.16;((19530, 27342), (21483, 23436, 25389));
5;0.948608398437500;21483;7;22.26;((19530, 27342), (21483, 23436, 25389));
5;0.948669433593750;21483;3;21.68;((19530, 27342), (21483, 23436, 25389));
5;0.948638916015625;21483;6;22.10;((19530, 27342), (21483, 23436, 25389));
5;0.948654174804688;21483;4;22.19;((19530, 27342), (21483, 23436, 25389));
5;0.948646545410156;21483;6;22.06;((19530, 27342), (21483, 23436, 25389));
5;0.948650360107422;21483;3;22.07;((19530, 27342), (21483, 23436, 25389));
5;0.948648452758789;21483;5;21.88;((19530, 27342), (21483, 23436, 25389));
5;0.948647499084473;21483;7;22.17;((19530, 27342), (21483, 23436, 25389));
5;0.500000000000000;25389;11;12.46;((19530, 27342), (21483, 23436, 25389));
5;0.750000000000000;25389;11;18.07;((19530, 27342), (21483, 23436, 25389));
5;0.875000000000000;25389;11;20.96;((19530, 27342), (21483, 23436, 25389));
5;0.937500000000000;25389;11;22.38;((19530, 27342), (21483, 23436, 25389));
5;0.968750000000000;25389;0;9.61;((19530, 27342), (21483, 23436, 25389));
5;0.953125000000000;25389;0;11.78;((19530, 27342), (21483, 23436, 25389));
5;0.945312500000000;25389;11;22.46;((19530, 27342), (21483, 23436, 25389));
5;0.949218750000000;25389;3;21.90;((19530, 27342), (21483, 23436, 25389));
5;0.947265625000000;25389;4;21.86;((19530, 27342), (21483, 23436, 25389));
5;0.946289062500000;25389;5;21.90;((19530, 27342), (21483, 23436, 25389));
5;0.945800781250000;25389;7;22.12;((19530, 27342), (21483, 23436, 25389));
5;0.946044921875000;25389;9;22.38;((19530, 27342), (21483, 23436, 25389));
5;0.946166992187500;25389;8;22.13;((19530, 27342), (21483, 23436, 25389));
5;0.946228027343750;25389;7;22.24;((19530, 27342), (21483, 23436, 25389));
5;0.946258544921875;25389;6;22.03;((19530, 27342), (21483, 23436, 25389));
5;0.946273803710938;25389;9;22.43;((19530, 27342), (21483, 23436, 25389));
5;0.946281433105469;25389;5;21.92;((19530, 27342), (21483, 23436, 25389));
5;0.946277618408203;25389;6;21.97;((19530, 27342), (21483, 23436, 25389));
5;0.946279525756836;25389;6;21.95;((19530, 27342), (21483, 23436, 25389));
5;0.946280479431152;25389;5;22.02;((19530, 27342), (21483, 23436, 25389));
5;0.500000000000000;20506;11;12.82;((19530, 23436), (20506, 21482, 22458));
5;0.750000000000000;20506;11;18.11;((19530, 23436), (20506, 21482, 22458));
5;0.875000000000000;20506;11;20.98;((19530, 23436), (20506, 21482, 22458));
5;0.937500000000000;20506;11;22.46;((19530, 23436), (20506, 21482, 22458));
5;0.968750000000000;20506;0;9.46;((19530, 23436), (20506, 21482, 22458));
5;0.953125000000000;20506;0;12.72;((19530, 23436), (20506, 21482, 22458));
5;0.945312500000000;20506;9;22.44;((19530, 23436), (20506, 21482, 22458));
5;0.949218750000000;20506;0;15.05;((19530, 23436), (20506, 21482, 22458));
5;0.947265625000000;20506;5;21.99;((19530, 23436), (20506, 21482, 22458));
5;0.946289062500000;20506;9;22.33;((19530, 23436), (20506, 21482, 22458));
5;0.946777343750000;20506;7;22.07;((19530, 23436), (20506, 21482, 22458));
5;0.947021484375000;20506;9;22.43;((19530, 23436), (20506, 21482, 22458));
5;0.947143554687500;20506;7;22.06;((19530, 23436), (20506, 21482, 22458));
5;0.947204589843750;20506;9;22.43;((19530, 23436), (20506, 21482, 22458));
5;0.947235107421875;20506;7;22.19;((19530, 23436), (20506, 21482, 22458));
5;0.947250366210938;20506;7;22.13;((19530, 23436), (20506, 21482, 22458));
5;0.947257995605469;20506;10;22.98;((19530, 23436), (20506, 21482, 22458));
5;0.947261810302734;20506;8;22.20;((19530, 23436), (20506, 21482, 22458));
5;0.947263717651367;20506;7;22.16;((19530, 23436), (20506, 21482, 22458));
5;0.947264671325684;20506;9;22.43;((19530, 23436), (20506, 21482, 22458));
5;0.500000000000000;21482;11;12.44;((19530, 23436), (20506, 21482, 22458));
5;0.750000000000000;21482;11;18.14;((19530, 23436), (20506, 21482, 22458));
5;0.875000000000000;21482;11;21.03;((19530, 23436), (20506, 21482, 22458));
5;0.937500000000000;21482;11;22.31;((19530, 23436), (20506, 21482, 22458));
5;0.968750000000000;21482;0;9.53;((19530, 23436), (20506, 21482, 22458));
5;0.953125000000000;21482;0;11.09;((19530, 23436), (20506, 21482, 22458));
5;0.945312500000000;21482;2;21.49;((19530, 23436), (20506, 21482, 22458));
5;0.941406250000000;21482;8;22.50;((19530, 23436), (20506, 21482, 22458));
5;0.943359375000000;21482;4;21.72;((19530, 23436), (20506, 21482, 22458));
5;0.942382812500000;21482;5;21.87;((19530, 23436), (20506, 21482, 22458));
5;0.941894531250000;21482;8;22.06;((19530, 23436), (20506, 21482, 22458));
5;0.942138671875000;21482;4;21.60;((19530, 23436), (20506, 21482, 22458));
5;0.942016601562500;21482;6;21.92;((19530, 23436), (20506, 21482, 22458));
5;0.942077636718750;21482;6;21.90;((19530, 23436), (20506, 21482, 22458));
5;0.942108154296875;21482;7;21.90;((19530, 23436), (20506, 21482, 22458));
5;0.942123413085938;21482;4;21.92;((19530, 23436), (20506, 21482, 22458));
5;0.942115783691406;21482;6;22.06;((19530, 23436), (20506, 21482, 22458));
5;0.942119598388672;21482;6;21.84;((19530, 23436), (20506, 21482, 22458));
5;0.942121505737305;21482;9;22.33;((19530, 23436), (20506, 21482, 22458));
5;0.942122459411621;21482;6;22.09;((19530, 23436), (20506, 21482, 22458));
5;0.500000000000000;22458;11;12.44;((19530, 23436), (20506, 21482, 22458));
5;0.750000000000000;22458;11;18.11;((19530, 23436), (20506, 21482, 22458));
5;0.875000000000000;22458;11;20.98;((19530, 23436), (20506, 21482, 22458));
5;0.937500000000000;22458;11;22.39;((19530, 23436), (20506, 21482, 22458));
5;0.968750000000000;22458;0;9.54;((19530, 23436), (20506, 21482, 22458));
5;0.953125000000000;22458;0;12.30;((19530, 23436), (20506, 21482, 22458));
5;0.945312500000000;22458;9;23.15;((19530, 23436), (20506, 21482, 22458));
5;0.949218750000000;22458;3;21.62;((19530, 23436), (20506, 21482, 22458));
5;0.947265625000000;22458;8;22.19;((19530, 23436), (20506, 21482, 22458));
5;0.948242187500000;22458;1;21.46;((19530, 23436), (20506, 21482, 22458));
5;0.947753906250000;22458;4;21.89;((19530, 23436), (20506, 21482, 22458));
5;0.947509765625000;22458;5;21.93;((19530, 23436), (20506, 21482, 22458));
5;0.947387695312500;22458;10;22.52;((19530, 23436), (20506, 21482, 22458));
5;0.947448730468750;22458;5;22.82;((19530, 23436), (20506, 21482, 22458));
5;0.947418212890625;22458;3;21.87;((19530, 23436), (20506, 21482, 22458));
5;0.947402954101562;22458;5;21.86;((19530, 23436), (20506, 21482, 22458));
5;0.947395324707031;22458;5;22.11;((19530, 23436), (20506, 21482, 22458));
5;0.947391510009766;22458;6;21.99;((19530, 23436), (20506, 21482, 22458));
5;0.947393417358398;22458;6;22.68;((19530, 23436), (20506, 21482, 22458));
5;0.947394371032715;22458;7;22.18;((19530, 23436), (20506, 21482, 22458));
5;0.500000000000000;21970;11;12.49;((21482, 23436), (21970, 22458, 22946));
5;0.750000000000000;21970;11;18.12;((21482, 23436), (21970, 22458, 22946));
5;0.875000000000000;21970;11;20.97;((21482, 23436), (21970, 22458, 22946));
5;0.937500000000000;21970;11;22.59;((21482, 23436), (21970, 22458, 22946));
5;0.968750000000000;21970;0;9.39;((21482, 23436), (21970, 22458, 22946));
5;0.953125000000000;21970;0;10.61;((21482, 23436), (21970, 22458, 22946));
5;0.945312500000000;21970;0;14.04;((21482, 23436), (21970, 22458, 22946));
5;0.941406250000000;21970;6;22.21;((21482, 23436), (21970, 22458, 22946));
5;0.943359375000000;21970;5;21.85;((21482, 23436), (21970, 22458, 22946));
5;0.942382812500000;21970;5;22.55;((21482, 23436), (21970, 22458, 22946));
5;0.941894531250000;21970;7;22.28;((21482, 23436), (21970, 22458, 22946));
5;0.942138671875000;21970;3;21.67;((21482, 23436), (21970, 22458, 22946));
5;0.942016601562500;21970;6;21.97;((21482, 23436), (21970, 22458, 22946));
5;0.942077636718750;21970;8;22.16;((21482, 23436), (21970, 22458, 22946));
5;0.942108154296875;21970;8;22.30;((21482, 23436), (21970, 22458, 22946));
5;0.942123413085938;21970;6;21.84;((21482, 23436), (21970, 22458, 22946));
5;0.942131042480469;21970;3;21.68;((21482, 23436), (21970, 22458, 22946));
5;0.942127227783203;21970;5;21.71;((21482, 23436), (21970, 22458, 22946));
5;0.942125320434570;21970;4;21.85;((21482, 23436), (21970, 22458, 22946));
5;0.942124366760254;21970;8;22.07;((21482, 23436), (21970, 22458, 22946));
5;0.500000000000000;22946;11;12.48;((21482, 23436), (21970, 22458, 22946));
5;0.750000000000000;22946;11;18.08;((21482, 23436), (21970, 22458, 22946));
5;0.875000000000000;22946;11;20.98;((21482, 23436), (21970, 22458, 22946));
5;0.937500000000000;22946;11;22.72;((21482, 23436), (21970, 22458, 22946));
5;0.968750000000000;22946;0;9.44;((21482, 23436), (21970, 22458, 22946));
5;0.953125000000000;22946;0;12.62;((21482, 23436), (21970, 22458, 22946));
5;0.945312500000000;22946;10;22.31;((21482, 23436), (21970, 22458, 22946));
5;0.949218750000000;22946;2;21.68;((21482, 23436), (21970, 22458, 22946));
5;0.947265625000000;22946;10;22.45;((21482, 23436), (21970, 22458, 22946));
5;0.948242187500000;22946;3;21.85;((21482, 23436), (21970, 22458, 22946));
5;0.947753906250000;22946;3;22.09;((21482, 23436), (21970, 22458, 22946));
5;0.947509765625000;22946;5;21.93;((21482, 23436), (21970, 22458, 22946));
5;0.947387695312500;22946;8;22.18;((21482, 23436), (21970, 22458, 22946));
5;0.947448730468750;22946;6;22.32;((21482, 23436), (21970, 22458, 22946));
5;0.947479248046875;22946;6;22.05;((21482, 23436), (21970, 22458, 22946));
5;0.947494506835938;22946;7;22.12;((21482, 23436), (21970, 22458, 22946));
5;0.947502136230469;22946;8;22.14;((21482, 23436), (21970, 22458, 22946));
5;0.947505950927734;22946;4;21.89;((21482, 23436), (21970, 22458, 22946));
5;0.947504043579102;22946;8;22.52;((21482, 23436), (21970, 22458, 22946));
5;0.947504997253418;22946;4;21.91;((21482, 23436), (21970, 22458, 22946));
5;0.500000000000000;22702;11;12.48;((22458, 23436), (22702, 22946, 23190));
5;0.750000000000000;22702;11;19.15;((22458, 23436), (22702, 22946, 23190));
5;0.875000000000000;22702;11;21.45;((22458, 23436), (22702, 22946, 23190));
5;0.937500000000000;22702;11;22.39;((22458, 23436), (22702, 22946, 23190));
5;0.968750000000000;22702;0;9.44;((22458, 23436), (22702, 22946, 23190));
5;0.953125000000000;22702;0;10.15;((22458, 23436), (22702, 22946, 23190));
5;0.945312500000000;22702;1;21.45;((22458, 23436), (22702, 22946, 23190));
5;0.941406250000000;22702;8;22.05;((22458, 23436), (22702, 22946, 23190));
5;0.943359375000000;22702;4;21.91;((22458, 23436), (22702, 22946, 23190));
5;0.942382812500000;22702;6;22.31;((22458, 23436), (22702, 22946, 23190));
5;0.942871093750000;22702;2;21.62;((22458, 23436), (22702, 22946, 23190));
5;0.942626953125000;22702;4;21.91;((22458, 23436), (22702, 22946, 23190));
5;0.942504882812500;22702;2;21.37;((22458, 23436), (22702, 22946, 23190));
5;0.942443847656250;22702;4;21.70;((22458, 23436), (22702, 22946, 23190));
5;0.942413330078125;22702;5;22.49;((22458, 23436), (22702, 22946, 23190));
5;0.942398071289062;22702;3;21.64;((22458, 23436), (22702, 22946, 23190));
5;0.942390441894531;22702;5;22.21;((22458, 23436), (22702, 22946, 23190));
5;0.942386627197266;22702;7;22.08;((22458, 23436), (22702, 22946, 23190));
5;0.942388534545898;22702;3;21.58;((22458, 23436), (22702, 22946, 23190));
5;0.942387580871582;22702;4;21.68;((22458, 23436), (22702, 22946, 23190));
5;0.500000000000000;23190;11;12.48;((22458, 23436), (22702, 22946, 23190));
5;0.750000000000000;23190;11;18.16;((22458, 23436), (22702, 22946, 23190));
5;0.875000000000000;23190;11;21.06;((22458, 23436), (22702, 22946, 23190));
5;0.937500000000000;23190;9;22.13;((22458, 23436), (22702, 22946, 23190));
5;0.968750000000000;23190;0;9.96;((22458, 23436), (22702, 22946, 23190));
5;0.953125000000000;23190;0;10.94;((22458, 23436), (22702, 22946, 23190));
5;0.945312500000000;23190;0;14.89;((22458, 23436), (22702, 22946, 23190));
5;0.941406250000000;23190;5;22.07;((22458, 23436), (22702, 22946, 23190));
5;0.939453125000000;23190;10;22.30;((22458, 23436), (22702, 22946, 23190));
5;0.940429687500000;23190;9;22.29;((22458, 23436), (22702, 22946, 23190));
5;0.940917968750000;23190;9;22.40;((22458, 23436), (22702, 22946, 23190));
5;0.941162109375000;23190;7;22.01;((22458, 23436), (22702, 22946, 23190));
5;0.941284179687500;23190;5;21.73;((22458, 23436), (22702, 22946, 23190));
5;0.941223144531250;23190;7;22.12;((22458, 23436), (22702, 22946, 23190));
5;0.941253662109375;23190;7;23.07;((22458, 23436), (22702, 22946, 23190));
5;0.941268920898438;23190;9;22.90;((22458, 23436), (22702, 22946, 23190));
5;0.941276550292969;23190;4;22.14;((22458, 23436), (22702, 22946, 23190));
5;0.941272735595703;23190;6;21.98;((22458, 23436), (22702, 22946, 23190));
5;0.941274642944336;23190;10;22.39;((22458, 23436), (22702, 22946, 23190));
5;0.941275596618652;23190;9;22.21;((22458, 23436), (22702, 22946, 23190));
5;0.500000000000000;22824;11;12.51;((22702, 23190), (22824, 22946, 23068));
5;0.750000000000000;22824;11;18.08;((22702, 23190), (22824, 22946, 23068));
5;0.875000000000000;22824;11;20.99;((22702, 23190), (22824, 22946, 23068));
5;0.937500000000000;22824;11;22.55;((22702, 23190), (22824, 22946, 23068));
5;0.968750000000000;22824;0;9.44;((22702, 23190), (22824, 22946, 23068));
5;0.953125000000000;22824;0;10.51;((22702, 23190), (22824, 22946, 23068));
5;0.945312500000000;22824;1;21.41;((22702, 23190), (22824, 22946, 23068));
5;0.941406250000000;22824;8;22.01;((22702, 23190), (22824, 22946, 23068));
5;0.943359375000000;22824;4;21.99;((22702, 23190), (22824, 22946, 23068));
5;0.942382812500000;22824;5;21.90;((22702, 23190), (22824, 22946, 23068));
5;0.941894531250000;22824;4;22.02;((22702, 23190), (22824, 22946, 23068));
5;0.941650390625000;22824;8;22.12;((22702, 23190), (22824, 22946, 23068));
5;0.941772460937500;22824;8;22.16;((22702, 23190), (22824, 22946, 23068));
5;0.941833496093750;22824;6;21.95;((22702, 23190), (22824, 22946, 23068));
5;0.941864013671875;22824;5;21.84;((22702, 23190), (22824, 22946, 23068));
5;0.941848754882812;22824;7;22.01;((22702, 23190), (22824, 22946, 23068));
5;0.941856384277344;22824;9;22.25;((22702, 23190), (22824, 22946, 23068));
5;0.941860198974609;22824;7;22.05;((22702, 23190), (22824, 22946, 23068));
5;0.941862106323242;22824;8;22.11;((22702, 23190), (22824, 22946, 23068));
5;0.941863059997559;22824;9;23.44;((22702, 23190), (22824, 22946, 23068));
5;0.500000000000000;23068;11;12.47;((22702, 23190), (22824, 22946, 23068));
5;0.750000000000000;23068;11;18.27;((22702, 23190), (22824, 22946, 23068));
5;0.875000000000000;23068;11;21.05;((22702, 23190), (22824, 22946, 23068));
5;0.937500000000000;23068;11;22.45;((22702, 23190), (22824, 22946, 23068));
5;0.968750000000000;23068;0;9.37;((22702, 23190), (22824, 22946, 23068));
5;0.953125000000000;23068;0;11.12;((22702, 23190), (22824, 22946, 23068));
5;0.945312500000000;23068;9;22.32;((22702, 23190), (22824, 22946, 23068));
5;0.949218750000000;23068;1;21.58;((22702, 23190), (22824, 22946, 23068));
5;0.947265625000000;23068;4;21.84;((22702, 23190), (22824, 22946, 23068));
5;0.946289062500000;23068;9;22.32;((22702, 23190), (22824, 22946, 23068));
5;0.946777343750000;23068;6;22.08;((22702, 23190), (22824, 22946, 23068));
5;0.947021484375000;23068;6;22.17;((22702, 23190), (22824, 22946, 23068));
5;0.947143554687500;23068;5;21.92;((22702, 23190), (22824, 22946, 23068));
5;0.947082519531250;23068;8;22.31;((22702, 23190), (22824, 22946, 23068));
5;0.947113037109375;23068;7;22.23;((22702, 23190), (22824, 22946, 23068));
5;0.947128295898438;23068;3;21.75;((22702, 23190), (22824, 22946, 23068));
5;0.947120666503906;23068;7;22.53;((22702, 23190), (22824, 22946, 23068));
5;0.947124481201172;23068;7;22.19;((22702, 23190), (22824, 22946, 23068));
5;0.947126388549805;23068;5;21.96;((22702, 23190), (22824, 22946, 23068));
5;0.947125434875488;23068;5;21.94;((22702, 23190), (22824, 22946, 23068));
5;0.500000000000000;22885;11;12.55;((22824, 23068), (22885, 22946, 23007));
5;0.750000000000000;22885;11;18.08;((22824, 23068), (22885, 22946, 23007));
5;0.875000000000000;22885;11;21.02;((22824, 23068), (22885, 22946, 23007));
5;0.937500000000000;22885;11;22.51;((22824, 23068), (22885, 22946, 23007));
5;0.968750000000000;22885;0;9.42;((22824, 23068), (22885, 22946, 23007));
5;0.953125000000000;22885;0;11.45;((22824, 23068), (22885, 22946, 23007));
5;0.945312500000000;22885;9;22.35;((22824, 23068), (22885, 22946, 23007));
5;0.949218750000000;22885;3;21.62;((22824, 23068), (22885, 22946, 23007));
5;0.947265625000000;22885;1;21.44;((22824, 23068), (22885, 22946, 23007));
5;0.946289062500000;22885;8;22.14;((22824, 23068), (22885, 22946, 23007));
5;0.946777343750000;22885;9;22.32;((22824, 23068), (22885, 22946, 23007));
5;0.947021484375000;22885;9;22.48;((22824, 23068), (22885, 22946, 23007));
5;0.947143554687500;22885;7;22.13;((22824, 23068), (22885, 22946, 23007));
5;0.947204589843750;22885;8;22.21;((22824, 23068), (22885, 22946, 23007));
5;0.947235107421875;22885;5;22.13;((22824, 23068), (22885, 22946, 23007));
5;0.947219848632812;22885;7;22.22;((22824, 23068), (22885, 22946, 23007));
5;0.947227478027344;22885;5;21.92;((22824, 23068), (22885, 22946, 23007));
5;0.947223663330078;22885;5;21.95;((22824, 23068), (22885, 22946, 23007));
5;0.947221755981445;22885;3;21.75;((22824, 23068), (22885, 22946, 23007));
5;0.947220802307129;22885;2;21.61;((22824, 23068), (22885, 22946, 23007));
5;0.500000000000000;23007;11;12.39;((22824, 23068), (22885, 22946, 23007));
5;0.750000000000000;23007;11;18.15;((22824, 23068), (22885, 22946, 23007));
5;0.875000000000000;23007;11;21.03;((22824, 23068), (22885, 22946, 23007));
5;0.937500000000000;23007;11;22.44;((22824, 23068), (22885, 22946, 23007));
5;0.968750000000000;23007;0;9.44;((22824, 23068), (22885, 22946, 23007));
5;0.953125000000000;23007;0;11.30;((22824, 23068), (22885, 22946, 23007));
5;0.945312500000000;23007;9;22.36;((22824, 23068), (22885, 22946, 23007));
5;0.949218750000000;23007;0;15.10;((22824, 23068), (22885, 22946, 23007));
5;0.947265625000000;23007;5;21.93;((22824, 23068), (22885, 22946, 23007));
5;0.946289062500000;23007;8;22.16;((22824, 23068), (22885, 22946, 23007));
5;0.946777343750000;23007;5;22.03;((22824, 23068), (22885, 22946, 23007));
5;0.946533203125000;23007;6;22.16;((22824, 23068), (22885, 22946, 23007));
5;0.946655273437500;23007;8;22.20;((22824, 23068), (22885, 22946, 23007));
5;0.946716308593750;23007;8;22.22;((22824, 23068), (22885, 22946, 23007));
5;0.946746826171875;23007;8;22.26;((22824, 23068), (22885, 22946, 23007));
5;0.946762084960938;23007;6;22.10;((22824, 23068), (22885, 22946, 23007));
5;0.946769714355469;23007;6;22.69;((22824, 23068), (22885, 22946, 23007));
5;0.946773529052734;23007;7;22.15;((22824, 23068), (22885, 22946, 23007));
5;0.946775436401367;23007;9;23.28;((22824, 23068), (22885, 22946, 23007));
5;0.946776390075684;23007;8;22.20;((22824, 23068), (22885, 22946, 23007));
5;0.500000000000000;22915;11;12.43;((22885, 23007), (22915, 22945, 22975));
5;0.750000000000000;22915;11;18.10;((22885, 23007), (22915, 22945, 22975));
5;0.875000000000000;22915;11;21.04;((22885, 23007), (22915, 22945, 22975));
5;0.937500000000000;22915;11;22.69;((22885, 23007), (22915, 22945, 22975));
5;0.968750000000000;22915;0;9.26;((22885, 23007), (22915, 22945, 22975));
5;0.953125000000000;22915;0;12.64;((22885, 23007), (22915, 22945, 22975));
5;0.945312500000000;22915;9;22.26;((22885, 23007), (22915, 22945, 22975));
5;0.949218750000000;22915;2;21.58;((22885, 23007), (22915, 22945, 22975));
5;0.947265625000000;22915;2;21.57;((22885, 23007), (22915, 22945, 22975));
5;0.946289062500000;22915;8;22.13;((22885, 23007), (22915, 22945, 22975));
5;0.946777343750000;22915;8;22.61;((22885, 23007), (22915, 22945, 22975));
5;0.947021484375000;22915;5;21.77;((22885, 23007), (22915, 22945, 22975));
5;0.946899414062500;22915;9;22.34;((22885, 23007), (22915, 22945, 22975));
5;0.946960449218750;22915;6;21.97;((22885, 23007), (22915, 22945, 22975));
5;0.946990966796875;22915;5;21.98;((22885, 23007), (22915, 22945, 22975));
5;0.946975708007812;22915;4;21.90;((22885, 23007), (22915, 22945, 22975));
5;0.946968078613281;22915;7;22.02;((22885, 23007), (22915, 22945, 22975));
5;0.946971893310547;22915;6;22.03;((22885, 23007), (22915, 22945, 22975));
5;0.946973800659180;22915;5;21.86;((22885, 23007), (22915, 22945, 22975));
5;0.946972846984863;22915;8;22.12;((22885, 23007), (22915, 22945, 22975));
5;0.500000000000000;22945;11;12.88;((22885, 23007), (22915, 22945, 22975));
5;0.750000000000000;22945;11;18.72;((22885, 23007), (22915, 22945, 22975));
5;0.875000000000000;22945;11;20.90;((22885, 23007), (22915, 22945, 22975));
5;0.937500000000000;22945;11;22.68;((22885, 23007), (22915, 22945, 22975));
5;0.968750000000000;22945;0;9.36;((22885, 23007), (22915, 22945, 22975));
5;0.953125000000000;22945;0;12.87;((22885, 23007), (22915, 22945, 22975));
5;0.945312500000000;22945;9;22.26;((22885, 23007), (22915, 22945, 22975));
5;0.949218750000000;22945;2;21.61;((22885, 23007), (22915, 22945, 22975));
5;0.947265625000000;22945;5;21.90;((22885, 23007), (22915, 22945, 22975));
5;0.946289062500000;22945;10;22.48;((22885, 23007), (22915, 22945, 22975));
5;0.946777343750000;22945;8;22.11;((22885, 23007), (22915, 22945, 22975));
5;0.947021484375000;22945;5;21.87;((22885, 23007), (22915, 22945, 22975));
5;0.946899414062500;22945;6;22.01;((22885, 23007), (22915, 22945, 22975));
5;0.946960449218750;22945;9;22.26;((22885, 23007), (22915, 22945, 22975));
5;0.946990966796875;22945;7;22.26;((22885, 23007), (22915, 22945, 22975));
5;0.947006225585938;22945;4;21.91;((22885, 23007), (22915, 22945, 22975));
5;0.946998596191406;22945;9;22.39;((22885, 23007), (22915, 22945, 22975));
5;0.947002410888672;22945;4;21.85;((22885, 23007), (22915, 22945, 22975));
5;0.947000503540039;22945;6;22.01;((22885, 23007), (22915, 22945, 22975));
5;0.947001457214355;22945;8;22.22;((22885, 23007), (22915, 22945, 22975));
5;0.500000000000000;22975;11;12.48;((22885, 23007), (22915, 22945, 22975));
5;0.750000000000000;22975;11;18.25;((22885, 23007), (22915, 22945, 22975));
5;0.875000000000000;22975;11;20.86;((22885, 23007), (22915, 22945, 22975));
5;0.937500000000000;22975;11;22.39;((22885, 23007), (22915, 22945, 22975));
5;0.968750000000000;22975;0;9.46;((22885, 23007), (22915, 22945, 22975));
5;0.953125000000000;22975;0;12.24;((22885, 23007), (22915, 22945, 22975));
5;0.945312500000000;22975;9;22.53;((22885, 23007), (22915, 22945, 22975));
5;0.949218750000000;22975;2;21.51;((22885, 23007), (22915, 22945, 22975));
5;0.947265625000000;22975;4;21.85;((22885, 23007), (22915, 22945, 22975));
5;0.946289062500000;22975;7;22.66;((22885, 23007), (22915, 22945, 22975));
5;0.946777343750000;22975;8;22.22;((22885, 23007), (22915, 22945, 22975));
5;0.947021484375000;22975;7;22.19;((22885, 23007), (22915, 22945, 22975));
5;0.947143554687500;22975;9;23.13;((22885, 23007), (22915, 22945, 22975));
5;0.947204589843750;22975;4;21.74;((22885, 23007), (22915, 22945, 22975));
5;0.947174072265625;22975;6;22.07;((22885, 23007), (22915, 22945, 22975));
5;0.947189331054688;22975;8;22.08;((22885, 23007), (22915, 22945, 22975));
5;0.947196960449219;22975;6;22.02;((22885, 23007), (22915, 22945, 22975));
5;0.947200775146484;22975;8;22.46;((22885, 23007), (22915, 22945, 22975));
5;0.947202682495117;22975;6;22.10;((22885, 23007), (22915, 22945, 22975));
5;0.947203636169434;22975;4;22.04;((22885, 23007), (22915, 22945, 22975));
5;0.500000000000000;22960;11;12.73;((22945, 23007), (22960, 22975, 22990));
5;0.750000000000000;22960;11;18.11;((22945, 23007), (22960, 22975, 22990));
5;0.875000000000000;22960;11;20.93;((22945, 23007), (22960, 22975, 22990));
5;0.937500000000000;22960;11;27.10;((22945, 23007), (22960, 22975, 22990));
5;0.968750000000000;22960;0;9.37;((22945, 23007), (22960, 22975, 22990));
5;0.953125000000000;22960;0;10.13;((22945, 23007), (22960, 22975, 22990));
5;0.945312500000000;22960;1;21.22;((22945, 23007), (22960, 22975, 22990));
5;0.941406250000000;22960;8;22.02;((22945, 23007), (22960, 22975, 22990));
5;0.943359375000000;22960;4;21.73;((22945, 23007), (22960, 22975, 22990));
5;0.942382812500000;22960;7;21.94;((22945, 23007), (22960, 22975, 22990));
5;0.942871093750000;22960;5;21.76;((22945, 23007), (22960, 22975, 22990));
5;0.942626953125000;22960;4;21.78;((22945, 23007), (22960, 22975, 22990));
5;0.942504882812500;22960;0;15.41;((22945, 23007), (22960, 22975, 22990));
5;0.942443847656250;22960;4;21.76;((22945, 23007), (22960, 22975, 22990));
5;0.942413330078125;22960;4;22.20;((22945, 23007), (22960, 22975, 22990));
5;0.942398071289062;22960;7;22.17;((22945, 23007), (22960, 22975, 22990));
5;0.942405700683594;22960;2;21.53;((22945, 23007), (22960, 22975, 22990));
5;0.942401885986328;22960;3;21.52;((22945, 23007), (22960, 22975, 22990));
5;0.942399978637695;22960;3;21.53;((22945, 23007), (22960, 22975, 22990));
5;0.942399024963379;22960;6;21.98;((22945, 23007), (22960, 22975, 22990));
5;0.500000000000000;22990;11;12.73;((22945, 23007), (22960, 22975, 22990));
5;0.750000000000000;22990;11;18.18;((22945, 23007), (22960, 22975, 22990));
5;0.875000000000000;22990;11;21.00;((22945, 23007), (22960, 22975, 22990));
5;0.937500000000000;22990;11;23.25;((22945, 23007), (22960, 22975, 22990));
5;0.968750000000000;22990;0;9.37;((22945, 23007), (22960, 22975, 22990));
5;0.953125000000000;22990;0;10.33;((22945, 23007), (22960, 22975, 22990));
5;0.945312500000000;22990;1;21.18;((22945, 23007), (22960, 22975, 22990));
5;0.941406250000000;22990;8;21.99;((22945, 23007), (22960, 22975, 22990));
5;0.943359375000000;22990;4;21.78;((22945, 23007), (22960, 22975, 22990));
5;0.942382812500000;22990;6;21.91;((22945, 23007), (22960, 22975, 22990));
5;0.942871093750000;22990;3;21.53;((22945, 23007), (22960, 22975, 22990));
5;0.942626953125000;22990;6;21.85;((22945, 23007), (22960, 22975, 22990));
5;0.942749023437500;22990;4;21.72;((22945, 23007), (22960, 22975, 22990));
5;0.942687988281250;22990;4;21.97;((22945, 23007), (22960, 22975, 22990));
5;0.942657470703125;22990;1;21.25;((22945, 23007), (22960, 22975, 22990));
5;0.942642211914062;22990;2;21.38;((22945, 23007), (22960, 22975, 22990));
5;0.942634582519531;22990;10;22.36;((22945, 23007), (22960, 22975, 22990));
5;0.942638397216797;22990;3;21.53;((22945, 23007), (22960, 22975, 22990));
5;0.942636489868164;22990;4;21.87;((22945, 23007), (22960, 22975, 22990));
5;0.942635536193848;22990;6;22.44;((22945, 23007), (22960, 22975, 22990));
