6;0.500000000000000;250000;11;14.49;((0, 1000000), (250000, 500000, 750000));
6;0.750000000000000;250000;0;10.50;((0, 1000000), (250000, 500000, 750000));
6;0.625000000000000;250000;11;17.93;((0, 1000000), (250000, 500000, 750000));
6;0.687500000000000;250000;11;24.54;((0, 1000000), (250000, 500000, 750000));
6;0.718750000000000;250000;11;20.70;((0, 1000000), (250000, 500000, 750000));
6;0.734375000000000;250000;11;21.11;((0, 1000000), (250000, 500000, 750000));
6;0.742187500000000;250000;11;21.16;((0, 1000000), (250000, 500000, 750000));
6;0.746093750000000;250000;6;20.72;((0, 1000000), (250000, 500000, 750000));
6;0.748046875000000;250000;0;11.26;((0, 1000000), (250000, 500000, 750000));
6;0.747070312500000;250000;0;11.19;((0, 1000000), (250000, 500000, 750000));
6;0.746582031250000;250000;2;20.08;((0, 1000000), (250000, 500000, 750000));
6;0.746337890625000;250000;2;20.03;((0, 1000000), (250000, 500000, 750000));
6;0.746215820312500;250000;2;19.96;((0, 1000000), (250000, 500000, 750000));
6;0.746154785156250;250000;2;19.98;((0, 1000000), (250000, 500000, 750000));
6;0.746124267578125;250000;4;20.42;((0, 1000000), (250000, 500000, 750000));
6;0.746109008789062;250000;3;20.23;((0, 1000000), (250000, 500000, 750000));
6;0.746101379394531;250000;4;20.33;((0, 1000000), (250000, 500000, 750000));
6;0.746097564697266;250000;1;20.15;((0, 1000000), (250000, 500000, 750000));
6;0.746095657348633;250000;3;20.10;((0, 1000000), (250000, 500000, 750000));
6;0.746094703674316;250000;4;20.52;((0, 1000000), (250000, 500000, 750000));
6;0.500000000000000;500000;11;14.53;((0, 1000000), (250000, 500000, 750000));
6;0.750000000000000;500000;0;9.38;((0, 1000000), (250000, 500000, 750000));
6;0.625000000000000;500000;0;9.09;((0, 1000000), (250000, 500000, 750000));
6;0.562500000000000;500000;11;16.25;((0, 1000000), (250000, 500000, 750000));
6;0.593750000000000;500000;11;17.12;((0, 1000000), (250000, 500000, 750000));
6;0.609375000000000;500000;0;9.37;((0, 1000000), (250000, 500000, 750000));
6;0.601562500000000;500000;11;17.36;((0, 1000000), (250000, 500000, 750000));
6;0.605468750000000;500000;11;17.47;((0, 1000000), (250000, 500000, 750000));
6;0.607421875000000;500000;0;9.44;((0, 1000000), (250000, 500000, 750000));
6;0.606445312500000;500000;0;9.49;((0, 1000000), (250000, 500000, 750000));
6;0.605957031250000;500000;5;17.01;((0, 1000000), (250000, 500000, 750000));
6;0.605712890625000;500000;9;17.23;((0, 1000000), (250000, 500000, 750000));
6;0.605834960937500;500000;6;17.09;((0, 1000000), (250000, 500000, 750000));
6;0.605895996093750;500000;9;17.20;((0, 1000000), (250000, 500000, 750000));
6;0.605926513671875;500000;7;17.26;((0, 1000000), (250000, 500000, 750000));
6;0.605941772460938;500000;8;17.27;((0, 1000000), (250000, 500000, 750000));
6;0.605949401855469;500000;7;17.33;((0, 1000000), (250000, 500000, 750000));
6;0.605953216552734;500000;6;17.06;((0, 1000000), (250000, 500000, 750000));
6;0.605955123901367;500000;8;17.16;((0, 1000000), (250000, 500000, 750000));
6;0.605956077575684;500000;9;17.29;((0, 1000000), (250000, 500000, 750000));
6;0.500000000000000;750000;11;14.61;((0, 1000000), (250000, 500000, 750000));
6;0.750000000000000;750000;0;8.82;((0, 1000000), (250000, 500000, 750000));
6;0.625000000000000;750000;0;8.28;((0, 1000000), (250000, 500000, 750000));
6;0.562500000000000;750000;11;17.11;((0, 1000000), (250000, 500000, 750000));
6;0.593750000000000;750000;0;8.32;((0, 1000000), (250000, 500000, 750000));
6;0.578125000000000;750000;0;8.78;((0, 1000000), (250000, 500000, 750000));
6;0.570312500000000;750000;11;16.54;((0, 1000000), (250000, 500000, 750000));
6;0.574218750000000;750000;11;18.61;((0, 1000000), (250000, 500000, 750000));
6;0.576171875000000;750000;10;16.74;((0, 1000000), (250000, 500000, 750000));
6;0.577148437500000;750000;5;16.13;((0, 1000000), (250000, 500000, 750000));
6;0.576660156250000;750000;10;16.47;((0, 1000000), (250000, 500000, 750000));
6;0.576904296875000;750000;6;16.33;((0, 1000000), (250000, 500000, 750000));
6;0.577026367187500;750000;7;16.36;((0, 1000000), (250000, 500000, 750000));
6;0.577087402343750;750000;5;16.15;((0, 1000000), (250000, 500000, 750000));
6;0.577056884765625;750000;4;16.14;((0, 1000000), (250000, 500000, 750000));
6;0.577041625976562;750000;5;16.34;((0, 1000000), (250000, 500000, 750000));
6;0.577033996582031;750000;6;16.39;((0, 1000000), (250000, 500000, 750000));
6;0.577037811279297;750000;6;16.33;((0, 1000000), (250000, 500000, 750000));
6;0.577039718627930;750000;5;16.25;((0, 1000000), (250000, 500000, 750000));
6;0.577038764953613;750000;5;16.31;((0, 1000000), (250000, 500000, 750000));
6;0.500000000000000;125000;11;14.42;((0, 500000), (125000, 250000, 375000));
6;0.750000000000000;125000;11;21.14;((0, 500000), (125000, 250000, 375000));
6;0.875000000000000;125000;0;10.48;((0, 500000), (125000, 250000, 375000));
6;0.812500000000000;125000;11;22.95;((0, 500000), (125000, 250000, 375000));
6;0.843750000000000;125000;11;23.64;((0, 500000), (125000, 250000, 375000));
6;0.859375000000000;125000;11;24.21;((0, 500000), (125000, 250000, 375000));
6;0.867187500000000;125000;3;23.72;((0, 500000), (125000, 250000, 375000));
6;0.863281250000000;125000;11;24.21;((0, 500000), (125000, 250000, 375000));
6;0.865234375000000;125000;10;24.34;((0, 500000), (125000, 250000, 375000));
6;0.866210937500000;125000;8;24.07;((0, 500000), (125000, 250000, 375000));
6;0.866699218750000;125000;5;23.60;((0, 500000), (125000, 250000, 375000));
6;0.866455078125000;125000;8;24.04;((0, 500000), (125000, 250000, 375000));
6;0.866577148437500;125000;2;23.13;((0, 500000), (125000, 250000, 375000));
6;0.866516113281250;125000;7;24.37;((0, 500000), (125000, 250000, 375000));
6;0.866546630859375;125000;6;23.77;((0, 500000), (125000, 250000, 375000));
6;0.866561889648438;125000;6;23.71;((0, 500000), (125000, 250000, 375000));
6;0.866569519042969;125000;2;23.07;((0, 500000), (125000, 250000, 375000));
6;0.866565704345703;125000;5;23.69;((0, 500000), (125000, 250000, 375000));
6;0.866563796997070;125000;5;23.54;((0, 500000), (125000, 250000, 375000));
6;0.866562843322754;125000;5;23.52;((0, 500000), (125000, 250000, 375000));
6;0.500000000000000;375000;11;14.57;((0, 500000), (125000, 250000, 375000));
6;0.750000000000000;375000;0;9.60;((0, 500000), (125000, 250000, 375000));
6;0.625000000000000;375000;11;18.05;((0, 500000), (125000, 250000, 375000));
6;0.687500000000000;375000;0;9.38;((0, 500000), (125000, 250000, 375000));
6;0.656250000000000;375000;0;9.67;((0, 500000), (125000, 250000, 375000));
6;0.640625000000000;375000;0;9.99;((0, 500000), (125000, 250000, 375000));
6;0.632812500000000;375000;11;18.16;((0, 500000), (125000, 250000, 375000));
6;0.636718750000000;375000;11;18.66;((0, 500000), (125000, 250000, 375000));
6;0.638671875000000;375000;7;17.99;((0, 500000), (125000, 250000, 375000));
6;0.639648437500000;375000;0;10.16;((0, 500000), (125000, 250000, 375000));
6;0.639160156250000;375000;2;17.40;((0, 500000), (125000, 250000, 375000));
6;0.638916015625000;375000;4;17.72;((0, 500000), (125000, 250000, 375000));
6;0.638793945312500;375000;4;17.71;((0, 500000), (125000, 250000, 375000));
6;0.638732910156250;375000;4;17.67;((0, 500000), (125000, 250000, 375000));
6;0.638702392578125;375000;6;18.32;((0, 500000), (125000, 250000, 375000));
6;0.638717651367188;375000;4;17.86;((0, 500000), (125000, 250000, 375000));
6;0.638710021972656;375000;7;18.04;((0, 500000), (125000, 250000, 375000));
6;0.638713836669922;375000;5;17.77;((0, 500000), (125000, 250000, 375000));
6;0.638711929321289;375000;5;17.81;((0, 500000), (125000, 250000, 375000));
6;0.638710975646973;375000;7;18.10;((0, 500000), (125000, 250000, 375000));
6;0.500000000000000;62500;11;14.35;((0, 250000), (62500, 125000, 187500));
6;0.750000000000000;62500;11;20.94;((0, 250000), (62500, 125000, 187500));
6;0.875000000000000;62500;11;24.46;((0, 250000), (62500, 125000, 187500));
6;0.937500000000000;62500;0;10.38;((0, 250000), (62500, 125000, 187500));
6;0.906250000000000;62500;11;25.25;((0, 250000), (62500, 125000, 187500));
6;0.921875000000000;62500;4;24.79;((0, 250000), (62500, 125000, 187500));
6;0.914062500000000;62500;11;25.46;((0, 250000), (62500, 125000, 187500));
6;0.917968750000000;62500;11;25.45;((0, 250000), (62500, 125000, 187500));
6;0.919921875000000;62500;8;25.79;((0, 250000), (62500, 125000, 187500));
6;0.920898437500000;62500;2;24.48;((0, 250000), (62500, 125000, 187500));
6;0.920410156250000;62500;5;24.79;((0, 250000), (62500, 125000, 187500));
6;0.920166015625000;62500;6;24.91;((0, 250000), (62500, 125000, 187500));
6;0.920288085937500;62500;7;25.06;((0, 250000), (62500, 125000, 187500));
6;0.920349121093750;62500;4;24.77;((0, 250000), (62500, 125000, 187500));
6;0.920318603515625;62500;4;24.90;((0, 250000), (62500, 125000, 187500));
6;0.920303344726562;62500;5;25.05;((0, 250000), (62500, 125000, 187500));
6;0.920295715332031;62500;8;25.36;((0, 250000), (62500, 125000, 187500));
6;0.920299530029297;62500;8;25.07;((0, 250000), (62500, 125000, 187500));
6;0.920301437377930;62500;6;24.95;((0, 250000), (62500, 125000, 187500));
6;0.920302391052246;62500;8;24.96;((0, 250000), (62500, 125000, 187500));
6;0.500000000000000;187500;11;14.57;((0, 250000), (62500, 125000, 187500));
6;0.750000000000000;187500;11;21.23;((0, 250000), (62500, 125000, 187500));
6;0.875000000000000;187500;0;10.19;((0, 250000), (62500, 125000, 187500));
6;0.812500000000000;187500;0;10.91;((0, 250000), (62500, 125000, 187500));
6;0.781250000000000;187500;11;22.44;((0, 250000), (62500, 125000, 187500));
6;0.796875000000000;187500;11;23.47;((0, 250000), (62500, 125000, 187500));
6;0.804687500000000;187500;6;22.31;((0, 250000), (62500, 125000, 187500));
6;0.808593750000000;187500;0;11.77;((0, 250000), (62500, 125000, 187500));
6;0.806640625000000;187500;0;12.82;((0, 250000), (62500, 125000, 187500));
6;0.805664062500000;187500;3;21.76;((0, 250000), (62500, 125000, 187500));
6;0.805175781250000;187500;6;22.28;((0, 250000), (62500, 125000, 187500));
6;0.805419921875000;187500;5;22.06;((0, 250000), (62500, 125000, 187500));
6;0.805297851562500;187500;5;22.10;((0, 250000), (62500, 125000, 187500));
6;0.805236816406250;187500;6;22.15;((0, 250000), (62500, 125000, 187500));
6;0.805267333984375;187500;5;22.10;((0, 250000), (62500, 125000, 187500));
6;0.805252075195312;187500;8;22.58;((0, 250000), (62500, 125000, 187500));
6;0.805259704589844;187500;6;22.17;((0, 250000), (62500, 125000, 187500));
6;0.805263519287109;187500;4;22.07;((0, 250000), (62500, 125000, 187500));
6;0.805261611938477;187500;8;22.61;((0, 250000), (62500, 125000, 187500));
6;0.805262565612793;187500;6;22.26;((0, 250000), (62500, 125000, 187500));
6;0.500000000000000;31250;11;14.19;((0, 125000), (31250, 62500, 93750));
6;0.750000000000000;31250;11;21.02;((0, 125000), (31250, 62500, 93750));
6;0.875000000000000;31250;11;24.10;((0, 125000), (31250, 62500, 93750));
6;0.937500000000000;31250;11;26.08;((0, 125000), (31250, 62500, 93750));
6;0.968750000000000;31250;0;10.39;((0, 125000), (31250, 62500, 93750));
6;0.953125000000000;31250;0;11.63;((0, 125000), (31250, 62500, 93750));
6;0.945312500000000;31250;3;24.98;((0, 125000), (31250, 62500, 93750));
6;0.941406250000000;31250;8;25.65;((0, 125000), (31250, 62500, 93750));
6;0.943359375000000;31250;6;25.25;((0, 125000), (31250, 62500, 93750));
6;0.944335937500000;31250;5;25.43;((0, 125000), (31250, 62500, 93750));
6;0.943847656250000;31250;7;25.55;((0, 125000), (31250, 62500, 93750));
6;0.944091796875000;31250;2;24.60;((0, 125000), (31250, 62500, 93750));
6;0.943969726562500;31250;3;24.81;((0, 125000), (31250, 62500, 93750));
6;0.943908691406250;31250;7;25.29;((0, 125000), (31250, 62500, 93750));
6;0.943939208984375;31250;6;25.24;((0, 125000), (31250, 62500, 93750));
6;0.943954467773438;31250;6;25.28;((0, 125000), (31250, 62500, 93750));
6;0.943962097167969;31250;4;25.20;((0, 125000), (31250, 62500, 93750));
6;0.943958282470703;31250;4;25.20;((0, 125000), (31250, 62500, 93750));
6;0.943956375122070;31250;5;24.98;((0, 125000), (31250, 62500, 93750));
6;0.943955421447754;31250;2;24.70;((0, 125000), (31250, 62500, 93750));
6;0.500000000000000;93750;11;14.34;((0, 125000), (31250, 62500, 93750));
6;0.750000000000000;93750;11;21.12;((0, 125000), (31250, 62500, 93750));
6;0.875000000000000;93750;11;25.42;((0, 125000), (31250, 62500, 93750));
6;0.937500000000000;93750;0;10.34;((0, 125000), (31250, 62500, 93750));
6;0.906250000000000;93750;0;10.75;((0, 125000), (31250, 62500, 93750));
6;0.890625000000000;93750;11;26.07;((0, 125000), (31250, 62500, 93750));
6;0.898437500000000;93750;0;14.28;((0, 125000), (31250, 62500, 93750));
6;0.894531250000000;93750;10;24.90;((0, 125000), (31250, 62500, 93750));
6;0.896484375000000;93750;2;25.12;((0, 125000), (31250, 62500, 93750));
6;0.895507812500000;93750;4;23.96;((0, 125000), (31250, 62500, 93750));
6;0.895019531250000;93750;6;24.46;((0, 125000), (31250, 62500, 93750));
6;0.895263671875000;93750;7;24.40;((0, 125000), (31250, 62500, 93750));
6;0.895385742187500;93750;5;24.23;((0, 125000), (31250, 62500, 93750));
6;0.895324707031250;93750;6;24.39;((0, 125000), (31250, 62500, 93750));
6;0.895355224609375;93750;5;24.58;((0, 125000), (31250, 62500, 93750));
6;0.895339965820312;93750;4;24.25;((0, 125000), (31250, 62500, 93750));
6;0.895332336425781;93750;5;24.72;((0, 125000), (31250, 62500, 93750));
6;0.895328521728516;93750;5;24.21;((0, 125000), (31250, 62500, 93750));
6;0.895326614379883;93750;4;24.07;((0, 125000), (31250, 62500, 93750));
6;0.895325660705566;93750;3;23.97;((0, 125000), (31250, 62500, 93750));
6;0.500000000000000;15625;11;14.12;((0, 62500), (15625, 31250, 46875));
6;0.750000000000000;15625;11;20.67;((0, 62500), (15625, 31250, 46875));
6;0.875000000000000;15625;11;24.37;((0, 62500), (15625, 31250, 46875));
6;0.937500000000000;15625;11;25.49;((0, 62500), (15625, 31250, 46875));
6;0.968750000000000;15625;0;10.53;((0, 62500), (15625, 31250, 46875));
6;0.953125000000000;15625;0;16.65;((0, 62500), (15625, 31250, 46875));
6;0.945312500000000;15625;10;25.52;((0, 62500), (15625, 31250, 46875));
6;0.949218750000000;15625;6;25.08;((0, 62500), (15625, 31250, 46875));
6;0.951171875000000;15625;3;24.72;((0, 62500), (15625, 31250, 46875));
6;0.950195312500000;15625;4;24.87;((0, 62500), (15625, 31250, 46875));
6;0.949707031250000;15625;4;24.92;((0, 62500), (15625, 31250, 46875));
6;0.949462890625000;15625;6;25.09;((0, 62500), (15625, 31250, 46875));
6;0.949584960937500;15625;5;25.17;((0, 62500), (15625, 31250, 46875));
6;0.949523925781250;15625;5;25.26;((0, 62500), (15625, 31250, 46875));
6;0.949493408203125;15625;6;25.19;((0, 62500), (15625, 31250, 46875));
6;0.949508666992188;15625;3;24.82;((0, 62500), (15625, 31250, 46875));
6;0.949501037597656;15625;3;24.56;((0, 62500), (15625, 31250, 46875));
6;0.949497222900391;15625;6;25.28;((0, 62500), (15625, 31250, 46875));
6;0.949499130249023;15625;7;25.25;((0, 62500), (15625, 31250, 46875));
6;0.949500083923340;15625;6;25.25;((0, 62500), (15625, 31250, 46875));
6;0.500000000000000;46875;11;14.43;((0, 62500), (15625, 31250, 46875));
6;0.750000000000000;46875;11;21.21;((0, 62500), (15625, 31250, 46875));
6;0.875000000000000;46875;11;32.06;((0, 62500), (15625, 31250, 46875));
6;0.937500000000000;46875;0;14.76;((0, 62500), (15625, 31250, 46875));
6;0.906250000000000;46875;11;25.05;((0, 62500), (15625, 31250, 46875));
6;0.921875000000000;46875;11;25.78;((0, 62500), (15625, 31250, 46875));
6;0.929687500000000;46875;11;25.92;((0, 62500), (15625, 31250, 46875));
6;0.933593750000000;46875;9;25.64;((0, 62500), (15625, 31250, 46875));
6;0.935546875000000;46875;8;25.40;((0, 62500), (15625, 31250, 46875));
6;0.936523437500000;46875;2;24.64;((0, 62500), (15625, 31250, 46875));
6;0.936035156250000;46875;3;24.83;((0, 62500), (15625, 31250, 46875));
6;0.935791015625000;46875;5;25.22;((0, 62500), (15625, 31250, 46875));
6;0.935668945312500;46875;6;25.23;((0, 62500), (15625, 31250, 46875));
6;0.935729980468750;46875;3;25.03;((0, 62500), (15625, 31250, 46875));
6;0.935699462890625;46875;4;25.11;((0, 62500), (15625, 31250, 46875));
6;0.935684204101562;46875;6;25.49;((0, 62500), (15625, 31250, 46875));
6;0.935691833496094;46875;5;25.14;((0, 62500), (15625, 31250, 46875));
6;0.935688018798828;46875;5;24.98;((0, 62500), (15625, 31250, 46875));
6;0.935686111450195;46875;3;24.94;((0, 62500), (15625, 31250, 46875));
6;0.935685157775879;46875;5;25.04;((0, 62500), (15625, 31250, 46875));
6;0.500000000000000;7812;11;13.99;((0, 31250), (7812, 15624, 23436));
6;0.750000000000000;7812;11;20.56;((0, 31250), (7812, 15624, 23436));
6;0.875000000000000;7812;11;23.75;((0, 31250), (7812, 15624, 23436));
6;0.937500000000000;7812;4;24.42;((0, 31250), (7812, 15624, 23436));
6;0.906250000000000;7812;11;24.49;((0, 31250), (7812, 15624, 23436));
6;0.921875000000000;7812;11;24.88;((0, 31250), (7812, 15624, 23436));
6;0.929687500000000;7812;9;24.77;((0, 31250), (7812, 15624, 23436));
6;0.933593750000000;7812;8;24.67;((0, 31250), (7812, 15624, 23436));
6;0.935546875000000;7812;6;25.05;((0, 31250), (7812, 15624, 23436));
6;0.936523437500000;7812;8;24.95;((0, 31250), (7812, 15624, 23436));
6;0.937011718750000;7812;6;24.86;((0, 31250), (7812, 15624, 23436));
6;0.937255859375000;7812;3;24.25;((0, 31250), (7812, 15624, 23436));
6;0.937133789062500;7812;5;24.42;((0, 31250), (7812, 15624, 23436));
6;0.937072753906250;7812;7;24.74;((0, 31250), (7812, 15624, 23436));
6;0.937103271484375;7812;5;25.28;((0, 31250), (7812, 15624, 23436));
6;0.937088012695312;7812;3;24.23;((0, 31250), (7812, 15624, 23436));
6;0.937080383300781;7812;5;24.52;((0, 31250), (7812, 15624, 23436));
6;0.937076568603516;7812;2;24.00;((0, 31250), (7812, 15624, 23436));
6;0.937074661254883;7812;4;24.41;((0, 31250), (7812, 15624, 23436));
6;0.937073707580566;7812;2;23.99;((0, 31250), (7812, 15624, 23436));
6;0.500000000000000;15624;11;15.72;((0, 31250), (7812, 15624, 23436));
6;0.750000000000000;15624;11;20.64;((0, 31250), (7812, 15624, 23436));
6;0.875000000000000;15624;11;23.88;((0, 31250), (7812, 15624, 23436));
6;0.937500000000000;15624;11;25.61;((0, 31250), (7812, 15624, 23436));
6;0.968750000000000;15624;0;10.42;((0, 31250), (7812, 15624, 23436));
6;0.953125000000000;15624;0;14.15;((0, 31250), (7812, 15624, 23436));
6;0.945312500000000;15624;9;25.41;((0, 31250), (7812, 15624, 23436));
6;0.949218750000000;15624;2;24.67;((0, 31250), (7812, 15624, 23436));
6;0.947265625000000;15624;4;24.78;((0, 31250), (7812, 15624, 23436));
6;0.946289062500000;15624;5;24.82;((0, 31250), (7812, 15624, 23436));
6;0.945800781250000;15624;4;26.20;((0, 31250), (7812, 15624, 23436));
6;0.945556640625000;15624;10;25.53;((0, 31250), (7812, 15624, 23436));
6;0.945678710937500;15624;7;25.42;((0, 31250), (7812, 15624, 23436));
6;0.945739746093750;15624;5;25.17;((0, 31250), (7812, 15624, 23436));
6;0.945709228515625;15624;6;25.35;((0, 31250), (7812, 15624, 23436));
6;0.945724487304688;15624;8;25.19;((0, 31250), (7812, 15624, 23436));
6;0.945732116699219;15624;6;25.10;((0, 31250), (7812, 15624, 23436));
6;0.945735931396484;15624;5;24.92;((0, 31250), (7812, 15624, 23436));
6;0.945734024047852;15624;8;25.30;((0, 31250), (7812, 15624, 23436));
6;0.945734977722168;15624;7;25.32;((0, 31250), (7812, 15624, 23436));
6;0.500000000000000;23436;11;14.27;((0, 31250), (7812, 15624, 23436));
6;0.750000000000000;23436;11;21.14;((0, 31250), (7812, 15624, 23436));
6;0.875000000000000;23436;11;23.98;((0, 31250), (7812, 15624, 23436));
6;0.937500000000000;23436;11;25.69;((0, 31250), (7812, 15624, 23436));
6;0.968750000000000;23436;0;10.53;((0, 31250), (7812, 15624, 23436));
6;0.953125000000000;23436;0;14.47;((0, 31250), (7812, 15624, 23436));
6;0.945312500000000;23436;8;25.49;((0, 31250), (7812, 15624, 23436));
6;0.949218750000000;23436;2;24.77;((0, 31250), (7812, 15624, 23436));
6;0.947265625000000;23436;3;24.91;((0, 31250), (7812, 15624, 23436));
6;0.946289062500000;23436;3;24.82;((0, 31250), (7812, 15624, 23436));
6;0.945800781250000;23436;7;25.27;((0, 31250), (7812, 15624, 23436));
6;0.946044921875000;23436;6;25.12;((0, 31250), (7812, 15624, 23436));
6;0.946166992187500;23436;5;25.09;((0, 31250), (7812, 15624, 23436));
6;0.946105957031250;23436;7;25.39;((0, 31250), (7812, 15624, 23436));
6;0.946136474609375;23436;7;25.61;((0, 31250), (7812, 15624, 23436));
6;0.946151733398438;23436;5;25.27;((0, 31250), (7812, 15624, 23436));
6;0.946144104003906;23436;6;25.50;((0, 31250), (7812, 15624, 23436));
6;0.946147918701172;23436;5;25.12;((0, 31250), (7812, 15624, 23436));
6;0.946146011352539;23436;8;25.29;((0, 31250), (7812, 15624, 23436));
6;0.946146965026855;23436;8;25.49;((0, 31250), (7812, 15624, 23436));
6;0.500000000000000;19530;11;14.13;((15624, 31250), (19530, 23436, 27342));
6;0.750000000000000;19530;11;20.67;((15624, 31250), (19530, 23436, 27342));
6;0.875000000000000;19530;11;23.90;((15624, 31250), (19530, 23436, 27342));
6;0.937500000000000;19530;11;25.48;((15624, 31250), (19530, 23436, 27342));
6;0.968750000000000;19530;0;10.41;((15624, 31250), (19530, 23436, 27342));
6;0.953125000000000;19530;1;24.46;((15624, 31250), (19530, 23436, 27342));
6;0.945312500000000;19530;11;25.76;((15624, 31250), (19530, 23436, 27342));
6;0.949218750000000;19530;8;25.51;((15624, 31250), (19530, 23436, 27342));
6;0.951171875000000;19530;2;24.51;((15624, 31250), (19530, 23436, 27342));
6;0.950195312500000;19530;6;25.22;((15624, 31250), (19530, 23436, 27342));
6;0.950683593750000;19530;8;25.53;((15624, 31250), (19530, 23436, 27342));
6;0.950927734375000;19530;3;25.15;((15624, 31250), (19530, 23436, 27342));
6;0.950805664062500;19530;5;25.13;((15624, 31250), (19530, 23436, 27342));
6;0.950744628906250;19530;3;24.94;((15624, 31250), (19530, 23436, 27342));
6;0.950714111328125;19530;3;24.79;((15624, 31250), (19530, 23436, 27342));
6;0.950698852539062;19530;7;25.37;((15624, 31250), (19530, 23436, 27342));
6;0.950706481933594;19530;2;24.72;((15624, 31250), (19530, 23436, 27342));
6;0.950702667236328;19530;7;25.23;((15624, 31250), (19530, 23436, 27342));
6;0.950704574584961;19530;3;25.21;((15624, 31250), (19530, 23436, 27342));
6;0.950703620910645;19530;4;31.48;((15624, 31250), (19530, 23436, 27342));
6;0.500000000000000;27342;11;14.71;((15624, 31250), (19530, 23436, 27342));
6;0.750000000000000;27342;11;20.91;((15624, 31250), (19530, 23436, 27342));
6;0.875000000000000;27342;11;24.21;((15624, 31250), (19530, 23436, 27342));
6;0.937500000000000;27342;11;25.75;((15624, 31250), (19530, 23436, 27342));
6;0.968750000000000;27342;0;10.42;((15624, 31250), (19530, 23436, 27342));
6;0.953125000000000;27342;0;13.58;((15624, 31250), (19530, 23436, 27342));
6;0.945312500000000;27342;9;26.25;((15624, 31250), (19530, 23436, 27342));
6;0.949218750000000;27342;3;25.14;((15624, 31250), (19530, 23436, 27342));
6;0.947265625000000;27342;6;25.46;((15624, 31250), (19530, 23436, 27342));
6;0.948242187500000;27342;2;24.74;((15624, 31250), (19530, 23436, 27342));
6;0.947753906250000;27342;4;25.39;((15624, 31250), (19530, 23436, 27342));
6;0.947509765625000;27342;6;25.69;((15624, 31250), (19530, 23436, 27342));
6;0.947631835937500;27342;5;25.56;((15624, 31250), (19530, 23436, 27342));
6;0.947570800781250;27342;8;25.56;((15624, 31250), (19530, 23436, 27342));
6;0.947601318359375;27342;6;25.44;((15624, 31250), (19530, 23436, 27342));
6;0.947616577148438;27342;6;25.54;((15624, 31250), (19530, 23436, 27342));
6;0.947624206542969;27342;8;25.92;((15624, 31250), (19530, 23436, 27342));
6;0.947628021240234;27342;6;25.32;((15624, 31250), (19530, 23436, 27342));
6;0.947629928588867;27342;2;24.55;((15624, 31250), (19530, 23436, 27342));
6;0.947628974914551;27342;6;25.32;((15624, 31250), (19530, 23436, 27342));
6;0.500000000000000;17577;11;14.04;((15624, 23436), (17577, 19530, 21483));
6;0.750000000000000;17577;11;20.74;((15624, 23436), (17577, 19530, 21483));
6;0.875000000000000;17577;11;24.07;((15624, 23436), (17577, 19530, 21483));
6;0.937500000000000;17577;11;25.65;((15624, 23436), (17577, 19530, 21483));
6;0.968750000000000;17577;0;10.62;((15624, 23436), (17577, 19530, 21483));
6;0.953125000000000;17577;2;24.59;((15624, 23436), (17577, 19530, 21483));
6;0.945312500000000;17577;10;25.51;((15624, 23436), (17577, 19530, 21483));
6;0.949218750000000;17577;7;25.16;((15624, 23436), (17577, 19530, 21483));
6;0.951171875000000;17577;4;25.04;((15624, 23436), (17577, 19530, 21483));
6;0.950195312500000;17577;5;25.81;((15624, 23436), (17577, 19530, 21483));
6;0.949707031250000;17577;5;25.00;((15624, 23436), (17577, 19530, 21483));
6;0.949462890625000;17577;5;25.13;((15624, 23436), (17577, 19530, 21483));
6;0.949340820312500;17577;5;25.07;((15624, 23436), (17577, 19530, 21483));
6;0.949279785156250;17577;8;25.62;((15624, 23436), (17577, 19530, 21483));
6;0.949310302734375;17577;5;25.00;((15624, 23436), (17577, 19530, 21483));
6;0.949295043945312;17577;8;25.56;((15624, 23436), (17577, 19530, 21483));
6;0.949302673339844;17577;6;25.36;((15624, 23436), (17577, 19530, 21483));
6;0.949306488037109;17577;5;25.09;((15624, 23436), (17577, 19530, 21483));
6;0.949304580688477;17577;9;25.93;((15624, 23436), (17577, 19530, 21483));
6;0.949305534362793;17577;8;25.32;((15624, 23436), (17577, 19530, 21483));
6;0.500000000000000;21483;11;14.24;((15624, 23436), (17577, 19530, 21483));
6;0.750000000000000;21483;11;21.77;((15624, 23436), (17577, 19530, 21483));
6;0.875000000000000;21483;11;25.25;((15624, 23436), (17577, 19530, 21483));
6;0.937500000000000;21483;11;25.57;((15624, 23436), (17577, 19530, 21483));
6;0.968750000000000;21483;0;10.60;((15624, 23436), (17577, 19530, 21483));
6;0.953125000000000;21483;1;24.50;((15624, 23436), (17577, 19530, 21483));
6;0.945312500000000;21483;11;25.90;((15624, 23436), (17577, 19530, 21483));
6;0.949218750000000;21483;8;25.47;((15624, 23436), (17577, 19530, 21483));
6;0.951171875000000;21483;1;24.50;((15624, 23436), (17577, 19530, 21483));
6;0.950195312500000;21483;2;24.65;((15624, 23436), (17577, 19530, 21483));
6;0.949707031250000;21483;4;25.60;((15624, 23436), (17577, 19530, 21483));
6;0.949462890625000;21483;6;25.17;((15624, 23436), (17577, 19530, 21483));
6;0.949584960937500;21483;8;25.33;((15624, 23436), (17577, 19530, 21483));
6;0.949645996093750;21483;6;25.48;((15624, 23436), (17577, 19530, 21483));
6;0.949676513671875;21483;7;25.30;((15624, 23436), (17577, 19530, 21483));
6;0.949691772460938;21483;9;26.57;((15624, 23436), (17577, 19530, 21483));
6;0.949699401855469;21483;8;25.49;((15624, 23436), (17577, 19530, 21483));
6;0.949703216552734;21483;6;25.17;((15624, 23436), (17577, 19530, 21483));
6;0.949705123901367;21483;5;25.32;((15624, 23436), (17577, 19530, 21483));
6;0.949704170227051;21483;8;25.48;((15624, 23436), (17577, 19530, 21483));
6;0.500000000000000;18553;11;14.08;((17577, 21483), (18553, 19529, 20505));
6;0.750000000000000;18553;11;20.63;((17577, 21483), (18553, 19529, 20505));
6;0.875000000000000;18553;11;24.09;((17577, 21483), (18553, 19529, 20505));
6;0.937500000000000;18553;11;25.61;((17577, 21483), (18553, 19529, 20505));
6;0.968750000000000;18553;0;10.68;((17577, 21483), (18553, 19529, 20505));
6;0.953125000000000;18553;1;24.26;((17577, 21483), (18553, 19529, 20505));
6;0.945312500000000;18553;11;25.77;((17577, 21483), (18553, 19529, 20505));
6;0.949218750000000;18553;7;25.14;((17577, 21483), (18553, 19529, 20505));
6;0.951171875000000;18553;6;25.22;((17577, 21483), (18553, 19529, 20505));
6;0.952148437500000;18553;3;24.92;((17577, 21483), (18553, 19529, 20505));
6;0.951660156250000;18553;1;24.29;((17577, 21483), (18553, 19529, 20505));
6;0.951416015625000;18553;4;25.02;((17577, 21483), (18553, 19529, 20505));
6;0.951293945312500;18553;2;24.33;((17577, 21483), (18553, 19529, 20505));
6;0.951232910156250;18553;5;24.96;((17577, 21483), (18553, 19529, 20505));
6;0.951202392578125;18553;1;24.49;((17577, 21483), (18553, 19529, 20505));
6;0.951187133789062;18553;3;24.70;((17577, 21483), (18553, 19529, 20505));
6;0.951179504394531;18553;5;24.93;((17577, 21483), (18553, 19529, 20505));
6;0.951175689697266;18553;3;24.54;((17577, 21483), (18553, 19529, 20505));
6;0.951173782348633;18553;2;24.57;((17577, 21483), (18553, 19529, 20505));
6;0.951172828674316;18553;3;24.71;((17577, 21483), (18553, 19529, 20505));
6;0.500000000000000;19529;11;14.13;((17577, 21483), (18553, 19529, 20505));
6;0.750000000000000;19529;11;20.60;((17577, 21483), (18553, 19529, 20505));
6;0.875000000000000;19529;11;23.85;((17577, 21483), (18553, 19529, 20505));
6;0.937500000000000;19529;11;25.62;((17577, 21483), (18553, 19529, 20505));
6;0.968750000000000;19529;0;10.45;((17577, 21483), (18553, 19529, 20505));
6;0.953125000000000;19529;1;24.32;((17577, 21483), (18553, 19529, 20505));
6;0.945312500000000;19529;11;25.85;((17577, 21483), (18553, 19529, 20505));
6;0.949218750000000;19529;7;25.33;((17577, 21483), (18553, 19529, 20505));
6;0.951171875000000;19529;5;25.12;((17577, 21483), (18553, 19529, 20505));
6;0.950195312500000;19529;4;25.38;((17577, 21483), (18553, 19529, 20505));
6;0.949707031250000;19529;5;25.09;((17577, 21483), (18553, 19529, 20505));
6;0.949462890625000;19529;7;25.44;((17577, 21483), (18553, 19529, 20505));
6;0.949584960937500;19529;7;25.96;((17577, 21483), (18553, 19529, 20505));
6;0.949645996093750;19529;4;25.12;((17577, 21483), (18553, 19529, 20505));
6;0.949615478515625;19529;5;25.05;((17577, 21483), (18553, 19529, 20505));
6;0.949600219726562;19529;6;25.09;((17577, 21483), (18553, 19529, 20505));
6;0.949607849121094;19529;5;25.04;((17577, 21483), (18553, 19529, 20505));
6;0.949604034423828;19529;5;24.91;((17577, 21483), (18553, 19529, 20505));
6;0.949602127075195;19529;4;25.22;((17577, 21483), (18553, 19529, 20505));
6;0.949601173400879;19529;6;25.44;((17577, 21483), (18553, 19529, 20505));
6;0.500000000000000;20505;11;14.14;((17577, 21483), (18553, 19529, 20505));
6;0.750000000000000;20505;11;20.90;((17577, 21483), (18553, 19529, 20505));
6;0.875000000000000;20505;11;23.96;((17577, 21483), (18553, 19529, 20505));
6;0.937500000000000;20505;11;25.56;((17577, 21483), (18553, 19529, 20505));
6;0.968750000000000;20505;0;11.20;((17577, 21483), (18553, 19529, 20505));
6;0.953125000000000;20505;0;16.36;((17577, 21483), (18553, 19529, 20505));
6;0.945312500000000;20505;11;25.82;((17577, 21483), (18553, 19529, 20505));
6;0.949218750000000;20505;8;25.62;((17577, 21483), (18553, 19529, 20505));
6;0.951171875000000;20505;3;25.21;((17577, 21483), (18553, 19529, 20505));
6;0.950195312500000;20505;4;25.03;((17577, 21483), (18553, 19529, 20505));
6;0.949707031250000;20505;4;25.02;((17577, 21483), (18553, 19529, 20505));
6;0.949462890625000;20505;6;25.30;((17577, 21483), (18553, 19529, 20505));
6;0.949584960937500;20505;7;25.34;((17577, 21483), (18553, 19529, 20505));
6;0.949645996093750;20505;8;25.44;((17577, 21483), (18553, 19529, 20505));
6;0.949676513671875;20505;6;25.40;((17577, 21483), (18553, 19529, 20505));
6;0.949691772460938;20505;6;25.17;((17577, 21483), (18553, 19529, 20505));
6;0.949699401855469;20505;6;25.18;((17577, 21483), (18553, 19529, 20505));
6;0.949703216552734;20505;7;25.31;((17577, 21483), (18553, 19529, 20505));
6;0.949705123901367;20505;3;24.81;((17577, 21483), (18553, 19529, 20505));
6;0.949704170227051;20505;6;25.42;((17577, 21483), (18553, 19529, 20505));
6;0.500000000000000;18065;11;14.16;((17577, 19529), (18065, 18553, 19041));
6;0.750000000000000;18065;11;20.64;((17577, 19529), (18065, 18553, 19041));
6;0.875000000000000;18065;11;24.11;((17577, 19529), (18065, 18553, 19041));
6;0.937500000000000;18065;11;25.50;((17577, 19529), (18065, 18553, 19041));
6;0.968750000000000;18065;0;10.68;((17577, 19529), (18065, 18553, 19041));
6;0.953125000000000;18065;2;24.59;((17577, 19529), (18065, 18553, 19041));
6;0.945312500000000;18065;11;25.64;((17577, 19529), (18065, 18553, 19041));
6;0.949218750000000;18065;10;25.65;((17577, 19529), (18065, 18553, 19041));
6;0.951171875000000;18065;2;24.69;((17577, 19529), (18065, 18553, 19041));
6;0.950195312500000;18065;3;24.63;((17577, 19529), (18065, 18553, 19041));
6;0.949707031250000;18065;6;25.02;((17577, 19529), (18065, 18553, 19041));
6;0.949951171875000;18065;6;25.20;((17577, 19529), (18065, 18553, 19041));
6;0.950073242187500;18065;6;25.60;((17577, 19529), (18065, 18553, 19041));
6;0.950134277343750;18065;5;25.12;((17577, 19529), (18065, 18553, 19041));
6;0.950103759765625;18065;3;24.59;((17577, 19529), (18065, 18553, 19041));
6;0.950088500976562;18065;5;25.11;((17577, 19529), (18065, 18553, 19041));
6;0.950080871582031;18065;9;25.59;((17577, 19529), (18065, 18553, 19041));
6;0.950084686279297;18065;4;24.97;((17577, 19529), (18065, 18553, 19041));
6;0.950082778930664;18065;4;24.80;((17577, 19529), (18065, 18553, 19041));
6;0.950081825256348;18065;6;25.78;((17577, 19529), (18065, 18553, 19041));
6;0.500000000000000;19041;11;14.06;((17577, 19529), (18065, 18553, 19041));
6;0.750000000000000;19041;11;20.68;((17577, 19529), (18065, 18553, 19041));
6;0.875000000000000;19041;11;23.86;((17577, 19529), (18065, 18553, 19041));
6;0.937500000000000;19041;11;25.85;((17577, 19529), (18065, 18553, 19041));
6;0.968750000000000;19041;0;10.83;((17577, 19529), (18065, 18553, 19041));
6;0.953125000000000;19041;2;24.47;((17577, 19529), (18065, 18553, 19041));
6;0.945312500000000;19041;9;25.57;((17577, 19529), (18065, 18553, 19041));
6;0.949218750000000;19041;5;25.19;((17577, 19529), (18065, 18553, 19041));
6;0.947265625000000;19041;11;26.17;((17577, 19529), (18065, 18553, 19041));
6;0.948242187500000;19041;7;25.40;((17577, 19529), (18065, 18553, 19041));
6;0.948730468750000;19041;7;25.39;((17577, 19529), (18065, 18553, 19041));
6;0.948974609375000;19041;5;25.12;((17577, 19529), (18065, 18553, 19041));
6;0.948852539062500;19041;10;25.62;((17577, 19529), (18065, 18553, 19041));
6;0.948913574218750;19041;8;25.48;((17577, 19529), (18065, 18553, 19041));
6;0.948944091796875;19041;6;25.34;((17577, 19529), (18065, 18553, 19041));
6;0.948959350585938;19041;9;25.65;((17577, 19529), (18065, 18553, 19041));
6;0.948966979980469;19041;8;25.30;((17577, 19529), (18065, 18553, 19041));
6;0.948970794677734;19041;7;25.29;((17577, 19529), (18065, 18553, 19041));
6;0.948972702026367;19041;8;25.44;((17577, 19529), (18065, 18553, 19041));
6;0.948973655700684;19041;7;25.45;((17577, 19529), (18065, 18553, 19041));
6;0.500000000000000;18309;11;14.26;((18065, 19041), (18309, 18553, 18797));
6;0.750000000000000;18309;11;20.83;((18065, 19041), (18309, 18553, 18797));
6;0.875000000000000;18309;11;23.88;((18065, 19041), (18309, 18553, 18797));
6;0.937500000000000;18309;11;25.66;((18065, 19041), (18309, 18553, 18797));
6;0.968750000000000;18309;0;10.59;((18065, 19041), (18309, 18553, 18797));
6;0.953125000000000;18309;1;24.30;((18065, 19041), (18309, 18553, 18797));
6;0.945312500000000;18309;11;25.78;((18065, 19041), (18309, 18553, 18797));
6;0.949218750000000;18309;10;25.55;((18065, 19041), (18309, 18553, 18797));
6;0.951171875000000;18309;4;24.98;((18065, 19041), (18309, 18553, 18797));
6;0.950195312500000;18309;9;25.57;((18065, 19041), (18309, 18553, 18797));
6;0.950683593750000;18309;6;25.34;((18065, 19041), (18309, 18553, 18797));
6;0.950927734375000;18309;4;25.09;((18065, 19041), (18309, 18553, 18797));
6;0.950805664062500;18309;3;24.70;((18065, 19041), (18309, 18553, 18797));
6;0.950744628906250;18309;5;25.31;((18065, 19041), (18309, 18553, 18797));
6;0.950714111328125;18309;6;25.28;((18065, 19041), (18309, 18553, 18797));
6;0.950729370117188;18309;5;25.17;((18065, 19041), (18309, 18553, 18797));
6;0.950721740722656;18309;4;24.89;((18065, 19041), (18309, 18553, 18797));
6;0.950717926025391;18309;5;25.06;((18065, 19041), (18309, 18553, 18797));
6;0.950716018676758;18309;6;25.49;((18065, 19041), (18309, 18553, 18797));
6;0.950716972351074;18309;2;24.42;((18065, 19041), (18309, 18553, 18797));
6;0.500000000000000;18797;11;14.40;((18065, 19041), (18309, 18553, 18797));
6;0.750000000000000;18797;11;20.70;((18065, 19041), (18309, 18553, 18797));
6;0.875000000000000;18797;11;23.91;((18065, 19041), (18309, 18553, 18797));
6;0.937500000000000;18797;11;26.27;((18065, 19041), (18309, 18553, 18797));
6;0.968750000000000;18797;0;10.56;((18065, 19041), (18309, 18553, 18797));
6;0.953125000000000;18797;2;24.42;((18065, 19041), (18309, 18553, 18797));
6;0.945312500000000;18797;11;25.90;((18065, 19041), (18309, 18553, 18797));
6;0.949218750000000;18797;6;25.19;((18065, 19041), (18309, 18553, 18797));
6;0.951171875000000;18797;5;25.86;((18065, 19041), (18309, 18553, 18797));
6;0.950195312500000;18797;8;25.52;((18065, 19041), (18309, 18553, 18797));
6;0.950683593750000;18797;5;25.33;((18065, 19041), (18309, 18553, 18797));
6;0.950439453125000;18797;5;25.32;((18065, 19041), (18309, 18553, 18797));
6;0.950317382812500;18797;2;24.59;((18065, 19041), (18309, 18553, 18797));
6;0.950256347656250;18797;7;25.42;((18065, 19041), (18309, 18553, 18797));
6;0.950286865234375;18797;5;25.18;((18065, 19041), (18309, 18553, 18797));
6;0.950271606445312;18797;5;25.01;((18065, 19041), (18309, 18553, 18797));
6;0.950263977050781;18797;7;25.48;((18065, 19041), (18309, 18553, 18797));
6;0.950267791748047;18797;5;25.23;((18065, 19041), (18309, 18553, 18797));
6;0.950265884399414;18797;6;25.39;((18065, 19041), (18309, 18553, 18797));
6;0.950266838073730;18797;6;25.18;((18065, 19041), (18309, 18553, 18797));
6;0.500000000000000;18431;11;14.27;((18309, 18797), (18431, 18553, 18675));
6;0.750000000000000;18431;11;20.65;((18309, 18797), (18431, 18553, 18675));
6;0.875000000000000;18431;11;23.85;((18309, 18797), (18431, 18553, 18675));
6;0.937500000000000;18431;11;25.54;((18309, 18797), (18431, 18553, 18675));
6;0.968750000000000;18431;0;10.55;((18309, 18797), (18431, 18553, 18675));
6;0.953125000000000;18431;0;16.79;((18309, 18797), (18431, 18553, 18675));
6;0.945312500000000;18431;11;25.78;((18309, 18797), (18431, 18553, 18675));
6;0.949218750000000;18431;6;25.33;((18309, 18797), (18431, 18553, 18675));
6;0.951171875000000;18431;2;24.46;((18309, 18797), (18431, 18553, 18675));
6;0.950195312500000;18431;6;25.06;((18309, 18797), (18431, 18553, 18675));
6;0.950683593750000;18431;7;25.25;((18309, 18797), (18431, 18553, 18675));
6;0.950927734375000;18431;4;24.92;((18309, 18797), (18431, 18553, 18675));
6;0.950805664062500;18431;5;25.25;((18309, 18797), (18431, 18553, 18675));
6;0.950744628906250;18431;4;25.24;((18309, 18797), (18431, 18553, 18675));
6;0.950714111328125;18431;2;24.47;((18309, 18797), (18431, 18553, 18675));
6;0.950698852539062;18431;5;25.07;((18309, 18797), (18431, 18553, 18675));
6;0.950691223144531;18431;10;25.48;((18309, 18797), (18431, 18553, 18675));
6;0.950695037841797;18431;4;25.02;((18309, 18797), (18431, 18553, 18675));
6;0.950693130493164;18431;7;25.19;((18309, 18797), (18431, 18553, 18675));
6;0.950694084167480;18431;4;25.01;((18309, 18797), (18431, 18553, 18675));
6;0.500000000000000;18675;11;14.26;((18309, 18797), (18431, 18553, 18675));
6;0.750000000000000;18675;11;20.59;((18309, 18797), (18431, 18553, 18675));
6;0.875000000000000;18675;11;24.86;((18309, 18797), (18431, 18553, 18675));
6;0.937500000000000;18675;11;25.60;((18309, 18797), (18431, 18553, 18675));
6;0.968750000000000;18675;0;10.86;((18309, 18797), (18431, 18553, 18675));
6;0.953125000000000;18675;2;24.85;((18309, 18797), (18431, 18553, 18675));
6;0.945312500000000;18675;10;25.72;((18309, 18797), (18431, 18553, 18675));
6;0.949218750000000;18675;8;25.66;((18309, 18797), (18431, 18553, 18675));
6;0.951171875000000;18675;4;24.93;((18309, 18797), (18431, 18553, 18675));
6;0.950195312500000;18675;7;25.33;((18309, 18797), (18431, 18553, 18675));
6;0.950683593750000;18675;3;24.87;((18309, 18797), (18431, 18553, 18675));
6;0.950439453125000;18675;7;25.32;((18309, 18797), (18431, 18553, 18675));
6;0.950561523437500;18675;5;25.03;((18309, 18797), (18431, 18553, 18675));
6;0.950500488281250;18675;3;24.80;((18309, 18797), (18431, 18553, 18675));
6;0.950469970703125;18675;2;24.49;((18309, 18797), (18431, 18553, 18675));
6;0.950454711914062;18675;3;24.63;((18309, 18797), (18431, 18553, 18675));
6;0.950447082519531;18675;5;25.14;((18309, 18797), (18431, 18553, 18675));
6;0.950443267822266;18675;6;25.35;((18309, 18797), (18431, 18553, 18675));
6;0.950445175170898;18675;1;24.18;((18309, 18797), (18431, 18553, 18675));
6;0.950444221496582;18675;3;24.65;((18309, 18797), (18431, 18553, 18675));
6;0.500000000000000;18492;11;14.03;((18431, 18675), (18492, 18553, 18614));
6;0.750000000000000;18492;11;20.56;((18431, 18675), (18492, 18553, 18614));
6;0.875000000000000;18492;11;23.89;((18431, 18675), (18492, 18553, 18614));
6;0.937500000000000;18492;11;25.76;((18431, 18675), (18492, 18553, 18614));
6;0.968750000000000;18492;0;10.39;((18431, 18675), (18492, 18553, 18614));
6;0.953125000000000;18492;0;14.01;((18431, 18675), (18492, 18553, 18614));
6;0.945312500000000;18492;8;25.26;((18431, 18675), (18492, 18553, 18614));
6;0.949218750000000;18492;3;24.85;((18431, 18675), (18492, 18553, 18614));
6;0.947265625000000;18492;8;25.37;((18431, 18675), (18492, 18553, 18614));
6;0.948242187500000;18492;5;25.17;((18431, 18675), (18492, 18553, 18614));
6;0.947753906250000;18492;3;24.70;((18431, 18675), (18492, 18553, 18614));
6;0.947509765625000;18492;4;24.79;((18431, 18675), (18492, 18553, 18614));
6;0.947387695312500;18492;8;25.26;((18431, 18675), (18492, 18553, 18614));
6;0.947448730468750;18492;7;25.80;((18431, 18675), (18492, 18553, 18614));
6;0.947479248046875;18492;4;25.20;((18431, 18675), (18492, 18553, 18614));
6;0.947463989257812;18492;6;25.01;((18431, 18675), (18492, 18553, 18614));
6;0.947471618652344;18492;6;25.17;((18431, 18675), (18492, 18553, 18614));
6;0.947475433349609;18492;3;24.80;((18431, 18675), (18492, 18553, 18614));
6;0.947473526000977;18492;8;25.34;((18431, 18675), (18492, 18553, 18614));
6;0.947474479675293;18492;2;24.38;((18431, 18675), (18492, 18553, 18614));
6;0.500000000000000;18614;11;14.15;((18431, 18675), (18492, 18553, 18614));
6;0.750000000000000;18614;11;20.56;((18431, 18675), (18492, 18553, 18614));
6;0.875000000000000;18614;11;23.87;((18431, 18675), (18492, 18553, 18614));
6;0.937500000000000;18614;11;25.68;((18431, 18675), (18492, 18553, 18614));
6;0.968750000000000;18614;0;10.59;((18431, 18675), (18492, 18553, 18614));
6;0.953125000000000;18614;0;15.08;((18431, 18675), (18492, 18553, 18614));
6;0.945312500000000;18614;10;25.59;((18431, 18675), (18492, 18553, 18614));
6;0.949218750000000;18614;0;16.98;((18431, 18675), (18492, 18553, 18614));
6;0.947265625000000;18614;5;24.95;((18431, 18675), (18492, 18553, 18614));
6;0.946289062500000;18614;6;25.05;((18431, 18675), (18492, 18553, 18614));
6;0.946777343750000;18614;9;25.31;((18431, 18675), (18492, 18553, 18614));
6;0.947021484375000;18614;6;25.22;((18431, 18675), (18492, 18553, 18614));
6;0.947143554687500;18614;6;25.07;((18431, 18675), (18492, 18553, 18614));
6;0.947204589843750;18614;6;25.06;((18431, 18675), (18492, 18553, 18614));
6;0.947235107421875;18614;6;25.21;((18431, 18675), (18492, 18553, 18614));
6;0.947250366210938;18614;5;25.02;((18431, 18675), (18492, 18553, 18614));
6;0.947242736816406;18614;4;24.80;((18431, 18675), (18492, 18553, 18614));
6;0.947238922119141;18614;6;25.10;((18431, 18675), (18492, 18553, 18614));
6;0.947240829467773;18614;5;25.15;((18431, 18675), (18492, 18553, 18614));
6;0.947239875793457;18614;5;24.89;((18431, 18675), (18492, 18553, 18614));
6;0.500000000000000;18522;11;14.18;((18492, 18614), (18522, 18552, 18582));
6;0.750000000000000;18522;11;20.57;((18492, 18614), (18522, 18552, 18582));
6;0.875000000000000;18522;11;23.89;((18492, 18614), (18522, 18552, 18582));
6;0.937500000000000;18522;11;25.52;((18492, 18614), (18522, 18552, 18582));
6;0.968750000000000;18522;0;10.56;((18492, 18614), (18522, 18552, 18582));
6;0.953125000000000;18522;0;17.09;((18492, 18614), (18522, 18552, 18582));
6;0.945312500000000;18522;11;25.91;((18492, 18614), (18522, 18552, 18582));
6;0.949218750000000;18522;10;26.16;((18492, 18614), (18522, 18552, 18582));
6;0.951171875000000;18522;2;24.72;((18492, 18614), (18522, 18552, 18582));
6;0.950195312500000;18522;4;24.99;((18492, 18614), (18522, 18552, 18582));
6;0.949707031250000;18522;6;25.37;((18492, 18614), (18522, 18552, 18582));
6;0.949951171875000;18522;4;25.00;((18492, 18614), (18522, 18552, 18582));
6;0.949829101562500;18522;7;25.31;((18492, 18614), (18522, 18552, 18582));
6;0.949890136718750;18522;6;25.33;((18492, 18614), (18522, 18552, 18582));
6;0.949920654296875;18522;4;25.08;((18492, 18614), (18522, 18552, 18582));
6;0.949905395507812;18522;7;31.09;((18492, 18614), (18522, 18552, 18582));
6;0.949913024902344;18522;8;25.39;((18492, 18614), (18522, 18552, 18582));
6;0.949916839599609;18522;9;25.85;((18492, 18614), (18522, 18552, 18582));
6;0.949918746948242;18522;5;25.02;((18492, 18614), (18522, 18552, 18582));
6;0.949917793273926;18522;9;25.72;((18492, 18614), (18522, 18552, 18582));
6;0.500000000000000;18552;11;14.06;((18492, 18614), (18522, 18552, 18582));
6;0.750000000000000;18552;11;20.65;((18492, 18614), (18522, 18552, 18582));
6;0.875000000000000;18552;11;24.33;((18492, 18614), (18522, 18552, 18582));
6;0.937500000000000;18552;11;25.56;((18492, 18614), (18522, 18552, 18582));
6;0.968750000000000;18552;0;10.58;((18492, 18614), (18522, 18552, 18582));
6;0.953125000000000;18552;1;24.45;((18492, 18614), (18522, 18552, 18582));
6;0.945312500000000;18552;7;25.36;((18492, 18614), (18522, 18552, 18582));
6;0.949218750000000;18552;0;16.13;((18492, 18614), (18522, 18552, 18582));
6;0.947265625000000;18552;4;25.05;((18492, 18614), (18522, 18552, 18582));
6;0.946289062500000;18552;7;25.42;((18492, 18614), (18522, 18552, 18582));
6;0.946777343750000;18552;9;25.51;((18492, 18614), (18522, 18552, 18582));
6;0.947021484375000;18552;3;24.51;((18492, 18614), (18522, 18552, 18582));
6;0.946899414062500;18552;6;25.12;((18492, 18614), (18522, 18552, 18582));
6;0.946960449218750;18552;6;25.25;((18492, 18614), (18522, 18552, 18582));
6;0.946990966796875;18552;8;25.49;((18492, 18614), (18522, 18552, 18582));
6;0.947006225585938;18552;6;25.22;((18492, 18614), (18522, 18552, 18582));
6;0.947013854980469;18552;9;25.40;((18492, 18614), (18522, 18552, 18582));
6;0.947017669677734;18552;4;25.07;((18492, 18614), (18522, 18552, 18582));
6;0.947015762329102;18552;5;25.03;((18492, 18614), (18522, 18552, 18582));
6;0.947014808654785;18552;6;25.15;((18492, 18614), (18522, 18552, 18582));
6;0.500000000000000;18582;11;14.13;((18492, 18614), (18522, 18552, 18582));
6;0.750000000000000;18582;11;20.58;((18492, 18614), (18522, 18552, 18582));
6;0.875000000000000;18582;11;23.96;((18492, 18614), (18522, 18552, 18582));
6;0.937500000000000;18582;11;25.49;((18492, 18614), (18522, 18552, 18582));
6;0.968750000000000;18582;0;10.58;((18492, 18614), (18522, 18552, 18582));
6;0.953125000000000;18582;0;15.16;((18492, 18614), (18522, 18552, 18582));
6;0.945312500000000;18582;10;25.56;((18492, 18614), (18522, 18552, 18582));
6;0.949218750000000;18582;9;25.52;((18492, 18614), (18522, 18552, 18582));
6;0.951171875000000;18582;6;25.19;((18492, 18614), (18522, 18552, 18582));
6;0.952148437500000;18582;4;24.88;((18492, 18614), (18522, 18552, 18582));
6;0.951660156250000;18582;3;24.91;((18492, 18614), (18522, 18552, 18582));
6;0.951416015625000;18582;5;25.32;((18492, 18614), (18522, 18552, 18582));
6;0.951293945312500;18582;3;24.70;((18492, 18614), (18522, 18552, 18582));
6;0.951232910156250;18582;6;25.43;((18492, 18614), (18522, 18552, 18582));
6;0.951263427734375;18582;3;24.85;((18492, 18614), (18522, 18552, 18582));
6;0.951248168945312;18582;6;25.36;((18492, 18614), (18522, 18552, 18582));
6;0.951255798339844;18582;3;24.66;((18492, 18614), (18522, 18552, 18582));
6;0.951251983642578;18582;4;25.52;((18492, 18614), (18522, 18552, 18582));
6;0.951250076293945;18582;3;24.61;((18492, 18614), (18522, 18552, 18582));
6;0.951249122619629;18582;3;24.80;((18492, 18614), (18522, 18552, 18582));
6;0.500000000000000;18567;11;14.04;((18552, 18614), (18567, 18582, 18597));
6;0.750000000000000;18567;11;20.64;((18552, 18614), (18567, 18582, 18597));
6;0.875000000000000;18567;11;24.29;((18552, 18614), (18567, 18582, 18597));
6;0.937500000000000;18567;11;25.48;((18552, 18614), (18567, 18582, 18597));
6;0.968750000000000;18567;0;10.60;((18552, 18614), (18567, 18582, 18597));
6;0.953125000000000;18567;0;17.09;((18552, 18614), (18567, 18582, 18597));
6;0.945312500000000;18567;10;25.39;((18552, 18614), (18567, 18582, 18597));
6;0.949218750000000;18567;6;25.36;((18552, 18614), (18567, 18582, 18597));
6;0.951171875000000;18567;7;25.51;((18552, 18614), (18567, 18582, 18597));
6;0.952148437500000;18567;7;25.28;((18552, 18614), (18567, 18582, 18597));
6;0.952636718750000;18567;2;24.30;((18552, 18614), (18567, 18582, 18597));
6;0.952392578125000;18567;1;24.29;((18552, 18614), (18567, 18582, 18597));
6;0.952270507812500;18567;1;24.29;((18552, 18614), (18567, 18582, 18597));
6;0.952209472656250;18567;1;24.25;((18552, 18614), (18567, 18582, 18597));
6;0.952178955078125;18567;1;24.33;((18552, 18614), (18567, 18582, 18597));
6;0.952163696289062;18567;0;16.42;((18552, 18614), (18567, 18582, 18597));
6;0.952156066894531;18567;1;24.16;((18552, 18614), (18567, 18582, 18597));
6;0.952152252197266;18567;2;24.44;((18552, 18614), (18567, 18582, 18597));
6;0.952150344848633;18567;3;24.77;((18552, 18614), (18567, 18582, 18597));
6;0.952149391174316;18567;2;24.72;((18552, 18614), (18567, 18582, 18597));
6;0.500000000000000;18597;11;14.14;((18552, 18614), (18567, 18582, 18597));
6;0.750000000000000;18597;11;20.71;((18552, 18614), (18567, 18582, 18597));
6;0.875000000000000;18597;11;23.89;((18552, 18614), (18567, 18582, 18597));
6;0.937500000000000;18597;11;25.78;((18552, 18614), (18567, 18582, 18597));
6;0.968750000000000;18597;0;10.78;((18552, 18614), (18567, 18582, 18597));
6;0.953125000000000;18597;0;17.14;((18552, 18614), (18567, 18582, 18597));
6;0.945312500000000;18597;11;26.03;((18552, 18614), (18567, 18582, 18597));
6;0.949218750000000;18597;8;25.68;((18552, 18614), (18567, 18582, 18597));
6;0.951171875000000;18597;3;24.94;((18552, 18614), (18567, 18582, 18597));
6;0.950195312500000;18597;1;24.36;((18552, 18614), (18567, 18582, 18597));
6;0.949707031250000;18597;6;25.07;((18552, 18614), (18567, 18582, 18597));
6;0.949951171875000;18597;6;25.08;((18552, 18614), (18567, 18582, 18597));
6;0.950073242187500;18597;8;25.52;((18552, 18614), (18567, 18582, 18597));
6;0.950134277343750;18597;4;24.91;((18552, 18614), (18567, 18582, 18597));
6;0.950103759765625;18597;7;25.35;((18552, 18614), (18567, 18582, 18597));
6;0.950119018554688;18597;7;25.58;((18552, 18614), (18567, 18582, 18597));
6;0.950126647949219;18597;5;25.06;((18552, 18614), (18567, 18582, 18597));
6;0.950122833251953;18597;6;25.20;((18552, 18614), (18567, 18582, 18597));
6;0.950124740600586;18597;5;24.97;((18552, 18614), (18567, 18582, 18597));
6;0.950123786926270;18597;4;24.98;((18552, 18614), (18567, 18582, 18597));
