8;0.500000000000000;250000;11;19.90;((0, 1000000), (250000, 500000, 750000));
8;0.750000000000000;250000;0;13.24;((0, 1000000), (250000, 500000, 750000));
8;0.625000000000000;250000;11;22.61;((0, 1000000), (250000, 500000, 750000));
8;0.687500000000000;250000;11;24.91;((0, 1000000), (250000, 500000, 750000));
8;0.718750000000000;250000;11;25.79;((0, 1000000), (250000, 500000, 750000));
8;0.734375000000000;250000;11;26.58;((0, 1000000), (250000, 500000, 750000));
8;0.742187500000000;250000;11;26.70;((0, 1000000), (250000, 500000, 750000));
8;0.746093750000000;250000;4;25.82;((0, 1000000), (250000, 500000, 750000));
8;0.744140625000000;250000;11;27.10;((0, 1000000), (250000, 500000, 750000));
8;0.745117187500000;250000;10;26.64;((0, 1000000), (250000, 500000, 750000));
8;0.745605468750000;250000;10;26.61;((0, 1000000), (250000, 500000, 750000));
8;0.745849609375000;250000;9;26.55;((0, 1000000), (250000, 500000, 750000));
8;0.745971679687500;250000;4;26.52;((0, 1000000), (250000, 500000, 750000));
8;0.745910644531250;250000;8;26.45;((0, 1000000), (250000, 500000, 750000));
8;0.745941162109375;250000;5;26.02;((0, 1000000), (250000, 500000, 750000));
8;0.745925903320312;250000;9;26.51;((0, 1000000), (250000, 500000, 750000));
8;0.745933532714844;250000;7;26.34;((0, 1000000), (250000, 500000, 750000));
8;0.745937347412109;250000;5;25.92;((0, 1000000), (250000, 500000, 750000));
8;0.745935440063477;250000;9;26.48;((0, 1000000), (250000, 500000, 750000));
8;0.745936393737793;250000;6;26.09;((0, 1000000), (250000, 500000, 750000));
8;0.500000000000000;500000;11;18.38;((0, 1000000), (250000, 500000, 750000));
8;0.750000000000000;500000;0;11.24;((0, 1000000), (250000, 500000, 750000));
8;0.625000000000000;500000;0;10.34;((0, 1000000), (250000, 500000, 750000));
8;0.562500000000000;500000;0;10.33;((0, 1000000), (250000, 500000, 750000));
8;0.531250000000000;500000;11;19.54;((0, 1000000), (250000, 500000, 750000));
8;0.546875000000000;500000;11;20.49;((0, 1000000), (250000, 500000, 750000));
8;0.554687500000000;500000;0;10.50;((0, 1000000), (250000, 500000, 750000));
8;0.550781250000000;500000;0;10.60;((0, 1000000), (250000, 500000, 750000));
8;0.548828125000000;500000;0;10.80;((0, 1000000), (250000, 500000, 750000));
8;0.547851562500000;500000;9;19.80;((0, 1000000), (250000, 500000, 750000));
8;0.548339843750000;500000;6;19.70;((0, 1000000), (250000, 500000, 750000));
8;0.548583984375000;500000;2;18.91;((0, 1000000), (250000, 500000, 750000));
8;0.548461914062500;500000;3;19.12;((0, 1000000), (250000, 500000, 750000));
8;0.548400878906250;500000;5;19.28;((0, 1000000), (250000, 500000, 750000));
8;0.548370361328125;500000;7;19.58;((0, 1000000), (250000, 500000, 750000));
8;0.548385620117188;500000;5;19.56;((0, 1000000), (250000, 500000, 750000));
8;0.548377990722656;500000;5;19.38;((0, 1000000), (250000, 500000, 750000));
8;0.548374176025391;500000;2;18.94;((0, 1000000), (250000, 500000, 750000));
8;0.548372268676758;500000;7;19.53;((0, 1000000), (250000, 500000, 750000));
8;0.548373222351074;500000;8;19.73;((0, 1000000), (250000, 500000, 750000));
8;0.500000000000000;750000;11;18.48;((0, 1000000), (250000, 500000, 750000));
8;0.750000000000000;750000;0;10.68;((0, 1000000), (250000, 500000, 750000));
8;0.625000000000000;750000;0;9.57;((0, 1000000), (250000, 500000, 750000));
8;0.562500000000000;750000;0;9.08;((0, 1000000), (250000, 500000, 750000));
8;0.531250000000000;750000;0;9.01;((0, 1000000), (250000, 500000, 750000));
8;0.515625000000000;750000;0;9.06;((0, 1000000), (250000, 500000, 750000));
8;0.507812500000000;750000;0;9.20;((0, 1000000), (250000, 500000, 750000));
8;0.503906250000000;750000;11;19.37;((0, 1000000), (250000, 500000, 750000));
8;0.505859375000000;750000;0;9.34;((0, 1000000), (250000, 500000, 750000));
8;0.504882812500000;750000;6;18.06;((0, 1000000), (250000, 500000, 750000));
8;0.505371093750000;750000;1;17.22;((0, 1000000), (250000, 500000, 750000));
8;0.505126953125000;750000;1;17.17;((0, 1000000), (250000, 500000, 750000));
8;0.505004882812500;750000;6;18.08;((0, 1000000), (250000, 500000, 750000));
8;0.505065917968750;750000;3;17.65;((0, 1000000), (250000, 500000, 750000));
8;0.505035400390625;750000;7;18.17;((0, 1000000), (250000, 500000, 750000));
8;0.505050659179688;750000;5;17.87;((0, 1000000), (250000, 500000, 750000));
8;0.505043029785156;750000;6;18.11;((0, 1000000), (250000, 500000, 750000));
8;0.505046844482422;750000;4;17.86;((0, 1000000), (250000, 500000, 750000));
8;0.505044937133789;750000;5;17.90;((0, 1000000), (250000, 500000, 750000));
8;0.505043983459473;750000;6;17.99;((0, 1000000), (250000, 500000, 750000));
8;0.500000000000000;125000;11;18.12;((0, 500000), (125000, 250000, 375000));
8;0.750000000000000;125000;11;34.24;((0, 500000), (125000, 250000, 375000));
8;0.875000000000000;125000;0;13.50;((0, 500000), (125000, 250000, 375000));
8;0.812500000000000;125000;11;28.85;((0, 500000), (125000, 250000, 375000));
8;0.843750000000000;125000;11;30.03;((0, 500000), (125000, 250000, 375000));
8;0.859375000000000;125000;11;30.61;((0, 500000), (125000, 250000, 375000));
8;0.867187500000000;125000;4;29.92;((0, 500000), (125000, 250000, 375000));
8;0.863281250000000;125000;11;30.64;((0, 500000), (125000, 250000, 375000));
8;0.865234375000000;125000;10;30.58;((0, 500000), (125000, 250000, 375000));
8;0.866210937500000;125000;6;30.09;((0, 500000), (125000, 250000, 375000));
8;0.866699218750000;125000;4;29.69;((0, 500000), (125000, 250000, 375000));
8;0.866455078125000;125000;2;29.18;((0, 500000), (125000, 250000, 375000));
8;0.866333007812500;125000;6;29.92;((0, 500000), (125000, 250000, 375000));
8;0.866394042968750;125000;8;30.17;((0, 500000), (125000, 250000, 375000));
8;0.866424560546875;125000;6;31.30;((0, 500000), (125000, 250000, 375000));
8;0.866439819335938;125000;6;30.09;((0, 500000), (125000, 250000, 375000));
8;0.866447448730469;125000;7;30.03;((0, 500000), (125000, 250000, 375000));
8;0.866451263427734;125000;4;29.68;((0, 500000), (125000, 250000, 375000));
8;0.866449356079102;125000;6;30.63;((0, 500000), (125000, 250000, 375000));
8;0.866450309753418;125000;4;29.62;((0, 500000), (125000, 250000, 375000));
8;0.500000000000000;375000;11;18.86;((0, 500000), (125000, 250000, 375000));
8;0.750000000000000;375000;0;11.40;((0, 500000), (125000, 250000, 375000));
8;0.625000000000000;375000;11;22.66;((0, 500000), (125000, 250000, 375000));
8;0.687500000000000;375000;0;11.15;((0, 500000), (125000, 250000, 375000));
8;0.656250000000000;375000;0;11.21;((0, 500000), (125000, 250000, 375000));
8;0.640625000000000;375000;0;11.52;((0, 500000), (125000, 250000, 375000));
8;0.632812500000000;375000;0;11.75;((0, 500000), (125000, 250000, 375000));
8;0.628906250000000;375000;6;22.27;((0, 500000), (125000, 250000, 375000));
8;0.630859375000000;375000;0;11.91;((0, 500000), (125000, 250000, 375000));
8;0.629882812500000;375000;2;21.49;((0, 500000), (125000, 250000, 375000));
8;0.629394531250000;375000;4;22.11;((0, 500000), (125000, 250000, 375000));
8;0.629150390625000;375000;1;21.41;((0, 500000), (125000, 250000, 375000));
8;0.629028320312500;375000;5;22.02;((0, 500000), (125000, 250000, 375000));
8;0.628967285156250;375000;5;22.08;((0, 500000), (125000, 250000, 375000));
8;0.628936767578125;375000;6;22.46;((0, 500000), (125000, 250000, 375000));
8;0.628952026367188;375000;3;21.68;((0, 500000), (125000, 250000, 375000));
8;0.628944396972656;375000;7;22.32;((0, 500000), (125000, 250000, 375000));
8;0.628948211669922;375000;6;22.29;((0, 500000), (125000, 250000, 375000));
8;0.628950119018555;375000;5;22.14;((0, 500000), (125000, 250000, 375000));
8;0.628949165344238;375000;3;21.95;((0, 500000), (125000, 250000, 375000));
8;0.500000000000000;62500;11;17.88;((0, 250000), (62500, 125000, 187500));
8;0.750000000000000;62500;11;26.44;((0, 250000), (62500, 125000, 187500));
8;0.875000000000000;62500;11;30.94;((0, 250000), (62500, 125000, 187500));
8;0.937500000000000;62500;0;12.70;((0, 250000), (62500, 125000, 187500));
8;0.906250000000000;62500;11;31.98;((0, 250000), (62500, 125000, 187500));
8;0.921875000000000;62500;2;30.71;((0, 250000), (62500, 125000, 187500));
8;0.914062500000000;62500;11;31.95;((0, 250000), (62500, 125000, 187500));
8;0.917968750000000;62500;10;32.03;((0, 250000), (62500, 125000, 187500));
8;0.919921875000000;62500;9;31.84;((0, 250000), (62500, 125000, 187500));
8;0.920898437500000;62500;7;31.45;((0, 250000), (62500, 125000, 187500));
8;0.921386718750000;62500;4;31.21;((0, 250000), (62500, 125000, 187500));
8;0.921142578125000;62500;6;31.65;((0, 250000), (62500, 125000, 187500));
8;0.921264648437500;62500;4;31.21;((0, 250000), (62500, 125000, 187500));
8;0.921203613281250;62500;2;30.58;((0, 250000), (62500, 125000, 187500));
8;0.921173095703125;62500;4;31.45;((0, 250000), (62500, 125000, 187500));
8;0.921157836914062;62500;7;31.75;((0, 250000), (62500, 125000, 187500));
8;0.921165466308594;62500;8;31.71;((0, 250000), (62500, 125000, 187500));
8;0.921169281005859;62500;6;31.50;((0, 250000), (62500, 125000, 187500));
8;0.921171188354492;62500;7;31.94;((0, 250000), (62500, 125000, 187500));
8;0.921172142028809;62500;5;31.47;((0, 250000), (62500, 125000, 187500));
8;0.500000000000000;187500;11;18.26;((0, 250000), (62500, 125000, 187500));
8;0.750000000000000;187500;11;26.85;((0, 250000), (62500, 125000, 187500));
8;0.875000000000000;187500;0;12.70;((0, 250000), (62500, 125000, 187500));
8;0.812500000000000;187500;0;13.95;((0, 250000), (62500, 125000, 187500));
8;0.781250000000000;187500;11;28.01;((0, 250000), (62500, 125000, 187500));
8;0.796875000000000;187500;11;28.89;((0, 250000), (62500, 125000, 187500));
8;0.804687500000000;187500;11;28.80;((0, 250000), (62500, 125000, 187500));
8;0.808593750000000;187500;2;27.63;((0, 250000), (62500, 125000, 187500));
8;0.806640625000000;187500;10;28.52;((0, 250000), (62500, 125000, 187500));
8;0.807617187500000;187500;3;27.66;((0, 250000), (62500, 125000, 187500));
8;0.807128906250000;187500;6;28.05;((0, 250000), (62500, 125000, 187500));
8;0.807373046875000;187500;3;28.35;((0, 250000), (62500, 125000, 187500));
8;0.807250976562500;187500;5;27.86;((0, 250000), (62500, 125000, 187500));
8;0.807189941406250;187500;6;28.30;((0, 250000), (62500, 125000, 187500));
8;0.807220458984375;187500;6;28.30;((0, 250000), (62500, 125000, 187500));
8;0.807235717773438;187500;6;28.08;((0, 250000), (62500, 125000, 187500));
8;0.807243347167969;187500;5;28.30;((0, 250000), (62500, 125000, 187500));
8;0.807239532470703;187500;8;28.44;((0, 250000), (62500, 125000, 187500));
8;0.807241439819336;187500;3;27.54;((0, 250000), (62500, 125000, 187500));
8;0.807240486145020;187500;5;27.87;((0, 250000), (62500, 125000, 187500));
8;0.500000000000000;31250;11;18.22;((0, 125000), (31250, 62500, 93750));
8;0.750000000000000;31250;11;26.22;((0, 125000), (31250, 62500, 93750));
8;0.875000000000000;31250;11;30.39;((0, 125000), (31250, 62500, 93750));
8;0.937500000000000;31250;11;33.64;((0, 125000), (31250, 62500, 93750));
8;0.968750000000000;31250;0;12.68;((0, 125000), (31250, 62500, 93750));
8;0.953125000000000;31250;0;14.29;((0, 125000), (31250, 62500, 93750));
8;0.945312500000000;31250;0;20.51;((0, 125000), (31250, 62500, 93750));
8;0.941406250000000;31250;9;32.14;((0, 125000), (31250, 62500, 93750));
8;0.943359375000000;31250;5;31.69;((0, 125000), (31250, 62500, 93750));
8;0.942382812500000;31250;6;31.70;((0, 125000), (31250, 62500, 93750));
8;0.942871093750000;31250;6;31.94;((0, 125000), (31250, 62500, 93750));
8;0.943115234375000;31250;3;31.39;((0, 125000), (31250, 62500, 93750));
8;0.942993164062500;31250;2;31.65;((0, 125000), (31250, 62500, 93750));
8;0.942932128906250;31250;1;30.41;((0, 125000), (31250, 62500, 93750));
8;0.942901611328125;31250;0;18.21;((0, 125000), (31250, 62500, 93750));
8;0.942886352539062;31250;4;31.68;((0, 125000), (31250, 62500, 93750));
8;0.942878723144531;31250;7;31.72;((0, 125000), (31250, 62500, 93750));
8;0.942882537841797;31250;6;31.68;((0, 125000), (31250, 62500, 93750));
8;0.942884445190430;31250;4;31.36;((0, 125000), (31250, 62500, 93750));
8;0.942883491516113;31250;5;31.47;((0, 125000), (31250, 62500, 93750));
8;0.500000000000000;93750;11;18.01;((0, 125000), (31250, 62500, 93750));
8;0.750000000000000;93750;11;26.61;((0, 125000), (31250, 62500, 93750));
8;0.875000000000000;93750;11;30.81;((0, 125000), (31250, 62500, 93750));
8;0.937500000000000;93750;0;12.62;((0, 125000), (31250, 62500, 93750));
8;0.906250000000000;93750;0;12.86;((0, 125000), (31250, 62500, 93750));
8;0.890625000000000;93750;10;31.43;((0, 125000), (31250, 62500, 93750));
8;0.898437500000000;93750;0;16.50;((0, 125000), (31250, 62500, 93750));
8;0.894531250000000;93750;5;30.47;((0, 125000), (31250, 62500, 93750));
8;0.892578125000000;93750;11;31.51;((0, 125000), (31250, 62500, 93750));
8;0.893554687500000;93750;7;31.04;((0, 125000), (31250, 62500, 93750));
8;0.894042968750000;93750;10;31.38;((0, 125000), (31250, 62500, 93750));
8;0.894287109375000;93750;3;30.36;((0, 125000), (31250, 62500, 93750));
8;0.894165039062500;93750;8;31.07;((0, 125000), (31250, 62500, 93750));
8;0.894226074218750;93750;6;30.94;((0, 125000), (31250, 62500, 93750));
8;0.894256591796875;93750;3;30.37;((0, 125000), (31250, 62500, 93750));
8;0.894241333007812;93750;6;30.67;((0, 125000), (31250, 62500, 93750));
8;0.894248962402344;93750;6;30.71;((0, 125000), (31250, 62500, 93750));
8;0.894252777099609;93750;4;30.53;((0, 125000), (31250, 62500, 93750));
8;0.894250869750977;93750;5;30.56;((0, 125000), (31250, 62500, 93750));
8;0.894249916076660;93750;8;30.96;((0, 125000), (31250, 62500, 93750));
8;0.500000000000000;15625;11;17.66;((0, 62500), (15625, 31250, 46875));
8;0.750000000000000;15625;11;25.93;((0, 62500), (15625, 31250, 46875));
8;0.875000000000000;15625;11;29.97;((0, 62500), (15625, 31250, 46875));
8;0.937500000000000;15625;11;32.17;((0, 62500), (15625, 31250, 46875));
8;0.968750000000000;15625;0;12.80;((0, 62500), (15625, 31250, 46875));
8;0.953125000000000;15625;0;15.83;((0, 62500), (15625, 31250, 46875));
8;0.945312500000000;15625;8;32.03;((0, 62500), (15625, 31250, 46875));
8;0.949218750000000;15625;1;30.48;((0, 62500), (15625, 31250, 46875));
8;0.947265625000000;15625;3;30.65;((0, 62500), (15625, 31250, 46875));
8;0.946289062500000;15625;6;31.24;((0, 62500), (15625, 31250, 46875));
8;0.946777343750000;15625;3;30.82;((0, 62500), (15625, 31250, 46875));
8;0.946533203125000;15625;3;30.67;((0, 62500), (15625, 31250, 46875));
8;0.946411132812500;15625;3;30.85;((0, 62500), (15625, 31250, 46875));
8;0.946350097656250;15625;5;31.20;((0, 62500), (15625, 31250, 46875));
8;0.946319580078125;15625;8;31.61;((0, 62500), (15625, 31250, 46875));
8;0.946334838867188;15625;4;31.07;((0, 62500), (15625, 31250, 46875));
8;0.946327209472656;15625;2;30.81;((0, 62500), (15625, 31250, 46875));
8;0.946323394775391;15625;3;30.76;((0, 62500), (15625, 31250, 46875));
8;0.946321487426758;15625;5;31.15;((0, 62500), (15625, 31250, 46875));
8;0.946320533752441;15625;4;31.08;((0, 62500), (15625, 31250, 46875));
8;0.500000000000000;46875;11;17.91;((0, 62500), (15625, 31250, 46875));
8;0.750000000000000;46875;11;26.40;((0, 62500), (15625, 31250, 46875));
8;0.875000000000000;46875;11;30.71;((0, 62500), (15625, 31250, 46875));
8;0.937500000000000;46875;0;19.50;((0, 62500), (15625, 31250, 46875));
8;0.906250000000000;46875;11;31.76;((0, 62500), (15625, 31250, 46875));
8;0.921875000000000;46875;11;32.20;((0, 62500), (15625, 31250, 46875));
8;0.929687500000000;46875;10;32.23;((0, 62500), (15625, 31250, 46875));
8;0.933593750000000;46875;6;31.62;((0, 62500), (15625, 31250, 46875));
8;0.935546875000000;46875;3;31.42;((0, 62500), (15625, 31250, 46875));
8;0.934570312500000;46875;4;31.48;((0, 62500), (15625, 31250, 46875));
8;0.934082031250000;46875;6;31.88;((0, 62500), (15625, 31250, 46875));
8;0.934326171875000;46875;4;31.46;((0, 62500), (15625, 31250, 46875));
8;0.934204101562500;46875;5;31.52;((0, 62500), (15625, 31250, 46875));
8;0.934143066406250;46875;6;31.70;((0, 62500), (15625, 31250, 46875));
8;0.934173583984375;46875;10;32.27;((0, 62500), (15625, 31250, 46875));
8;0.934188842773438;46875;7;31.89;((0, 62500), (15625, 31250, 46875));
8;0.934196472167969;46875;5;31.62;((0, 62500), (15625, 31250, 46875));
8;0.934192657470703;46875;7;32.25;((0, 62500), (15625, 31250, 46875));
8;0.934194564819336;46875;9;32.77;((0, 62500), (15625, 31250, 46875));
8;0.934195518493652;46875;6;32.16;((0, 62500), (15625, 31250, 46875));
8;0.500000000000000;7812;11;17.47;((0, 31250), (7812, 15624, 23436));
8;0.750000000000000;7812;11;25.88;((0, 31250), (7812, 15624, 23436));
8;0.875000000000000;7812;11;29.59;((0, 31250), (7812, 15624, 23436));
8;0.937500000000000;7812;0;18.07;((0, 31250), (7812, 15624, 23436));
8;0.906250000000000;7812;11;30.75;((0, 31250), (7812, 15624, 23436));
8;0.921875000000000;7812;10;31.03;((0, 31250), (7812, 15624, 23436));
8;0.929687500000000;7812;8;31.25;((0, 31250), (7812, 15624, 23436));
8;0.933593750000000;7812;3;30.21;((0, 31250), (7812, 15624, 23436));
8;0.931640625000000;7812;5;30.63;((0, 31250), (7812, 15624, 23436));
8;0.930664062500000;7812;6;30.78;((0, 31250), (7812, 15624, 23436));
8;0.931152343750000;7812;7;38.90;((0, 31250), (7812, 15624, 23436));
8;0.931396484375000;7812;3;30.14;((0, 31250), (7812, 15624, 23436));
8;0.931274414062500;7812;4;30.45;((0, 31250), (7812, 15624, 23436));
8;0.931213378906250;7812;4;30.35;((0, 31250), (7812, 15624, 23436));
8;0.931182861328125;7812;5;30.54;((0, 31250), (7812, 15624, 23436));
8;0.931167602539062;7812;5;30.61;((0, 31250), (7812, 15624, 23436));
8;0.931159973144531;7812;6;30.59;((0, 31250), (7812, 15624, 23436));
8;0.931163787841797;7812;6;30.89;((0, 31250), (7812, 15624, 23436));
8;0.931165695190430;7812;4;30.32;((0, 31250), (7812, 15624, 23436));
8;0.931164741516113;7812;5;30.52;((0, 31250), (7812, 15624, 23436));
8;0.500000000000000;15624;11;17.71;((0, 31250), (7812, 15624, 23436));
8;0.750000000000000;15624;11;25.84;((0, 31250), (7812, 15624, 23436));
8;0.875000000000000;15624;11;29.98;((0, 31250), (7812, 15624, 23436));
8;0.937500000000000;15624;10;31.97;((0, 31250), (7812, 15624, 23436));
8;0.968750000000000;15624;0;12.76;((0, 31250), (7812, 15624, 23436));
8;0.953125000000000;15624;0;17.35;((0, 31250), (7812, 15624, 23436));
8;0.945312500000000;15624;4;31.63;((0, 31250), (7812, 15624, 23436));
8;0.941406250000000;15624;11;32.18;((0, 31250), (7812, 15624, 23436));
8;0.943359375000000;15624;10;32.31;((0, 31250), (7812, 15624, 23436));
8;0.944335937500000;15624;9;32.00;((0, 31250), (7812, 15624, 23436));
8;0.944824218750000;15624;9;38.48;((0, 31250), (7812, 15624, 23436));
8;0.945068359375000;15624;5;31.25;((0, 31250), (7812, 15624, 23436));
8;0.944946289062500;15624;8;31.63;((0, 31250), (7812, 15624, 23436));
8;0.945007324218750;15624;6;31.60;((0, 31250), (7812, 15624, 23436));
8;0.945037841796875;15624;7;31.82;((0, 31250), (7812, 15624, 23436));
8;0.945053100585938;15624;7;32.32;((0, 31250), (7812, 15624, 23436));
8;0.945060729980469;15624;9;31.89;((0, 31250), (7812, 15624, 23436));
8;0.945064544677734;15624;5;31.45;((0, 31250), (7812, 15624, 23436));
8;0.945062637329102;15624;3;30.91;((0, 31250), (7812, 15624, 23436));
8;0.945061683654785;15624;6;31.22;((0, 31250), (7812, 15624, 23436));
8;0.500000000000000;23436;11;17.78;((0, 31250), (7812, 15624, 23436));
8;0.750000000000000;23436;11;26.17;((0, 31250), (7812, 15624, 23436));
8;0.875000000000000;23436;11;30.22;((0, 31250), (7812, 15624, 23436));
8;0.937500000000000;23436;11;32.42;((0, 31250), (7812, 15624, 23436));
8;0.968750000000000;23436;0;12.75;((0, 31250), (7812, 15624, 23436));
8;0.953125000000000;23436;0;18.35;((0, 31250), (7812, 15624, 23436));
8;0.945312500000000;23436;9;32.22;((0, 31250), (7812, 15624, 23436));
8;0.949218750000000;23436;2;30.99;((0, 31250), (7812, 15624, 23436));
8;0.947265625000000;23436;6;31.66;((0, 31250), (7812, 15624, 23436));
8;0.948242187500000;23436;4;31.86;((0, 31250), (7812, 15624, 23436));
8;0.947753906250000;23436;4;31.28;((0, 31250), (7812, 15624, 23436));
8;0.947509765625000;23436;4;31.62;((0, 31250), (7812, 15624, 23436));
8;0.947387695312500;23436;4;31.45;((0, 31250), (7812, 15624, 23436));
8;0.947326660156250;23436;4;31.77;((0, 31250), (7812, 15624, 23436));
8;0.947296142578125;23436;5;31.59;((0, 31250), (7812, 15624, 23436));
8;0.947280883789062;23436;3;30.99;((0, 31250), (7812, 15624, 23436));
8;0.947273254394531;23436;4;31.52;((0, 31250), (7812, 15624, 23436));
8;0.947269439697266;23436;6;31.82;((0, 31250), (7812, 15624, 23436));
8;0.947271347045898;23436;5;31.54;((0, 31250), (7812, 15624, 23436));
8;0.947270393371582;23436;5;31.64;((0, 31250), (7812, 15624, 23436));
8;0.500000000000000;19530;11;17.68;((15624, 31250), (19530, 23436, 27342));
8;0.750000000000000;19530;11;26.30;((15624, 31250), (19530, 23436, 27342));
8;0.875000000000000;19530;11;30.04;((15624, 31250), (19530, 23436, 27342));
8;0.937500000000000;19530;11;32.29;((15624, 31250), (19530, 23436, 27342));
8;0.968750000000000;19530;0;13.16;((15624, 31250), (19530, 23436, 27342));
8;0.953125000000000;19530;0;15.74;((15624, 31250), (19530, 23436, 27342));
8;0.945312500000000;19530;10;32.28;((15624, 31250), (19530, 23436, 27342));
8;0.949218750000000;19530;2;31.03;((15624, 31250), (19530, 23436, 27342));
8;0.947265625000000;19530;6;32.55;((15624, 31250), (19530, 23436, 27342));
8;0.948242187500000;19530;4;32.21;((15624, 31250), (19530, 23436, 27342));
8;0.947753906250000;19530;3;31.37;((15624, 31250), (19530, 23436, 27342));
8;0.947509765625000;19530;4;31.34;((15624, 31250), (19530, 23436, 27342));
8;0.947387695312500;19530;4;31.28;((15624, 31250), (19530, 23436, 27342));
8;0.947326660156250;19530;6;31.49;((15624, 31250), (19530, 23436, 27342));
8;0.947357177734375;19530;4;31.12;((15624, 31250), (19530, 23436, 27342));
8;0.947341918945312;19530;3;31.48;((15624, 31250), (19530, 23436, 27342));
8;0.947334289550781;19530;4;31.16;((15624, 31250), (19530, 23436, 27342));
8;0.947330474853516;19530;9;34.17;((15624, 31250), (19530, 23436, 27342));
8;0.947332382202148;19530;7;31.63;((15624, 31250), (19530, 23436, 27342));
8;0.947333335876465;19530;4;31.23;((15624, 31250), (19530, 23436, 27342));
8;0.500000000000000;27342;11;17.89;((15624, 31250), (19530, 23436, 27342));
8;0.750000000000000;27342;11;26.10;((15624, 31250), (19530, 23436, 27342));
8;0.875000000000000;27342;11;30.20;((15624, 31250), (19530, 23436, 27342));
8;0.937500000000000;27342;11;32.39;((15624, 31250), (19530, 23436, 27342));
8;0.968750000000000;27342;0;12.86;((15624, 31250), (19530, 23436, 27342));
8;0.953125000000000;27342;0;15.55;((15624, 31250), (19530, 23436, 27342));
8;0.945312500000000;27342;5;31.77;((15624, 31250), (19530, 23436, 27342));
8;0.941406250000000;27342;11;32.54;((15624, 31250), (19530, 23436, 27342));
8;0.943359375000000;27342;10;40.98;((15624, 31250), (19530, 23436, 27342));
8;0.944335937500000;27342;9;32.47;((15624, 31250), (19530, 23436, 27342));
8;0.944824218750000;27342;10;32.42;((15624, 31250), (19530, 23436, 27342));
8;0.945068359375000;27342;5;32.00;((15624, 31250), (19530, 23436, 27342));
8;0.944946289062500;27342;6;31.79;((15624, 31250), (19530, 23436, 27342));
8;0.945007324218750;27342;5;33.25;((15624, 31250), (19530, 23436, 27342));
8;0.944976806640625;27342;7;31.96;((15624, 31250), (19530, 23436, 27342));
8;0.944992065429688;27342;6;31.86;((15624, 31250), (19530, 23436, 27342));
8;0.944999694824219;27342;6;31.66;((15624, 31250), (19530, 23436, 27342));
8;0.945003509521484;27342;7;31.82;((15624, 31250), (19530, 23436, 27342));
8;0.945005416870117;27342;6;31.80;((15624, 31250), (19530, 23436, 27342));
8;0.945006370544434;27342;8;32.22;((15624, 31250), (19530, 23436, 27342));
8;0.500000000000000;17577;11;17.74;((15624, 23436), (17577, 19530, 21483));
8;0.750000000000000;17577;11;26.07;((15624, 23436), (17577, 19530, 21483));
8;0.875000000000000;17577;11;30.26;((15624, 23436), (17577, 19530, 21483));
8;0.937500000000000;17577;11;32.21;((15624, 23436), (17577, 19530, 21483));
8;0.968750000000000;17577;0;12.95;((15624, 23436), (17577, 19530, 21483));
8;0.953125000000000;17577;0;15.69;((15624, 23436), (17577, 19530, 21483));
8;0.945312500000000;17577;6;32.79;((15624, 23436), (17577, 19530, 21483));
8;0.949218750000000;17577;1;30.46;((15624, 23436), (17577, 19530, 21483));
8;0.947265625000000;17577;5;31.29;((15624, 23436), (17577, 19530, 21483));
8;0.946289062500000;17577;4;31.50;((15624, 23436), (17577, 19530, 21483));
8;0.945800781250000;17577;6;31.47;((15624, 23436), (17577, 19530, 21483));
8;0.946044921875000;17577;7;31.99;((15624, 23436), (17577, 19530, 21483));
8;0.946166992187500;17577;4;31.17;((15624, 23436), (17577, 19530, 21483));
8;0.946105957031250;17577;5;31.47;((15624, 23436), (17577, 19530, 21483));
8;0.946075439453125;17577;7;31.60;((15624, 23436), (17577, 19530, 21483));
8;0.946090698242188;17577;7;31.70;((15624, 23436), (17577, 19530, 21483));
8;0.946098327636719;17577;6;31.59;((15624, 23436), (17577, 19530, 21483));
8;0.946102142333984;17577;7;31.73;((15624, 23436), (17577, 19530, 21483));
8;0.946104049682617;17577;4;31.24;((15624, 23436), (17577, 19530, 21483));
8;0.946103096008301;17577;7;31.57;((15624, 23436), (17577, 19530, 21483));
8;0.500000000000000;21483;11;17.82;((15624, 23436), (17577, 19530, 21483));
8;0.750000000000000;21483;11;28.02;((15624, 23436), (17577, 19530, 21483));
8;0.875000000000000;21483;11;30.15;((15624, 23436), (17577, 19530, 21483));
8;0.937500000000000;21483;11;32.56;((15624, 23436), (17577, 19530, 21483));
8;0.968750000000000;21483;0;12.87;((15624, 23436), (17577, 19530, 21483));
8;0.953125000000000;21483;0;18.13;((15624, 23436), (17577, 19530, 21483));
8;0.945312500000000;21483;6;31.56;((15624, 23436), (17577, 19530, 21483));
8;0.949218750000000;21483;0;21.75;((15624, 23436), (17577, 19530, 21483));
8;0.947265625000000;21483;3;31.39;((15624, 23436), (17577, 19530, 21483));
8;0.946289062500000;21483;7;31.83;((15624, 23436), (17577, 19530, 21483));
8;0.946777343750000;21483;7;32.01;((15624, 23436), (17577, 19530, 21483));
8;0.947021484375000;21483;7;32.07;((15624, 23436), (17577, 19530, 21483));
8;0.947143554687500;21483;8;32.69;((15624, 23436), (17577, 19530, 21483));
8;0.947204589843750;21483;2;30.71;((15624, 23436), (17577, 19530, 21483));
8;0.947174072265625;21483;3;31.12;((15624, 23436), (17577, 19530, 21483));
8;0.947158813476562;21483;5;31.25;((15624, 23436), (17577, 19530, 21483));
8;0.947151184082031;21483;6;31.63;((15624, 23436), (17577, 19530, 21483));
8;0.947154998779297;21483;4;31.33;((15624, 23436), (17577, 19530, 21483));
8;0.947153091430664;21483;6;31.82;((15624, 23436), (17577, 19530, 21483));
8;0.947154045104980;21483;5;31.44;((15624, 23436), (17577, 19530, 21483));
8;0.500000000000000;18553;11;17.80;((17577, 21483), (18553, 19529, 20505));
8;0.750000000000000;18553;11;25.98;((17577, 21483), (18553, 19529, 20505));
8;0.875000000000000;18553;11;30.16;((17577, 21483), (18553, 19529, 20505));
8;0.937500000000000;18553;11;32.55;((17577, 21483), (18553, 19529, 20505));
8;0.968750000000000;18553;0;14.56;((17577, 21483), (18553, 19529, 20505));
8;0.953125000000000;18553;0;17.96;((17577, 21483), (18553, 19529, 20505));
8;0.945312500000000;18553;10;32.25;((17577, 21483), (18553, 19529, 20505));
8;0.949218750000000;18553;2;30.88;((17577, 21483), (18553, 19529, 20505));
8;0.947265625000000;18553;3;31.09;((17577, 21483), (18553, 19529, 20505));
8;0.946289062500000;18553;7;32.27;((17577, 21483), (18553, 19529, 20505));
8;0.946777343750000;18553;4;31.38;((17577, 21483), (18553, 19529, 20505));
8;0.946533203125000;18553;4;31.48;((17577, 21483), (18553, 19529, 20505));
8;0.946411132812500;18553;8;31.91;((17577, 21483), (18553, 19529, 20505));
8;0.946472167968750;18553;7;32.26;((17577, 21483), (18553, 19529, 20505));
8;0.946502685546875;18553;8;31.76;((17577, 21483), (18553, 19529, 20505));
8;0.946517944335938;18553;5;31.97;((17577, 21483), (18553, 19529, 20505));
8;0.946510314941406;18553;5;31.53;((17577, 21483), (18553, 19529, 20505));
8;0.946506500244141;18553;4;31.50;((17577, 21483), (18553, 19529, 20505));
8;0.946504592895508;18553;8;31.96;((17577, 21483), (18553, 19529, 20505));
8;0.946505546569824;18553;8;32.14;((17577, 21483), (18553, 19529, 20505));
8;0.500000000000000;19529;11;17.74;((17577, 21483), (18553, 19529, 20505));
8;0.750000000000000;19529;11;25.89;((17577, 21483), (18553, 19529, 20505));
8;0.875000000000000;19529;11;30.08;((17577, 21483), (18553, 19529, 20505));
8;0.937500000000000;19529;11;32.31;((17577, 21483), (18553, 19529, 20505));
8;0.968750000000000;19529;0;13.32;((17577, 21483), (18553, 19529, 20505));
8;0.953125000000000;19529;0;19.78;((17577, 21483), (18553, 19529, 20505));
8;0.945312500000000;19529;8;31.93;((17577, 21483), (18553, 19529, 20505));
8;0.949218750000000;19529;2;30.91;((17577, 21483), (18553, 19529, 20505));
8;0.947265625000000;19529;5;31.62;((17577, 21483), (18553, 19529, 20505));
8;0.946289062500000;19529;5;31.64;((17577, 21483), (18553, 19529, 20505));
8;0.945800781250000;19529;7;31.82;((17577, 21483), (18553, 19529, 20505));
8;0.946044921875000;19529;7;32.05;((17577, 21483), (18553, 19529, 20505));
8;0.946166992187500;19529;5;31.45;((17577, 21483), (18553, 19529, 20505));
8;0.946105957031250;19529;8;32.04;((17577, 21483), (18553, 19529, 20505));
8;0.946136474609375;19529;6;32.26;((17577, 21483), (18553, 19529, 20505));
8;0.946151733398438;19529;5;31.48;((17577, 21483), (18553, 19529, 20505));
8;0.946144104003906;19529;8;32.01;((17577, 21483), (18553, 19529, 20505));
8;0.946147918701172;19529;10;32.83;((17577, 21483), (18553, 19529, 20505));
8;0.946149826049805;19529;8;31.83;((17577, 21483), (18553, 19529, 20505));
8;0.946150779724121;19529;6;31.69;((17577, 21483), (18553, 19529, 20505));
8;0.500000000000000;20505;11;17.73;((17577, 21483), (18553, 19529, 20505));
8;0.750000000000000;20505;11;26.62;((17577, 21483), (18553, 19529, 20505));
8;0.875000000000000;20505;11;30.20;((17577, 21483), (18553, 19529, 20505));
8;0.937500000000000;20505;11;33.13;((17577, 21483), (18553, 19529, 20505));
8;0.968750000000000;20505;0;12.71;((17577, 21483), (18553, 19529, 20505));
8;0.953125000000000;20505;0;17.16;((17577, 21483), (18553, 19529, 20505));
8;0.945312500000000;20505;7;31.78;((17577, 21483), (18553, 19529, 20505));
8;0.949218750000000;20505;3;31.47;((17577, 21483), (18553, 19529, 20505));
8;0.947265625000000;20505;4;31.54;((17577, 21483), (18553, 19529, 20505));
8;0.946289062500000;20505;7;32.01;((17577, 21483), (18553, 19529, 20505));
8;0.946777343750000;20505;6;31.64;((17577, 21483), (18553, 19529, 20505));
8;0.947021484375000;20505;4;31.66;((17577, 21483), (18553, 19529, 20505));
8;0.946899414062500;20505;7;31.82;((17577, 21483), (18553, 19529, 20505));
8;0.946960449218750;20505;7;31.88;((17577, 21483), (18553, 19529, 20505));
8;0.946990966796875;20505;7;31.66;((17577, 21483), (18553, 19529, 20505));
8;0.947006225585938;20505;6;31.76;((17577, 21483), (18553, 19529, 20505));
8;0.947013854980469;20505;7;31.98;((17577, 21483), (18553, 19529, 20505));
8;0.947017669677734;20505;4;31.73;((17577, 21483), (18553, 19529, 20505));
8;0.947015762329102;20505;5;31.29;((17577, 21483), (18553, 19529, 20505));
8;0.947014808654785;20505;6;31.55;((17577, 21483), (18553, 19529, 20505));
8;0.500000000000000;20017;11;17.71;((19529, 21483), (20017, 20505, 20993));
8;0.750000000000000;20017;11;25.94;((19529, 21483), (20017, 20505, 20993));
8;0.875000000000000;20017;11;31.18;((19529, 21483), (20017, 20505, 20993));
8;0.937500000000000;20017;11;32.34;((19529, 21483), (20017, 20505, 20993));
8;0.968750000000000;20017;0;12.63;((19529, 21483), (20017, 20505, 20993));
8;0.953125000000000;20017;0;20.35;((19529, 21483), (20017, 20505, 20993));
8;0.945312500000000;20017;10;32.37;((19529, 21483), (20017, 20505, 20993));
8;0.949218750000000;20017;3;31.31;((19529, 21483), (20017, 20505, 20993));
8;0.947265625000000;20017;8;31.95;((19529, 21483), (20017, 20505, 20993));
8;0.948242187500000;20017;2;31.05;((19529, 21483), (20017, 20505, 20993));
8;0.947753906250000;20017;3;31.17;((19529, 21483), (20017, 20505, 20993));
8;0.947509765625000;20017;4;31.22;((19529, 21483), (20017, 20505, 20993));
8;0.947387695312500;20017;5;31.46;((19529, 21483), (20017, 20505, 20993));
8;0.947326660156250;20017;5;31.62;((19529, 21483), (20017, 20505, 20993));
8;0.947296142578125;20017;4;31.28;((19529, 21483), (20017, 20505, 20993));
8;0.947280883789062;20017;4;31.23;((19529, 21483), (20017, 20505, 20993));
8;0.947273254394531;20017;3;31.38;((19529, 21483), (20017, 20505, 20993));
8;0.947269439697266;20017;6;31.83;((19529, 21483), (20017, 20505, 20993));
8;0.947271347045898;20017;4;31.62;((19529, 21483), (20017, 20505, 20993));
8;0.947270393371582;20017;4;31.36;((19529, 21483), (20017, 20505, 20993));
8;0.500000000000000;20993;11;17.66;((19529, 21483), (20017, 20505, 20993));
8;0.750000000000000;20993;11;32.40;((19529, 21483), (20017, 20505, 20993));
8;0.875000000000000;20993;11;30.65;((19529, 21483), (20017, 20505, 20993));
8;0.937500000000000;20993;11;33.39;((19529, 21483), (20017, 20505, 20993));
8;0.968750000000000;20993;0;13.13;((19529, 21483), (20017, 20505, 20993));
8;0.953125000000000;20993;0;19.29;((19529, 21483), (20017, 20505, 20993));
8;0.945312500000000;20993;8;31.82;((19529, 21483), (20017, 20505, 20993));
8;0.949218750000000;20993;1;30.52;((19529, 21483), (20017, 20505, 20993));
8;0.947265625000000;20993;4;31.45;((19529, 21483), (20017, 20505, 20993));
8;0.946289062500000;20993;6;31.62;((19529, 21483), (20017, 20505, 20993));
8;0.946777343750000;20993;8;31.87;((19529, 21483), (20017, 20505, 20993));
8;0.947021484375000;20993;6;31.80;((19529, 21483), (20017, 20505, 20993));
8;0.947143554687500;20993;4;31.37;((19529, 21483), (20017, 20505, 20993));
8;0.947082519531250;20993;5;31.77;((19529, 21483), (20017, 20505, 20993));
8;0.947052001953125;20993;5;31.89;((19529, 21483), (20017, 20505, 20993));
8;0.947036743164062;20993;5;31.47;((19529, 21483), (20017, 20505, 20993));
8;0.947029113769531;20993;6;31.87;((19529, 21483), (20017, 20505, 20993));
8;0.947032928466797;20993;5;31.59;((19529, 21483), (20017, 20505, 20993));
8;0.947031021118164;20993;5;31.24;((19529, 21483), (20017, 20505, 20993));
8;0.947030067443848;20993;5;31.54;((19529, 21483), (20017, 20505, 20993));
8;0.500000000000000;19773;11;17.66;((19529, 20505), (19773, 20017, 20261));
8;0.750000000000000;19773;11;26.05;((19529, 20505), (19773, 20017, 20261));
8;0.875000000000000;19773;11;30.14;((19529, 20505), (19773, 20017, 20261));
8;0.937500000000000;19773;11;32.40;((19529, 20505), (19773, 20017, 20261));
8;0.968750000000000;19773;0;13.01;((19529, 20505), (19773, 20017, 20261));
8;0.953125000000000;19773;0;20.27;((19529, 20505), (19773, 20017, 20261));
8;0.945312500000000;19773;8;32.04;((19529, 20505), (19773, 20017, 20261));
8;0.949218750000000;19773;3;31.08;((19529, 20505), (19773, 20017, 20261));
8;0.947265625000000;19773;3;31.59;((19529, 20505), (19773, 20017, 20261));
8;0.946289062500000;19773;6;31.47;((19529, 20505), (19773, 20017, 20261));
8;0.946777343750000;19773;6;31.67;((19529, 20505), (19773, 20017, 20261));
8;0.947021484375000;19773;6;32.01;((19529, 20505), (19773, 20017, 20261));
8;0.947143554687500;19773;6;31.66;((19529, 20505), (19773, 20017, 20261));
8;0.947204589843750;19773;3;31.25;((19529, 20505), (19773, 20017, 20261));
8;0.947174072265625;19773;5;31.54;((19529, 20505), (19773, 20017, 20261));
8;0.947158813476562;19773;5;31.78;((19529, 20505), (19773, 20017, 20261));
8;0.947151184082031;19773;4;31.30;((19529, 20505), (19773, 20017, 20261));
8;0.947147369384766;19773;4;31.28;((19529, 20505), (19773, 20017, 20261));
8;0.947145462036133;19773;6;31.74;((19529, 20505), (19773, 20017, 20261));
8;0.947146415710449;19773;6;31.88;((19529, 20505), (19773, 20017, 20261));
8;0.500000000000000;20261;11;17.70;((19529, 20505), (19773, 20017, 20261));
8;0.750000000000000;20261;11;25.96;((19529, 20505), (19773, 20017, 20261));
8;0.875000000000000;20261;11;31.26;((19529, 20505), (19773, 20017, 20261));
8;0.937500000000000;20261;11;32.23;((19529, 20505), (19773, 20017, 20261));
8;0.968750000000000;20261;0;12.96;((19529, 20505), (19773, 20017, 20261));
8;0.953125000000000;20261;0;16.27;((19529, 20505), (19773, 20017, 20261));
8;0.945312500000000;20261;6;31.94;((19529, 20505), (19773, 20017, 20261));
8;0.949218750000000;20261;2;31.07;((19529, 20505), (19773, 20017, 20261));
8;0.947265625000000;20261;3;31.05;((19529, 20505), (19773, 20017, 20261));
8;0.946289062500000;20261;7;32.88;((19529, 20505), (19773, 20017, 20261));
8;0.946777343750000;20261;6;32.31;((19529, 20505), (19773, 20017, 20261));
8;0.947021484375000;20261;4;31.05;((19529, 20505), (19773, 20017, 20261));
8;0.946899414062500;20261;6;33.22;((19529, 20505), (19773, 20017, 20261));
8;0.946960449218750;20261;6;31.66;((19529, 20505), (19773, 20017, 20261));
8;0.946990966796875;20261;6;31.85;((19529, 20505), (19773, 20017, 20261));
8;0.947006225585938;20261;6;31.53;((19529, 20505), (19773, 20017, 20261));
8;0.947013854980469;20261;8;31.96;((19529, 20505), (19773, 20017, 20261));
8;0.947017669677734;20261;6;32.80;((19529, 20505), (19773, 20017, 20261));
8;0.947019577026367;20261;2;31.06;((19529, 20505), (19773, 20017, 20261));
8;0.947018623352051;20261;10;32.34;((19529, 20505), (19773, 20017, 20261));
8;0.500000000000000;19895;11;17.98;((19773, 20261), (19895, 20017, 20139));
8;0.750000000000000;19895;11;26.00;((19773, 20261), (19895, 20017, 20139));
8;0.875000000000000;19895;11;30.15;((19773, 20261), (19895, 20017, 20139));
8;0.937500000000000;19895;11;32.25;((19773, 20261), (19895, 20017, 20139));
8;0.968750000000000;19895;0;13.08;((19773, 20261), (19895, 20017, 20139));
8;0.953125000000000;19895;0;17.65;((19773, 20261), (19895, 20017, 20139));
8;0.945312500000000;19895;9;32.89;((19773, 20261), (19895, 20017, 20139));
8;0.949218750000000;19895;3;31.43;((19773, 20261), (19895, 20017, 20139));
8;0.947265625000000;19895;5;31.40;((19773, 20261), (19895, 20017, 20139));
8;0.946289062500000;19895;8;32.13;((19773, 20261), (19895, 20017, 20139));
8;0.946777343750000;19895;4;31.43;((19773, 20261), (19895, 20017, 20139));
8;0.946533203125000;19895;5;31.55;((19773, 20261), (19895, 20017, 20139));
8;0.946411132812500;19895;4;31.30;((19773, 20261), (19895, 20017, 20139));
8;0.946350097656250;19895;5;31.37;((19773, 20261), (19895, 20017, 20139));
8;0.946319580078125;19895;5;31.72;((19773, 20261), (19895, 20017, 20139));
8;0.946304321289062;19895;5;31.81;((19773, 20261), (19895, 20017, 20139));
8;0.946296691894531;19895;5;31.72;((19773, 20261), (19895, 20017, 20139));
8;0.946292877197266;19895;6;34.12;((19773, 20261), (19895, 20017, 20139));
8;0.946294784545898;19895;6;31.70;((19773, 20261), (19895, 20017, 20139));
8;0.946295738220215;19895;9;31.89;((19773, 20261), (19895, 20017, 20139));
8;0.500000000000000;20139;11;17.78;((19773, 20261), (19895, 20017, 20139));
8;0.750000000000000;20139;11;26.65;((19773, 20261), (19895, 20017, 20139));
8;0.875000000000000;20139;11;30.32;((19773, 20261), (19895, 20017, 20139));
8;0.937500000000000;20139;11;32.26;((19773, 20261), (19895, 20017, 20139));
8;0.968750000000000;20139;0;12.93;((19773, 20261), (19895, 20017, 20139));
8;0.953125000000000;20139;0;17.55;((19773, 20261), (19895, 20017, 20139));
8;0.945312500000000;20139;7;32.30;((19773, 20261), (19895, 20017, 20139));
8;0.949218750000000;20139;1;30.89;((19773, 20261), (19895, 20017, 20139));
8;0.947265625000000;20139;5;31.78;((19773, 20261), (19895, 20017, 20139));
8;0.946289062500000;20139;5;31.59;((19773, 20261), (19895, 20017, 20139));
8;0.945800781250000;20139;6;31.65;((19773, 20261), (19895, 20017, 20139));
8;0.946044921875000;20139;9;32.32;((19773, 20261), (19895, 20017, 20139));
8;0.946166992187500;20139;6;31.54;((19773, 20261), (19895, 20017, 20139));
8;0.946228027343750;20139;6;31.70;((19773, 20261), (19895, 20017, 20139));
8;0.946258544921875;20139;6;31.92;((19773, 20261), (19895, 20017, 20139));
8;0.946273803710938;20139;8;31.89;((19773, 20261), (19895, 20017, 20139));
8;0.946281433105469;20139;9;32.14;((19773, 20261), (19895, 20017, 20139));
8;0.946285247802734;20139;6;31.72;((19773, 20261), (19895, 20017, 20139));
8;0.946287155151367;20139;4;31.33;((19773, 20261), (19895, 20017, 20139));
8;0.946286201477051;20139;3;31.30;((19773, 20261), (19895, 20017, 20139));
8;0.500000000000000;19956;11;17.68;((19895, 20139), (19956, 20017, 20078));
8;0.750000000000000;19956;11;25.87;((19895, 20139), (19956, 20017, 20078));
8;0.875000000000000;19956;11;30.23;((19895, 20139), (19956, 20017, 20078));
8;0.937500000000000;19956;11;32.53;((19895, 20139), (19956, 20017, 20078));
8;0.968750000000000;19956;0;12.79;((19895, 20139), (19956, 20017, 20078));
8;0.953125000000000;19956;0;17.95;((19895, 20139), (19956, 20017, 20078));
8;0.945312500000000;19956;4;31.43;((19895, 20139), (19956, 20017, 20078));
8;0.941406250000000;19956;10;32.15;((19895, 20139), (19956, 20017, 20078));
8;0.943359375000000;19956;9;32.08;((19895, 20139), (19956, 20017, 20078));
8;0.944335937500000;19956;6;31.97;((19895, 20139), (19956, 20017, 20078));
8;0.944824218750000;19956;5;31.60;((19895, 20139), (19956, 20017, 20078));
8;0.944580078125000;19956;5;31.68;((19895, 20139), (19956, 20017, 20078));
8;0.944458007812500;19956;7;39.84;((19895, 20139), (19956, 20017, 20078));
8;0.944519042968750;19956;8;31.80;((19895, 20139), (19956, 20017, 20078));
8;0.944549560546875;19956;6;31.67;((19895, 20139), (19956, 20017, 20078));
8;0.944564819335938;19956;4;31.46;((19895, 20139), (19956, 20017, 20078));
8;0.944557189941406;19956;10;32.17;((19895, 20139), (19956, 20017, 20078));
8;0.944561004638672;19956;7;32.04;((19895, 20139), (19956, 20017, 20078));
8;0.944562911987305;19956;8;31.67;((19895, 20139), (19956, 20017, 20078));
8;0.944563865661621;19956;7;31.93;((19895, 20139), (19956, 20017, 20078));
8;0.500000000000000;20078;11;17.79;((19895, 20139), (19956, 20017, 20078));
8;0.750000000000000;20078;11;26.02;((19895, 20139), (19956, 20017, 20078));
8;0.875000000000000;20078;11;30.28;((19895, 20139), (19956, 20017, 20078));
8;0.937500000000000;20078;11;32.32;((19895, 20139), (19956, 20017, 20078));
8;0.968750000000000;20078;0;12.84;((19895, 20139), (19956, 20017, 20078));
8;0.953125000000000;20078;0;18.83;((19895, 20139), (19956, 20017, 20078));
8;0.945312500000000;20078;7;32.01;((19895, 20139), (19956, 20017, 20078));
8;0.949218750000000;20078;2;30.94;((19895, 20139), (19956, 20017, 20078));
8;0.947265625000000;20078;6;31.53;((19895, 20139), (19956, 20017, 20078));
8;0.948242187500000;20078;4;31.50;((19895, 20139), (19956, 20017, 20078));
8;0.947753906250000;20078;4;31.34;((19895, 20139), (19956, 20017, 20078));
8;0.947509765625000;20078;6;31.66;((19895, 20139), (19956, 20017, 20078));
8;0.947631835937500;20078;3;31.28;((19895, 20139), (19956, 20017, 20078));
8;0.947570800781250;20078;5;31.25;((19895, 20139), (19956, 20017, 20078));
8;0.947540283203125;20078;4;31.37;((19895, 20139), (19956, 20017, 20078));
8;0.947525024414062;20078;6;31.71;((19895, 20139), (19956, 20017, 20078));
8;0.947532653808594;20078;4;31.51;((19895, 20139), (19956, 20017, 20078));
8;0.947528839111328;20078;1;30.70;((19895, 20139), (19956, 20017, 20078));
8;0.947526931762695;20078;3;30.92;((19895, 20139), (19956, 20017, 20078));
8;0.947525978088379;20078;6;31.84;((19895, 20139), (19956, 20017, 20078));
8;0.500000000000000;20047;11;17.66;((20017, 20139), (20047, 20077, 20107));
8;0.750000000000000;20047;11;28.15;((20017, 20139), (20047, 20077, 20107));
8;0.875000000000000;20047;11;32.38;((20017, 20139), (20047, 20077, 20107));
8;0.937500000000000;20047;11;32.35;((20017, 20139), (20047, 20077, 20107));
8;0.968750000000000;20047;0;12.87;((20017, 20139), (20047, 20077, 20107));
8;0.953125000000000;20047;0;18.76;((20017, 20139), (20047, 20077, 20107));
8;0.945312500000000;20047;7;31.78;((20017, 20139), (20047, 20077, 20107));
8;0.949218750000000;20047;1;30.75;((20017, 20139), (20047, 20077, 20107));
8;0.947265625000000;20047;5;31.51;((20017, 20139), (20047, 20077, 20107));
8;0.946289062500000;20047;5;31.46;((20017, 20139), (20047, 20077, 20107));
8;0.945800781250000;20047;7;31.92;((20017, 20139), (20047, 20077, 20107));
8;0.946044921875000;20047;7;31.84;((20017, 20139), (20047, 20077, 20107));
8;0.946166992187500;20047;6;31.63;((20017, 20139), (20047, 20077, 20107));
8;0.946228027343750;20047;7;31.86;((20017, 20139), (20047, 20077, 20107));
8;0.946258544921875;20047;3;31.32;((20017, 20139), (20047, 20077, 20107));
8;0.946243286132812;20047;4;31.50;((20017, 20139), (20047, 20077, 20107));
8;0.946235656738281;20047;5;31.79;((20017, 20139), (20047, 20077, 20107));
8;0.946231842041016;20047;9;32.51;((20017, 20139), (20047, 20077, 20107));
8;0.946233749389648;20047;9;32.17;((20017, 20139), (20047, 20077, 20107));
8;0.946234703063965;20047;8;32.07;((20017, 20139), (20047, 20077, 20107));
8;0.500000000000000;20077;11;17.72;((20017, 20139), (20047, 20077, 20107));
8;0.750000000000000;20077;11;26.06;((20017, 20139), (20047, 20077, 20107));
8;0.875000000000000;20077;11;30.15;((20017, 20139), (20047, 20077, 20107));
8;0.937500000000000;20077;11;32.21;((20017, 20139), (20047, 20077, 20107));
8;0.968750000000000;20077;0;12.59;((20017, 20139), (20047, 20077, 20107));
8;0.953125000000000;20077;1;30.51;((20017, 20139), (20047, 20077, 20107));
8;0.945312500000000;20077;5;31.56;((20017, 20139), (20047, 20077, 20107));
8;0.941406250000000;20077;11;32.46;((20017, 20139), (20047, 20077, 20107));
8;0.943359375000000;20077;10;32.32;((20017, 20139), (20047, 20077, 20107));
8;0.944335937500000;20077;7;31.70;((20017, 20139), (20047, 20077, 20107));
8;0.944824218750000;20077;9;32.56;((20017, 20139), (20047, 20077, 20107));
8;0.945068359375000;20077;7;32.52;((20017, 20139), (20047, 20077, 20107));
8;0.945190429687500;20077;8;32.08;((20017, 20139), (20047, 20077, 20107));
8;0.945251464843750;20077;8;33.75;((20017, 20139), (20047, 20077, 20107));
8;0.945281982421875;20077;9;32.05;((20017, 20139), (20047, 20077, 20107));
8;0.945297241210938;20077;6;31.82;((20017, 20139), (20047, 20077, 20107));
8;0.945304870605469;20077;8;31.86;((20017, 20139), (20047, 20077, 20107));
8;0.945308685302734;20077;8;32.46;((20017, 20139), (20047, 20077, 20107));
8;0.945310592651367;20077;10;32.30;((20017, 20139), (20047, 20077, 20107));
8;0.945311546325684;20077;6;32.02;((20017, 20139), (20047, 20077, 20107));
8;0.500000000000000;20107;11;17.77;((20017, 20139), (20047, 20077, 20107));
8;0.750000000000000;20107;11;26.42;((20017, 20139), (20047, 20077, 20107));
8;0.875000000000000;20107;11;30.25;((20017, 20139), (20047, 20077, 20107));
8;0.937500000000000;20107;11;32.76;((20017, 20139), (20047, 20077, 20107));
8;0.968750000000000;20107;0;16.32;((20017, 20139), (20047, 20077, 20107));
8;0.953125000000000;20107;0;18.61;((20017, 20139), (20047, 20077, 20107));
8;0.945312500000000;20107;7;32.01;((20017, 20139), (20047, 20077, 20107));
8;0.949218750000000;20107;1;30.58;((20017, 20139), (20047, 20077, 20107));
8;0.947265625000000;20107;5;31.81;((20017, 20139), (20047, 20077, 20107));
8;0.946289062500000;20107;8;31.98;((20017, 20139), (20047, 20077, 20107));
8;0.946777343750000;20107;5;31.74;((20017, 20139), (20047, 20077, 20107));
8;0.946533203125000;20107;5;31.66;((20017, 20139), (20047, 20077, 20107));
8;0.946411132812500;20107;7;31.80;((20017, 20139), (20047, 20077, 20107));
8;0.946472167968750;20107;9;32.14;((20017, 20139), (20047, 20077, 20107));
8;0.946502685546875;20107;5;31.32;((20017, 20139), (20047, 20077, 20107));
8;0.946487426757812;20107;8;31.94;((20017, 20139), (20047, 20077, 20107));
8;0.946495056152344;20107;4;31.29;((20017, 20139), (20047, 20077, 20107));
8;0.946491241455078;20107;6;31.67;((20017, 20139), (20047, 20077, 20107));
8;0.946493148803711;20107;4;31.85;((20017, 20139), (20047, 20077, 20107));
8;0.946492195129395;20107;5;31.48;((20017, 20139), (20047, 20077, 20107));
8;0.500000000000000;20092;11;18.30;((20077, 20139), (20092, 20107, 20122));
8;0.750000000000000;20092;11;26.00;((20077, 20139), (20092, 20107, 20122));
8;0.875000000000000;20092;11;30.83;((20077, 20139), (20092, 20107, 20122));
8;0.937500000000000;20092;11;32.25;((20077, 20139), (20092, 20107, 20122));
8;0.968750000000000;20092;0;12.88;((20077, 20139), (20092, 20107, 20122));
8;0.953125000000000;20092;0;18.24;((20077, 20139), (20092, 20107, 20122));
8;0.945312500000000;20092;8;31.82;((20077, 20139), (20092, 20107, 20122));
8;0.949218750000000;20092;1;30.37;((20077, 20139), (20092, 20107, 20122));
8;0.947265625000000;20092;2;30.80;((20077, 20139), (20092, 20107, 20122));
8;0.946289062500000;20092;8;38.34;((20077, 20139), (20092, 20107, 20122));
8;0.946777343750000;20092;4;31.30;((20077, 20139), (20092, 20107, 20122));
8;0.946533203125000;20092;6;31.96;((20077, 20139), (20092, 20107, 20122));
8;0.946655273437500;20092;8;32.19;((20077, 20139), (20092, 20107, 20122));
8;0.946716308593750;20092;9;32.17;((20077, 20139), (20092, 20107, 20122));
8;0.946746826171875;20092;4;31.52;((20077, 20139), (20092, 20107, 20122));
8;0.946731567382812;20092;5;31.46;((20077, 20139), (20092, 20107, 20122));
8;0.946723937988281;20092;4;31.31;((20077, 20139), (20092, 20107, 20122));
8;0.946720123291016;20092;5;31.44;((20077, 20139), (20092, 20107, 20122));
8;0.946718215942383;20092;4;31.42;((20077, 20139), (20092, 20107, 20122));
8;0.946717262268066;20092;5;31.49;((20077, 20139), (20092, 20107, 20122));
8;0.500000000000000;20122;11;17.88;((20077, 20139), (20092, 20107, 20122));
8;0.750000000000000;20122;11;26.10;((20077, 20139), (20092, 20107, 20122));
8;0.875000000000000;20122;11;30.37;((20077, 20139), (20092, 20107, 20122));
8;0.937500000000000;20122;11;33.08;((20077, 20139), (20092, 20107, 20122));
8;0.968750000000000;20122;0;13.23;((20077, 20139), (20092, 20107, 20122));
8;0.953125000000000;20122;0;16.93;((20077, 20139), (20092, 20107, 20122));
8;0.945312500000000;20122;6;31.73;((20077, 20139), (20092, 20107, 20122));
8;0.949218750000000;20122;1;30.66;((20077, 20139), (20092, 20107, 20122));
8;0.947265625000000;20122;4;31.45;((20077, 20139), (20092, 20107, 20122));
8;0.946289062500000;20122;7;32.00;((20077, 20139), (20092, 20107, 20122));
8;0.946777343750000;20122;6;31.43;((20077, 20139), (20092, 20107, 20122));
8;0.947021484375000;20122;4;31.37;((20077, 20139), (20092, 20107, 20122));
8;0.946899414062500;20122;4;31.22;((20077, 20139), (20092, 20107, 20122));
8;0.946838378906250;20122;6;31.66;((20077, 20139), (20092, 20107, 20122));
8;0.946868896484375;20122;8;32.17;((20077, 20139), (20092, 20107, 20122));
8;0.946884155273438;20122;4;31.39;((20077, 20139), (20092, 20107, 20122));
8;0.946876525878906;20122;8;31.96;((20077, 20139), (20092, 20107, 20122));
8;0.946880340576172;20122;4;31.27;((20077, 20139), (20092, 20107, 20122));
8;0.946878433227539;20122;5;31.94;((20077, 20139), (20092, 20107, 20122));
8;0.946877479553223;20122;4;31.37;((20077, 20139), (20092, 20107, 20122));
