7;0.500000000000000;250000;11;16.67;((0, 1000000), (250000, 500000, 750000));
7;0.750000000000000;250000;0;11.74;((0, 1000000), (250000, 500000, 750000));
7;0.625000000000000;250000;11;20.30;((0, 1000000), (250000, 500000, 750000));
7;0.687500000000000;250000;11;22.29;((0, 1000000), (250000, 500000, 750000));
7;0.718750000000000;250000;11;23.39;((0, 1000000), (250000, 500000, 750000));
7;0.734375000000000;250000;11;23.77;((0, 1000000), (250000, 500000, 750000));
7;0.742187500000000;250000;11;23.93;((0, 1000000), (250000, 500000, 750000));
7;0.746093750000000;250000;7;23.52;((0, 1000000), (250000, 500000, 750000));
7;0.748046875000000;250000;0;14.10;((0, 1000000), (250000, 500000, 750000));
7;0.747070312500000;250000;1;22.49;((0, 1000000), (250000, 500000, 750000));
7;0.746582031250000;250000;4;23.44;((0, 1000000), (250000, 500000, 750000));
7;0.746337890625000;250000;6;23.41;((0, 1000000), (250000, 500000, 750000));
7;0.746459960937500;250000;7;23.37;((0, 1000000), (250000, 500000, 750000));
7;0.746520996093750;250000;8;23.63;((0, 1000000), (250000, 500000, 750000));
7;0.746551513671875;250000;5;23.12;((0, 1000000), (250000, 500000, 750000));
7;0.746536254882812;250000;6;23.47;((0, 1000000), (250000, 500000, 750000));
7;0.746543884277344;250000;4;23.48;((0, 1000000), (250000, 500000, 750000));
7;0.746540069580078;250000;5;23.17;((0, 1000000), (250000, 500000, 750000));
7;0.746538162231445;250000;4;23.15;((0, 1000000), (250000, 500000, 750000));
7;0.746537208557129;250000;6;23.28;((0, 1000000), (250000, 500000, 750000));
7;0.500000000000000;500000;11;16.43;((0, 1000000), (250000, 500000, 750000));
7;0.750000000000000;500000;0;11.34;((0, 1000000), (250000, 500000, 750000));
7;0.625000000000000;500000;0;9.86;((0, 1000000), (250000, 500000, 750000));
7;0.562500000000000;500000;11;18.53;((0, 1000000), (250000, 500000, 750000));
7;0.593750000000000;500000;0;9.53;((0, 1000000), (250000, 500000, 750000));
7;0.578125000000000;500000;0;9.57;((0, 1000000), (250000, 500000, 750000));
7;0.570312500000000;500000;0;9.71;((0, 1000000), (250000, 500000, 750000));
7;0.566406250000000;500000;0;9.92;((0, 1000000), (250000, 500000, 750000));
7;0.564453125000000;500000;11;18.54;((0, 1000000), (250000, 500000, 750000));
7;0.565429687500000;500000;1;17.45;((0, 1000000), (250000, 500000, 750000));
7;0.564941406250000;500000;5;17.99;((0, 1000000), (250000, 500000, 750000));
7;0.564697265625000;500000;8;18.16;((0, 1000000), (250000, 500000, 750000));
7;0.564819335937500;500000;7;18.39;((0, 1000000), (250000, 500000, 750000));
7;0.564880371093750;500000;9;18.38;((0, 1000000), (250000, 500000, 750000));
7;0.564910888671875;500000;6;18.06;((0, 1000000), (250000, 500000, 750000));
7;0.564926147460938;500000;4;17.80;((0, 1000000), (250000, 500000, 750000));
7;0.564918518066406;500000;7;18.24;((0, 1000000), (250000, 500000, 750000));
7;0.564922332763672;500000;8;18.18;((0, 1000000), (250000, 500000, 750000));
7;0.564924240112305;500000;6;18.21;((0, 1000000), (250000, 500000, 750000));
7;0.564925193786621;500000;4;17.82;((0, 1000000), (250000, 500000, 750000));
7;0.500000000000000;750000;11;16.41;((0, 1000000), (250000, 500000, 750000));
7;0.750000000000000;750000;0;9.69;((0, 1000000), (250000, 500000, 750000));
7;0.625000000000000;750000;0;8.81;((0, 1000000), (250000, 500000, 750000));
7;0.562500000000000;750000;0;8.63;((0, 1000000), (250000, 500000, 750000));
7;0.531250000000000;750000;11;21.03;((0, 1000000), (250000, 500000, 750000));
7;0.546875000000000;750000;0;8.67;((0, 1000000), (250000, 500000, 750000));
7;0.539062500000000;750000;0;8.88;((0, 1000000), (250000, 500000, 750000));
7;0.535156250000000;750000;8;17.37;((0, 1000000), (250000, 500000, 750000));
7;0.537109375000000;750000;0;8.89;((0, 1000000), (250000, 500000, 750000));
7;0.536132812500000;750000;0;8.98;((0, 1000000), (250000, 500000, 750000));
7;0.535644531250000;750000;5;17.08;((0, 1000000), (250000, 500000, 750000));
7;0.535400390625000;750000;6;17.19;((0, 1000000), (250000, 500000, 750000));
7;0.535522460937500;750000;4;16.94;((0, 1000000), (250000, 500000, 750000));
7;0.535461425781250;750000;6;17.10;((0, 1000000), (250000, 500000, 750000));
7;0.535491943359375;750000;7;17.22;((0, 1000000), (250000, 500000, 750000));
7;0.535507202148438;750000;5;16.97;((0, 1000000), (250000, 500000, 750000));
7;0.535499572753906;750000;4;16.94;((0, 1000000), (250000, 500000, 750000));
7;0.535495758056641;750000;6;17.08;((0, 1000000), (250000, 500000, 750000));
7;0.535497665405273;750000;5;17.24;((0, 1000000), (250000, 500000, 750000));
7;0.535496711730957;750000;5;16.99;((0, 1000000), (250000, 500000, 750000));
7;0.500000000000000;125000;11;16.29;((0, 500000), (125000, 250000, 375000));
7;0.750000000000000;125000;11;23.77;((0, 500000), (125000, 250000, 375000));
7;0.875000000000000;125000;0;11.87;((0, 500000), (125000, 250000, 375000));
7;0.812500000000000;125000;11;25.80;((0, 500000), (125000, 250000, 375000));
7;0.843750000000000;125000;11;26.83;((0, 500000), (125000, 250000, 375000));
7;0.859375000000000;125000;11;27.36;((0, 500000), (125000, 250000, 375000));
7;0.867187500000000;125000;4;26.60;((0, 500000), (125000, 250000, 375000));
7;0.863281250000000;125000;11;27.63;((0, 500000), (125000, 250000, 375000));
7;0.865234375000000;125000;9;27.29;((0, 500000), (125000, 250000, 375000));
7;0.866210937500000;125000;9;27.20;((0, 500000), (125000, 250000, 375000));
7;0.866699218750000;125000;9;27.15;((0, 500000), (125000, 250000, 375000));
7;0.866943359375000;125000;7;27.10;((0, 500000), (125000, 250000, 375000));
7;0.867065429687500;125000;4;26.59;((0, 500000), (125000, 250000, 375000));
7;0.867004394531250;125000;4;26.49;((0, 500000), (125000, 250000, 375000));
7;0.866973876953125;125000;4;26.76;((0, 500000), (125000, 250000, 375000));
7;0.866958618164062;125000;5;26.83;((0, 500000), (125000, 250000, 375000));
7;0.866950988769531;125000;6;27.22;((0, 500000), (125000, 250000, 375000));
7;0.866954803466797;125000;4;26.55;((0, 500000), (125000, 250000, 375000));
7;0.866952896118164;125000;6;26.87;((0, 500000), (125000, 250000, 375000));
7;0.866953849792480;125000;7;26.93;((0, 500000), (125000, 250000, 375000));
7;0.500000000000000;375000;11;16.73;((0, 500000), (125000, 250000, 375000));
7;0.750000000000000;375000;0;13.19;((0, 500000), (125000, 250000, 375000));
7;0.625000000000000;375000;11;20.42;((0, 500000), (125000, 250000, 375000));
7;0.687500000000000;375000;0;10.35;((0, 500000), (125000, 250000, 375000));
7;0.656250000000000;375000;0;10.46;((0, 500000), (125000, 250000, 375000));
7;0.640625000000000;375000;0;10.77;((0, 500000), (125000, 250000, 375000));
7;0.632812500000000;375000;11;20.56;((0, 500000), (125000, 250000, 375000));
7;0.636718750000000;375000;0;11.02;((0, 500000), (125000, 250000, 375000));
7;0.634765625000000;375000;3;19.81;((0, 500000), (125000, 250000, 375000));
7;0.633789062500000;375000;10;20.53;((0, 500000), (125000, 250000, 375000));
7;0.634277343750000;375000;11;20.60;((0, 500000), (125000, 250000, 375000));
7;0.634521484375000;375000;4;19.93;((0, 500000), (125000, 250000, 375000));
7;0.634399414062500;375000;5;19.95;((0, 500000), (125000, 250000, 375000));
7;0.634338378906250;375000;9;20.36;((0, 500000), (125000, 250000, 375000));
7;0.634368896484375;375000;7;20.33;((0, 500000), (125000, 250000, 375000));
7;0.634384155273438;375000;7;20.19;((0, 500000), (125000, 250000, 375000));
7;0.634391784667969;375000;6;20.26;((0, 500000), (125000, 250000, 375000));
7;0.634395599365234;375000;5;19.99;((0, 500000), (125000, 250000, 375000));
7;0.634393692016602;375000;6;20.22;((0, 500000), (125000, 250000, 375000));
7;0.634394645690918;375000;7;20.19;((0, 500000), (125000, 250000, 375000));
7;0.500000000000000;62500;11;16.14;((0, 250000), (62500, 125000, 187500));
7;0.750000000000000;62500;11;23.92;((0, 250000), (62500, 125000, 187500));
7;0.875000000000000;62500;11;27.64;((0, 250000), (62500, 125000, 187500));
7;0.937500000000000;62500;0;11.73;((0, 250000), (62500, 125000, 187500));
7;0.906250000000000;62500;11;28.63;((0, 250000), (62500, 125000, 187500));
7;0.921875000000000;62500;4;27.92;((0, 250000), (62500, 125000, 187500));
7;0.914062500000000;62500;11;28.99;((0, 250000), (62500, 125000, 187500));
7;0.917968750000000;62500;10;28.76;((0, 250000), (62500, 125000, 187500));
7;0.919921875000000;62500;10;28.73;((0, 250000), (62500, 125000, 187500));
7;0.920898437500000;62500;8;28.37;((0, 250000), (62500, 125000, 187500));
7;0.921386718750000;62500;6;28.18;((0, 250000), (62500, 125000, 187500));
7;0.921630859375000;62500;6;28.14;((0, 250000), (62500, 125000, 187500));
7;0.921752929687500;62500;7;28.34;((0, 250000), (62500, 125000, 187500));
7;0.921813964843750;62500;5;27.95;((0, 250000), (62500, 125000, 187500));
7;0.921783447265625;62500;6;28.34;((0, 250000), (62500, 125000, 187500));
7;0.921798706054688;62500;5;28.07;((0, 250000), (62500, 125000, 187500));
7;0.921791076660156;62500;7;28.30;((0, 250000), (62500, 125000, 187500));
7;0.921794891357422;62500;3;27.76;((0, 250000), (62500, 125000, 187500));
7;0.921792984008789;62500;4;27.84;((0, 250000), (62500, 125000, 187500));
7;0.921792030334473;62500;7;29.57;((0, 250000), (62500, 125000, 187500));
7;0.500000000000000;187500;11;16.57;((0, 250000), (62500, 125000, 187500));
7;0.750000000000000;187500;11;23.92;((0, 250000), (62500, 125000, 187500));
7;0.875000000000000;187500;0;11.27;((0, 250000), (62500, 125000, 187500));
7;0.812500000000000;187500;0;13.22;((0, 250000), (62500, 125000, 187500));
7;0.781250000000000;187500;11;25.01;((0, 250000), (62500, 125000, 187500));
7;0.796875000000000;187500;11;25.59;((0, 250000), (62500, 125000, 187500));
7;0.804687500000000;187500;11;25.76;((0, 250000), (62500, 125000, 187500));
7;0.808593750000000;187500;2;24.55;((0, 250000), (62500, 125000, 187500));
7;0.806640625000000;187500;11;25.75;((0, 250000), (62500, 125000, 187500));
7;0.807617187500000;187500;5;24.99;((0, 250000), (62500, 125000, 187500));
7;0.807128906250000;187500;8;25.31;((0, 250000), (62500, 125000, 187500));
7;0.807373046875000;187500;6;25.18;((0, 250000), (62500, 125000, 187500));
7;0.807495117187500;187500;5;24.86;((0, 250000), (62500, 125000, 187500));
7;0.807434082031250;187500;8;25.49;((0, 250000), (62500, 125000, 187500));
7;0.807464599609375;187500;5;24.90;((0, 250000), (62500, 125000, 187500));
7;0.807449340820312;187500;8;25.28;((0, 250000), (62500, 125000, 187500));
7;0.807456970214844;187500;4;24.91;((0, 250000), (62500, 125000, 187500));
7;0.807453155517578;187500;4;25.22;((0, 250000), (62500, 125000, 187500));
7;0.807451248168945;187500;6;25.18;((0, 250000), (62500, 125000, 187500));
7;0.807452201843262;187500;4;24.93;((0, 250000), (62500, 125000, 187500));
7;0.500000000000000;31250;11;16.47;((0, 125000), (31250, 62500, 93750));
7;0.750000000000000;31250;11;23.58;((0, 125000), (31250, 62500, 93750));
7;0.875000000000000;31250;11;27.25;((0, 125000), (31250, 62500, 93750));
7;0.937500000000000;31250;11;29.19;((0, 125000), (31250, 62500, 93750));
7;0.968750000000000;31250;0;11.66;((0, 125000), (31250, 62500, 93750));
7;0.953125000000000;31250;0;13.25;((0, 125000), (31250, 62500, 93750));
7;0.945312500000000;31250;1;27.66;((0, 125000), (31250, 62500, 93750));
7;0.941406250000000;31250;10;28.91;((0, 125000), (31250, 62500, 93750));
7;0.943359375000000;31250;5;28.39;((0, 125000), (31250, 62500, 93750));
7;0.942382812500000;31250;7;28.66;((0, 125000), (31250, 62500, 93750));
7;0.942871093750000;31250;7;29.00;((0, 125000), (31250, 62500, 93750));
7;0.943115234375000;31250;2;27.56;((0, 125000), (31250, 62500, 93750));
7;0.942993164062500;31250;6;28.40;((0, 125000), (31250, 62500, 93750));
7;0.943054199218750;31250;8;28.92;((0, 125000), (31250, 62500, 93750));
7;0.943084716796875;31250;7;28.69;((0, 125000), (31250, 62500, 93750));
7;0.943099975585938;31250;5;28.29;((0, 125000), (31250, 62500, 93750));
7;0.943092346191406;31250;7;28.53;((0, 125000), (31250, 62500, 93750));
7;0.943096160888672;31250;5;28.39;((0, 125000), (31250, 62500, 93750));
7;0.943094253540039;31250;4;28.47;((0, 125000), (31250, 62500, 93750));
7;0.943093299865723;31250;6;28.53;((0, 125000), (31250, 62500, 93750));
7;0.500000000000000;93750;11;16.25;((0, 125000), (31250, 62500, 93750));
7;0.750000000000000;93750;11;24.10;((0, 125000), (31250, 62500, 93750));
7;0.875000000000000;93750;11;27.76;((0, 125000), (31250, 62500, 93750));
7;0.937500000000000;93750;0;11.56;((0, 125000), (31250, 62500, 93750));
7;0.906250000000000;93750;0;11.99;((0, 125000), (31250, 62500, 93750));
7;0.890625000000000;93750;11;28.41;((0, 125000), (31250, 62500, 93750));
7;0.898437500000000;93750;0;15.75;((0, 125000), (31250, 62500, 93750));
7;0.894531250000000;93750;7;27.73;((0, 125000), (31250, 62500, 93750));
7;0.896484375000000;93750;2;26.71;((0, 125000), (31250, 62500, 93750));
7;0.895507812500000;93750;2;26.72;((0, 125000), (31250, 62500, 93750));
7;0.895019531250000;93750;5;27.31;((0, 125000), (31250, 62500, 93750));
7;0.894775390625000;93750;6;27.60;((0, 125000), (31250, 62500, 93750));
7;0.894897460937500;93750;4;27.43;((0, 125000), (31250, 62500, 93750));
7;0.894836425781250;93750;8;27.88;((0, 125000), (31250, 62500, 93750));
7;0.894866943359375;93750;5;27.43;((0, 125000), (31250, 62500, 93750));
7;0.894851684570312;93750;6;27.86;((0, 125000), (31250, 62500, 93750));
7;0.894859313964844;93750;2;27.08;((0, 125000), (31250, 62500, 93750));
7;0.894855499267578;93750;4;27.51;((0, 125000), (31250, 62500, 93750));
7;0.894853591918945;93750;5;27.39;((0, 125000), (31250, 62500, 93750));
7;0.894852638244629;93750;4;27.35;((0, 125000), (31250, 62500, 93750));
7;0.500000000000000;15625;11;15.88;((0, 62500), (15625, 31250, 46875));
7;0.750000000000000;15625;11;23.17;((0, 62500), (15625, 31250, 46875));
7;0.875000000000000;15625;11;27.77;((0, 62500), (15625, 31250, 46875));
7;0.937500000000000;15625;11;28.73;((0, 62500), (15625, 31250, 46875));
7;0.968750000000000;15625;0;11.82;((0, 62500), (15625, 31250, 46875));
7;0.953125000000000;15625;0;17.05;((0, 62500), (15625, 31250, 46875));
7;0.945312500000000;15625;10;28.98;((0, 62500), (15625, 31250, 46875));
7;0.949218750000000;15625;4;27.97;((0, 62500), (15625, 31250, 46875));
7;0.947265625000000;15625;8;28.59;((0, 62500), (15625, 31250, 46875));
7;0.948242187500000;15625;3;27.91;((0, 62500), (15625, 31250, 46875));
7;0.947753906250000;15625;4;28.00;((0, 62500), (15625, 31250, 46875));
7;0.947509765625000;15625;5;28.15;((0, 62500), (15625, 31250, 46875));
7;0.947387695312500;15625;9;28.73;((0, 62500), (15625, 31250, 46875));
7;0.947448730468750;15625;4;27.84;((0, 62500), (15625, 31250, 46875));
7;0.947418212890625;15625;9;28.65;((0, 62500), (15625, 31250, 46875));
7;0.947433471679688;15625;4;28.55;((0, 62500), (15625, 31250, 46875));
7;0.947425842285156;15625;6;28.32;((0, 62500), (15625, 31250, 46875));
7;0.947429656982422;15625;3;27.70;((0, 62500), (15625, 31250, 46875));
7;0.947427749633789;15625;6;28.30;((0, 62500), (15625, 31250, 46875));
7;0.947428703308105;15625;9;28.68;((0, 62500), (15625, 31250, 46875));
7;0.500000000000000;46875;11;16.12;((0, 62500), (15625, 31250, 46875));
7;0.750000000000000;46875;11;23.61;((0, 62500), (15625, 31250, 46875));
7;0.875000000000000;46875;11;27.40;((0, 62500), (15625, 31250, 46875));
7;0.937500000000000;46875;2;27.93;((0, 62500), (15625, 31250, 46875));
7;0.906250000000000;46875;11;28.20;((0, 62500), (15625, 31250, 46875));
7;0.921875000000000;46875;11;29.16;((0, 62500), (15625, 31250, 46875));
7;0.929687500000000;46875;11;30.49;((0, 62500), (15625, 31250, 46875));
7;0.933593750000000;46875;9;28.81;((0, 62500), (15625, 31250, 46875));
7;0.935546875000000;46875;3;28.16;((0, 62500), (15625, 31250, 46875));
7;0.934570312500000;46875;7;28.71;((0, 62500), (15625, 31250, 46875));
7;0.935058593750000;46875;6;28.44;((0, 62500), (15625, 31250, 46875));
7;0.935302734375000;46875;8;36.67;((0, 62500), (15625, 31250, 46875));
7;0.935424804687500;46875;7;28.52;((0, 62500), (15625, 31250, 46875));
7;0.935485839843750;46875;4;28.23;((0, 62500), (15625, 31250, 46875));
7;0.935455322265625;46875;6;28.54;((0, 62500), (15625, 31250, 46875));
7;0.935470581054688;46875;9;28.69;((0, 62500), (15625, 31250, 46875));
7;0.935478210449219;46875;5;28.24;((0, 62500), (15625, 31250, 46875));
7;0.935474395751953;46875;7;35.69;((0, 62500), (15625, 31250, 46875));
7;0.935476303100586;46875;6;28.37;((0, 62500), (15625, 31250, 46875));
7;0.935477256774902;46875;7;28.55;((0, 62500), (15625, 31250, 46875));
7;0.500000000000000;7812;11;15.79;((0, 31250), (7812, 15624, 23436));
7;0.750000000000000;7812;11;23.21;((0, 31250), (7812, 15624, 23436));
7;0.875000000000000;7812;11;26.74;((0, 31250), (7812, 15624, 23436));
7;0.937500000000000;7812;1;27.05;((0, 31250), (7812, 15624, 23436));
7;0.906250000000000;7812;11;27.75;((0, 31250), (7812, 15624, 23436));
7;0.921875000000000;7812;11;27.99;((0, 31250), (7812, 15624, 23436));
7;0.929687500000000;7812;10;28.43;((0, 31250), (7812, 15624, 23436));
7;0.933593750000000;7812;5;27.57;((0, 31250), (7812, 15624, 23436));
7;0.931640625000000;7812;7;27.93;((0, 31250), (7812, 15624, 23436));
7;0.932617187500000;7812;7;27.73;((0, 31250), (7812, 15624, 23436));
7;0.933105468750000;7812;7;27.78;((0, 31250), (7812, 15624, 23436));
7;0.933349609375000;7812;5;27.64;((0, 31250), (7812, 15624, 23436));
7;0.933227539062500;7812;8;27.97;((0, 31250), (7812, 15624, 23436));
7;0.933288574218750;7812;5;27.97;((0, 31250), (7812, 15624, 23436));
7;0.933258056640625;7812;8;28.05;((0, 31250), (7812, 15624, 23436));
7;0.933273315429688;7812;9;28.35;((0, 31250), (7812, 15624, 23436));
7;0.933280944824219;7812;9;28.01;((0, 31250), (7812, 15624, 23436));
7;0.933284759521484;7812;6;27.82;((0, 31250), (7812, 15624, 23436));
7;0.933286666870117;7812;5;27.63;((0, 31250), (7812, 15624, 23436));
7;0.933285713195801;7812;4;28.00;((0, 31250), (7812, 15624, 23436));
7;0.500000000000000;15624;11;15.90;((0, 31250), (7812, 15624, 23436));
7;0.750000000000000;15624;11;23.25;((0, 31250), (7812, 15624, 23436));
7;0.875000000000000;15624;11;26.91;((0, 31250), (7812, 15624, 23436));
7;0.937500000000000;15624;11;28.79;((0, 31250), (7812, 15624, 23436));
7;0.968750000000000;15624;0;12.05;((0, 31250), (7812, 15624, 23436));
7;0.953125000000000;15624;0;14.88;((0, 31250), (7812, 15624, 23436));
7;0.945312500000000;15624;8;36.70;((0, 31250), (7812, 15624, 23436));
7;0.949218750000000;15624;1;27.30;((0, 31250), (7812, 15624, 23436));
7;0.947265625000000;15624;7;28.36;((0, 31250), (7812, 15624, 23436));
7;0.948242187500000;15624;4;27.91;((0, 31250), (7812, 15624, 23436));
7;0.947753906250000;15624;3;27.61;((0, 31250), (7812, 15624, 23436));
7;0.947509765625000;15624;4;28.14;((0, 31250), (7812, 15624, 23436));
7;0.947387695312500;15624;1;27.30;((0, 31250), (7812, 15624, 23436));
7;0.947326660156250;15624;2;27.55;((0, 31250), (7812, 15624, 23436));
7;0.947296142578125;15624;3;27.75;((0, 31250), (7812, 15624, 23436));
7;0.947280883789062;15624;3;27.71;((0, 31250), (7812, 15624, 23436));
7;0.947273254394531;15624;4;27.76;((0, 31250), (7812, 15624, 23436));
7;0.947269439697266;15624;5;28.11;((0, 31250), (7812, 15624, 23436));
7;0.947267532348633;15624;2;27.33;((0, 31250), (7812, 15624, 23436));
7;0.947266578674316;15624;4;28.18;((0, 31250), (7812, 15624, 23436));
7;0.500000000000000;23436;11;15.97;((0, 31250), (7812, 15624, 23436));
7;0.750000000000000;23436;11;23.34;((0, 31250), (7812, 15624, 23436));
7;0.875000000000000;23436;11;27.14;((0, 31250), (7812, 15624, 23436));
7;0.937500000000000;23436;11;29.22;((0, 31250), (7812, 15624, 23436));
7;0.968750000000000;23436;0;12.17;((0, 31250), (7812, 15624, 23436));
7;0.953125000000000;23436;0;16.76;((0, 31250), (7812, 15624, 23436));
7;0.945312500000000;23436;7;28.54;((0, 31250), (7812, 15624, 23436));
7;0.949218750000000;23436;1;27.87;((0, 31250), (7812, 15624, 23436));
7;0.947265625000000;23436;4;28.13;((0, 31250), (7812, 15624, 23436));
7;0.946289062500000;23436;10;29.08;((0, 31250), (7812, 15624, 23436));
7;0.946777343750000;23436;2;27.78;((0, 31250), (7812, 15624, 23436));
7;0.946533203125000;23436;4;28.06;((0, 31250), (7812, 15624, 23436));
7;0.946411132812500;23436;7;28.85;((0, 31250), (7812, 15624, 23436));
7;0.946472167968750;23436;6;28.31;((0, 31250), (7812, 15624, 23436));
7;0.946502685546875;23436;5;28.28;((0, 31250), (7812, 15624, 23436));
7;0.946487426757812;23436;6;28.20;((0, 31250), (7812, 15624, 23436));
7;0.946495056152344;23436;7;29.82;((0, 31250), (7812, 15624, 23436));
7;0.946498870849609;23436;5;28.32;((0, 31250), (7812, 15624, 23436));
7;0.946496963500977;23436;4;28.06;((0, 31250), (7812, 15624, 23436));
7;0.946496009826660;23436;3;27.69;((0, 31250), (7812, 15624, 23436));
7;0.500000000000000;11718;11;15.82;((7812, 23436), (11718, 15624, 19530));
7;0.750000000000000;11718;11;23.16;((7812, 23436), (11718, 15624, 19530));
7;0.875000000000000;11718;11;26.99;((7812, 23436), (11718, 15624, 19530));
7;0.937500000000000;11718;11;28.70;((7812, 23436), (11718, 15624, 19530));
7;0.968750000000000;11718;0;11.55;((7812, 23436), (11718, 15624, 19530));
7;0.953125000000000;11718;0;13.54;((7812, 23436), (11718, 15624, 19530));
7;0.945312500000000;11718;1;27.20;((7812, 23436), (11718, 15624, 19530));
7;0.941406250000000;11718;6;28.09;((7812, 23436), (11718, 15624, 19530));
7;0.943359375000000;11718;4;27.85;((7812, 23436), (11718, 15624, 19530));
7;0.942382812500000;11718;6;27.79;((7812, 23436), (11718, 15624, 19530));
7;0.942871093750000;11718;5;27.79;((7812, 23436), (11718, 15624, 19530));
7;0.942626953125000;11718;5;27.78;((7812, 23436), (11718, 15624, 19530));
7;0.942504882812500;11718;5;27.75;((7812, 23436), (11718, 15624, 19530));
7;0.942443847656250;11718;8;28.47;((7812, 23436), (11718, 15624, 19530));
7;0.942474365234375;11718;7;27.98;((7812, 23436), (11718, 15624, 19530));
7;0.942489624023438;11718;7;28.35;((7812, 23436), (11718, 15624, 19530));
7;0.942497253417969;11718;4;27.72;((7812, 23436), (11718, 15624, 19530));
7;0.942493438720703;11718;3;27.70;((7812, 23436), (11718, 15624, 19530));
7;0.942491531372070;11718;7;28.22;((7812, 23436), (11718, 15624, 19530));
7;0.942492485046387;11718;5;27.85;((7812, 23436), (11718, 15624, 19530));
7;0.500000000000000;19530;11;16.26;((7812, 23436), (11718, 15624, 19530));
7;0.750000000000000;19530;11;23.85;((7812, 23436), (11718, 15624, 19530));
7;0.875000000000000;19530;11;26.91;((7812, 23436), (11718, 15624, 19530));
7;0.937500000000000;19530;11;28.85;((7812, 23436), (11718, 15624, 19530));
7;0.968750000000000;19530;0;11.51;((7812, 23436), (11718, 15624, 19530));
7;0.953125000000000;19530;0;16.97;((7812, 23436), (11718, 15624, 19530));
7;0.945312500000000;19530;9;28.84;((7812, 23436), (11718, 15624, 19530));
7;0.949218750000000;19530;3;27.83;((7812, 23436), (11718, 15624, 19530));
7;0.947265625000000;19530;4;27.96;((7812, 23436), (11718, 15624, 19530));
7;0.946289062500000;19530;7;28.30;((7812, 23436), (11718, 15624, 19530));
7;0.946777343750000;19530;4;28.22;((7812, 23436), (11718, 15624, 19530));
7;0.946533203125000;19530;7;28.46;((7812, 23436), (11718, 15624, 19530));
7;0.946655273437500;19530;7;29.03;((7812, 23436), (11718, 15624, 19530));
7;0.946716308593750;19530;7;28.38;((7812, 23436), (11718, 15624, 19530));
7;0.946746826171875;19530;6;28.34;((7812, 23436), (11718, 15624, 19530));
7;0.946762084960938;19530;6;28.21;((7812, 23436), (11718, 15624, 19530));
7;0.946769714355469;19530;7;28.27;((7812, 23436), (11718, 15624, 19530));
7;0.946773529052734;19530;5;28.18;((7812, 23436), (11718, 15624, 19530));
7;0.946771621704102;19530;8;28.48;((7812, 23436), (11718, 15624, 19530));
7;0.946772575378418;19530;6;28.65;((7812, 23436), (11718, 15624, 19530));
7;0.500000000000000;13671;11;15.87;((11718, 19530), (13671, 15624, 17577));
7;0.750000000000000;13671;11;23.35;((11718, 19530), (13671, 15624, 17577));
7;0.875000000000000;13671;11;26.96;((11718, 19530), (13671, 15624, 17577));
7;0.937500000000000;13671;11;28.75;((11718, 19530), (13671, 15624, 17577));
7;0.968750000000000;13671;0;11.93;((11718, 19530), (13671, 15624, 17577));
7;0.953125000000000;13671;0;17.31;((11718, 19530), (13671, 15624, 17577));
7;0.945312500000000;13671;7;28.29;((11718, 19530), (13671, 15624, 17577));
7;0.949218750000000;13671;2;27.85;((11718, 19530), (13671, 15624, 17577));
7;0.947265625000000;13671;5;28.71;((11718, 19530), (13671, 15624, 17577));
7;0.946289062500000;13671;6;28.27;((11718, 19530), (13671, 15624, 17577));
7;0.946777343750000;13671;5;28.06;((11718, 19530), (13671, 15624, 17577));
7;0.946533203125000;13671;8;28.26;((11718, 19530), (13671, 15624, 17577));
7;0.946655273437500;13671;6;28.18;((11718, 19530), (13671, 15624, 17577));
7;0.946716308593750;13671;4;28.04;((11718, 19530), (13671, 15624, 17577));
7;0.946685791015625;13671;6;28.19;((11718, 19530), (13671, 15624, 17577));
7;0.946701049804688;13671;7;28.78;((11718, 19530), (13671, 15624, 17577));
7;0.946708679199219;13671;5;28.10;((11718, 19530), (13671, 15624, 17577));
7;0.946704864501953;13671;7;34.40;((11718, 19530), (13671, 15624, 17577));
7;0.946706771850586;13671;3;28.16;((11718, 19530), (13671, 15624, 17577));
7;0.946705818176270;13671;5;28.21;((11718, 19530), (13671, 15624, 17577));
7;0.500000000000000;17577;11;15.89;((11718, 19530), (13671, 15624, 17577));
7;0.750000000000000;17577;11;23.40;((11718, 19530), (13671, 15624, 17577));
7;0.875000000000000;17577;11;27.99;((11718, 19530), (13671, 15624, 17577));
7;0.937500000000000;17577;11;28.85;((11718, 19530), (13671, 15624, 17577));
7;0.968750000000000;17577;0;11.69;((11718, 19530), (13671, 15624, 17577));
7;0.953125000000000;17577;1;27.20;((11718, 19530), (13671, 15624, 17577));
7;0.945312500000000;17577;9;28.50;((11718, 19530), (13671, 15624, 17577));
7;0.949218750000000;17577;5;28.46;((11718, 19530), (13671, 15624, 17577));
7;0.947265625000000;17577;7;28.68;((11718, 19530), (13671, 15624, 17577));
7;0.948242187500000;17577;8;28.81;((11718, 19530), (13671, 15624, 17577));
7;0.948730468750000;17577;6;28.24;((11718, 19530), (13671, 15624, 17577));
7;0.948974609375000;17577;3;27.97;((11718, 19530), (13671, 15624, 17577));
7;0.948852539062500;17577;3;27.85;((11718, 19530), (13671, 15624, 17577));
7;0.948791503906250;17577;7;28.30;((11718, 19530), (13671, 15624, 17577));
7;0.948822021484375;17577;5;28.33;((11718, 19530), (13671, 15624, 17577));
7;0.948806762695312;17577;6;28.38;((11718, 19530), (13671, 15624, 17577));
7;0.948814392089844;17577;3;27.96;((11718, 19530), (13671, 15624, 17577));
7;0.948810577392578;17577;3;27.80;((11718, 19530), (13671, 15624, 17577));
7;0.948808670043945;17577;7;28.51;((11718, 19530), (13671, 15624, 17577));
7;0.948809623718262;17577;6;28.35;((11718, 19530), (13671, 15624, 17577));
7;0.500000000000000;16600;11;16.27;((15624, 19530), (16600, 17576, 18552));
7;0.750000000000000;16600;11;26.40;((15624, 19530), (16600, 17576, 18552));
7;0.875000000000000;16600;11;29.72;((15624, 19530), (16600, 17576, 18552));
7;0.937500000000000;16600;11;38.55;((15624, 19530), (16600, 17576, 18552));
7;0.968750000000000;16600;0;11.99;((15624, 19530), (16600, 17576, 18552));
7;0.953125000000000;16600;0;18.19;((15624, 19530), (16600, 17576, 18552));
7;0.945312500000000;16600;9;28.71;((15624, 19530), (16600, 17576, 18552));
7;0.949218750000000;16600;3;27.87;((15624, 19530), (16600, 17576, 18552));
7;0.947265625000000;16600;5;28.24;((15624, 19530), (16600, 17576, 18552));
7;0.946289062500000;16600;7;28.88;((15624, 19530), (16600, 17576, 18552));
7;0.946777343750000;16600;6;28.31;((15624, 19530), (16600, 17576, 18552));
7;0.947021484375000;16600;8;28.62;((15624, 19530), (16600, 17576, 18552));
7;0.947143554687500;16600;8;28.61;((15624, 19530), (16600, 17576, 18552));
7;0.947204589843750;16600;7;28.85;((15624, 19530), (16600, 17576, 18552));
7;0.947235107421875;16600;9;28.64;((15624, 19530), (16600, 17576, 18552));
7;0.947250366210938;16600;6;28.98;((15624, 19530), (16600, 17576, 18552));
7;0.947257995605469;16600;8;28.45;((15624, 19530), (16600, 17576, 18552));
7;0.947261810302734;16600;4;28.53;((15624, 19530), (16600, 17576, 18552));
7;0.947259902954102;16600;3;27.82;((15624, 19530), (16600, 17576, 18552));
7;0.947258949279785;16600;8;28.58;((15624, 19530), (16600, 17576, 18552));
7;0.500000000000000;17576;11;15.88;((15624, 19530), (16600, 17576, 18552));
7;0.750000000000000;17576;11;23.41;((15624, 19530), (16600, 17576, 18552));
7;0.875000000000000;17576;11;28.86;((15624, 19530), (16600, 17576, 18552));
7;0.937500000000000;17576;11;28.93;((15624, 19530), (16600, 17576, 18552));
7;0.968750000000000;17576;0;11.67;((15624, 19530), (16600, 17576, 18552));
7;0.953125000000000;17576;0;14.86;((15624, 19530), (16600, 17576, 18552));
7;0.945312500000000;17576;4;28.12;((15624, 19530), (16600, 17576, 18552));
7;0.941406250000000;17576;10;29.56;((15624, 19530), (16600, 17576, 18552));
7;0.943359375000000;17576;11;29.06;((15624, 19530), (16600, 17576, 18552));
7;0.944335937500000;17576;7;28.73;((15624, 19530), (16600, 17576, 18552));
7;0.944824218750000;17576;7;28.43;((15624, 19530), (16600, 17576, 18552));
7;0.945068359375000;17576;8;28.51;((15624, 19530), (16600, 17576, 18552));
7;0.945190429687500;17576;6;28.44;((15624, 19530), (16600, 17576, 18552));
7;0.945251464843750;17576;9;28.74;((15624, 19530), (16600, 17576, 18552));
7;0.945281982421875;17576;8;29.23;((15624, 19530), (16600, 17576, 18552));
7;0.945297241210938;17576;6;28.31;((15624, 19530), (16600, 17576, 18552));
7;0.945304870605469;17576;7;28.30;((15624, 19530), (16600, 17576, 18552));
7;0.945308685302734;17576;9;28.89;((15624, 19530), (16600, 17576, 18552));
7;0.945310592651367;17576;7;28.47;((15624, 19530), (16600, 17576, 18552));
7;0.945311546325684;17576;6;28.32;((15624, 19530), (16600, 17576, 18552));
7;0.500000000000000;18552;11;15.92;((15624, 19530), (16600, 17576, 18552));
7;0.750000000000000;18552;11;23.90;((15624, 19530), (16600, 17576, 18552));
7;0.875000000000000;18552;11;27.09;((15624, 19530), (16600, 17576, 18552));
7;0.937500000000000;18552;11;28.93;((15624, 19530), (16600, 17576, 18552));
7;0.968750000000000;18552;0;11.72;((15624, 19530), (16600, 17576, 18552));
7;0.953125000000000;18552;0;14.27;((15624, 19530), (16600, 17576, 18552));
7;0.945312500000000;18552;7;28.55;((15624, 19530), (16600, 17576, 18552));
7;0.949218750000000;18552;1;27.96;((15624, 19530), (16600, 17576, 18552));
7;0.947265625000000;18552;5;28.20;((15624, 19530), (16600, 17576, 18552));
7;0.946289062500000;18552;7;28.36;((15624, 19530), (16600, 17576, 18552));
7;0.946777343750000;18552;5;28.47;((15624, 19530), (16600, 17576, 18552));
7;0.946533203125000;18552;6;28.42;((15624, 19530), (16600, 17576, 18552));
7;0.946655273437500;18552;8;36.41;((15624, 19530), (16600, 17576, 18552));
7;0.946716308593750;18552;6;28.28;((15624, 19530), (16600, 17576, 18552));
7;0.946746826171875;18552;6;28.61;((15624, 19530), (16600, 17576, 18552));
7;0.946762084960938;18552;4;28.20;((15624, 19530), (16600, 17576, 18552));
7;0.946754455566406;18552;5;28.18;((15624, 19530), (16600, 17576, 18552));
7;0.946750640869141;18552;8;28.55;((15624, 19530), (16600, 17576, 18552));
7;0.946752548217773;18552;4;28.14;((15624, 19530), (16600, 17576, 18552));
7;0.946751594543457;18552;6;28.35;((15624, 19530), (16600, 17576, 18552));
7;0.500000000000000;16112;11;16.22;((15624, 17576), (16112, 16600, 17088));
7;0.750000000000000;16112;11;23.22;((15624, 17576), (16112, 16600, 17088));
7;0.875000000000000;16112;11;27.08;((15624, 17576), (16112, 16600, 17088));
7;0.937500000000000;16112;11;28.83;((15624, 17576), (16112, 16600, 17088));
7;0.968750000000000;16112;0;11.73;((15624, 17576), (16112, 16600, 17088));
7;0.953125000000000;16112;2;27.39;((15624, 17576), (16112, 16600, 17088));
7;0.945312500000000;16112;11;28.79;((15624, 17576), (16112, 16600, 17088));
7;0.949218750000000;16112;6;28.26;((15624, 17576), (16112, 16600, 17088));
7;0.951171875000000;16112;1;27.30;((15624, 17576), (16112, 16600, 17088));
7;0.950195312500000;16112;4;28.01;((15624, 17576), (16112, 16600, 17088));
7;0.949707031250000;16112;3;28.06;((15624, 17576), (16112, 16600, 17088));
7;0.949462890625000;16112;5;28.20;((15624, 17576), (16112, 16600, 17088));
7;0.949340820312500;16112;4;27.97;((15624, 17576), (16112, 16600, 17088));
7;0.949279785156250;16112;3;27.78;((15624, 17576), (16112, 16600, 17088));
7;0.949249267578125;16112;3;28.65;((15624, 17576), (16112, 16600, 17088));
7;0.949234008789062;16112;5;28.05;((15624, 17576), (16112, 16600, 17088));
7;0.949226379394531;16112;3;27.71;((15624, 17576), (16112, 16600, 17088));
7;0.949222564697266;16112;2;28.00;((15624, 17576), (16112, 16600, 17088));
7;0.949220657348633;16112;4;28.17;((15624, 17576), (16112, 16600, 17088));
7;0.949219703674316;16112;3;27.67;((15624, 17576), (16112, 16600, 17088));
7;0.500000000000000;17088;11;15.90;((15624, 17576), (16112, 16600, 17088));
7;0.750000000000000;17088;11;23.25;((15624, 17576), (16112, 16600, 17088));
7;0.875000000000000;17088;11;27.08;((15624, 17576), (16112, 16600, 17088));
7;0.937500000000000;17088;11;28.76;((15624, 17576), (16112, 16600, 17088));
7;0.968750000000000;17088;0;11.65;((15624, 17576), (16112, 16600, 17088));
7;0.953125000000000;17088;0;15.99;((15624, 17576), (16112, 16600, 17088));
7;0.945312500000000;17088;11;29.09;((15624, 17576), (16112, 16600, 17088));
7;0.949218750000000;17088;7;28.55;((15624, 17576), (16112, 16600, 17088));
7;0.951171875000000;17088;3;27.90;((15624, 17576), (16112, 16600, 17088));
7;0.950195312500000;17088;7;28.51;((15624, 17576), (16112, 16600, 17088));
7;0.950683593750000;17088;3;28.07;((15624, 17576), (16112, 16600, 17088));
7;0.950439453125000;17088;1;27.49;((15624, 17576), (16112, 16600, 17088));
7;0.950317382812500;17088;5;28.46;((15624, 17576), (16112, 16600, 17088));
7;0.950256347656250;17088;3;28.00;((15624, 17576), (16112, 16600, 17088));
7;0.950225830078125;17088;2;27.68;((15624, 17576), (16112, 16600, 17088));
7;0.950210571289062;17088;2;27.76;((15624, 17576), (16112, 16600, 17088));
7;0.950202941894531;17088;4;28.00;((15624, 17576), (16112, 16600, 17088));
7;0.950199127197266;17088;5;28.13;((15624, 17576), (16112, 16600, 17088));
7;0.950197219848633;17088;3;27.84;((15624, 17576), (16112, 16600, 17088));
7;0.950196266174316;17088;0;16.89;((15624, 17576), (16112, 16600, 17088));
7;0.500000000000000;16844;11;15.93;((16600, 17576), (16844, 17088, 17332));
7;0.750000000000000;16844;11;23.28;((16600, 17576), (16844, 17088, 17332));
7;0.875000000000000;16844;11;27.16;((16600, 17576), (16844, 17088, 17332));
7;0.937500000000000;16844;11;28.84;((16600, 17576), (16844, 17088, 17332));
7;0.968750000000000;16844;0;11.68;((16600, 17576), (16844, 17088, 17332));
7;0.953125000000000;16844;0;18.97;((16600, 17576), (16844, 17088, 17332));
7;0.945312500000000;16844;7;28.42;((16600, 17576), (16844, 17088, 17332));
7;0.949218750000000;16844;3;28.15;((16600, 17576), (16844, 17088, 17332));
7;0.947265625000000;16844;5;28.15;((16600, 17576), (16844, 17088, 17332));
7;0.946289062500000;16844;4;28.20;((16600, 17576), (16844, 17088, 17332));
7;0.945800781250000;16844;8;28.40;((16600, 17576), (16844, 17088, 17332));
7;0.946044921875000;16844;6;28.46;((16600, 17576), (16844, 17088, 17332));
7;0.946166992187500;16844;7;28.26;((16600, 17576), (16844, 17088, 17332));
7;0.946228027343750;16844;7;28.71;((16600, 17576), (16844, 17088, 17332));
7;0.946258544921875;16844;5;28.12;((16600, 17576), (16844, 17088, 17332));
7;0.946243286132812;16844;8;28.54;((16600, 17576), (16844, 17088, 17332));
7;0.946250915527344;16844;6;32.21;((16600, 17576), (16844, 17088, 17332));
7;0.946254730224609;16844;6;28.13;((16600, 17576), (16844, 17088, 17332));
7;0.946256637573242;16844;7;28.33;((16600, 17576), (16844, 17088, 17332));
7;0.946257591247559;16844;6;28.20;((16600, 17576), (16844, 17088, 17332));
7;0.500000000000000;17332;11;15.84;((16600, 17576), (16844, 17088, 17332));
7;0.750000000000000;17332;11;23.42;((16600, 17576), (16844, 17088, 17332));
7;0.875000000000000;17332;11;27.46;((16600, 17576), (16844, 17088, 17332));
7;0.937500000000000;17332;11;28.87;((16600, 17576), (16844, 17088, 17332));
7;0.968750000000000;17332;0;11.64;((16600, 17576), (16844, 17088, 17332));
7;0.953125000000000;17332;0;16.06;((16600, 17576), (16844, 17088, 17332));
7;0.945312500000000;17332;5;28.30;((16600, 17576), (16844, 17088, 17332));
7;0.941406250000000;17332;11;29.04;((16600, 17576), (16844, 17088, 17332));
7;0.943359375000000;17332;9;30.33;((16600, 17576), (16844, 17088, 17332));
7;0.944335937500000;17332;6;28.39;((16600, 17576), (16844, 17088, 17332));
7;0.944824218750000;17332;7;28.32;((16600, 17576), (16844, 17088, 17332));
7;0.945068359375000;17332;6;28.18;((16600, 17576), (16844, 17088, 17332));
7;0.945190429687500;17332;5;28.10;((16600, 17576), (16844, 17088, 17332));
7;0.945129394531250;17332;6;28.21;((16600, 17576), (16844, 17088, 17332));
7;0.945159912109375;17332;4;28.00;((16600, 17576), (16844, 17088, 17332));
7;0.945144653320312;17332;7;28.46;((16600, 17576), (16844, 17088, 17332));
7;0.945152282714844;17332;8;28.54;((16600, 17576), (16844, 17088, 17332));
7;0.945156097412109;17332;5;28.08;((16600, 17576), (16844, 17088, 17332));
7;0.945154190063477;17332;7;28.45;((16600, 17576), (16844, 17088, 17332));
7;0.945155143737793;17332;7;28.39;((16600, 17576), (16844, 17088, 17332));
7;0.500000000000000;16966;11;15.94;((16844, 17332), (16966, 17088, 17210));
7;0.750000000000000;16966;11;23.28;((16844, 17332), (16966, 17088, 17210));
7;0.875000000000000;16966;11;27.15;((16844, 17332), (16966, 17088, 17210));
7;0.937500000000000;16966;11;36.68;((16844, 17332), (16966, 17088, 17210));
7;0.968750000000000;16966;0;11.76;((16844, 17332), (16966, 17088, 17210));
7;0.953125000000000;16966;0;19.26;((16844, 17332), (16966, 17088, 17210));
7;0.945312500000000;16966;11;29.61;((16844, 17332), (16966, 17088, 17210));
7;0.949218750000000;16966;3;28.11;((16844, 17332), (16966, 17088, 17210));
7;0.947265625000000;16966;8;29.68;((16844, 17332), (16966, 17088, 17210));
7;0.948242187500000;16966;2;27.56;((16844, 17332), (16966, 17088, 17210));
7;0.947753906250000;16966;6;28.48;((16844, 17332), (16966, 17088, 17210));
7;0.947998046875000;16966;6;28.51;((16844, 17332), (16966, 17088, 17210));
7;0.948120117187500;16966;7;28.40;((16844, 17332), (16966, 17088, 17210));
7;0.948181152343750;16966;7;29.45;((16844, 17332), (16966, 17088, 17210));
7;0.948211669921875;16966;9;29.06;((16844, 17332), (16966, 17088, 17210));
7;0.948226928710938;16966;6;28.42;((16844, 17332), (16966, 17088, 17210));
7;0.948234558105469;16966;6;28.52;((16844, 17332), (16966, 17088, 17210));
7;0.948238372802734;16966;7;28.49;((16844, 17332), (16966, 17088, 17210));
7;0.948240280151367;16966;5;28.34;((16844, 17332), (16966, 17088, 17210));
7;0.948239326477051;16966;7;28.51;((16844, 17332), (16966, 17088, 17210));
7;0.500000000000000;17210;11;15.88;((16844, 17332), (16966, 17088, 17210));
7;0.750000000000000;17210;11;23.37;((16844, 17332), (16966, 17088, 17210));
7;0.875000000000000;17210;11;26.93;((16844, 17332), (16966, 17088, 17210));
7;0.937500000000000;17210;11;28.99;((16844, 17332), (16966, 17088, 17210));
7;0.968750000000000;17210;0;11.59;((16844, 17332), (16966, 17088, 17210));
7;0.953125000000000;17210;0;16.76;((16844, 17332), (16966, 17088, 17210));
7;0.945312500000000;17210;6;28.23;((16844, 17332), (16966, 17088, 17210));
7;0.949218750000000;17210;1;27.46;((16844, 17332), (16966, 17088, 17210));
7;0.947265625000000;17210;4;28.01;((16844, 17332), (16966, 17088, 17210));
7;0.946289062500000;17210;5;28.05;((16844, 17332), (16966, 17088, 17210));
7;0.945800781250000;17210;9;28.74;((16844, 17332), (16966, 17088, 17210));
7;0.946044921875000;17210;4;28.67;((16844, 17332), (16966, 17088, 17210));
7;0.945922851562500;17210;5;28.01;((16844, 17332), (16966, 17088, 17210));
7;0.945861816406250;17210;6;28.57;((16844, 17332), (16966, 17088, 17210));
7;0.945892333984375;17210;6;28.22;((16844, 17332), (16966, 17088, 17210));
7;0.945907592773438;17210;7;28.61;((16844, 17332), (16966, 17088, 17210));
7;0.945915222167969;17210;6;28.20;((16844, 17332), (16966, 17088, 17210));
7;0.945919036865234;17210;7;28.40;((16844, 17332), (16966, 17088, 17210));
7;0.945920944213867;17210;7;28.19;((16844, 17332), (16966, 17088, 17210));
7;0.945921897888184;17210;9;28.57;((16844, 17332), (16966, 17088, 17210));
7;0.500000000000000;17027;11;15.90;((16966, 17210), (17027, 17088, 17149));
7;0.750000000000000;17027;11;23.47;((16966, 17210), (17027, 17088, 17149));
7;0.875000000000000;17027;11;27.12;((16966, 17210), (17027, 17088, 17149));
7;0.937500000000000;17027;11;29.07;((16966, 17210), (17027, 17088, 17149));
7;0.968750000000000;17027;0;12.37;((16966, 17210), (17027, 17088, 17149));
7;0.953125000000000;17027;0;18.25;((16966, 17210), (17027, 17088, 17149));
7;0.945312500000000;17027;10;28.87;((16966, 17210), (17027, 17088, 17149));
7;0.949218750000000;17027;7;29.02;((16966, 17210), (17027, 17088, 17149));
7;0.951171875000000;17027;1;27.34;((16966, 17210), (17027, 17088, 17149));
7;0.950195312500000;17027;3;27.85;((16966, 17210), (17027, 17088, 17149));
7;0.949707031250000;17027;3;28.52;((16966, 17210), (17027, 17088, 17149));
7;0.949462890625000;17027;6;28.33;((16966, 17210), (17027, 17088, 17149));
7;0.949584960937500;17027;2;28.07;((16966, 17210), (17027, 17088, 17149));
7;0.949523925781250;17027;4;28.11;((16966, 17210), (17027, 17088, 17149));
7;0.949493408203125;17027;3;27.99;((16966, 17210), (17027, 17088, 17149));
7;0.949478149414062;17027;3;27.84;((16966, 17210), (17027, 17088, 17149));
7;0.949470520019531;17027;4;28.18;((16966, 17210), (17027, 17088, 17149));
7;0.949466705322266;17027;2;27.47;((16966, 17210), (17027, 17088, 17149));
7;0.949464797973633;17027;6;28.36;((16966, 17210), (17027, 17088, 17149));
7;0.949465751647949;17027;6;28.41;((16966, 17210), (17027, 17088, 17149));
7;0.500000000000000;17149;11;15.86;((16966, 17210), (17027, 17088, 17149));
7;0.750000000000000;17149;11;23.30;((16966, 17210), (17027, 17088, 17149));
7;0.875000000000000;17149;11;26.85;((16966, 17210), (17027, 17088, 17149));
7;0.937500000000000;17149;11;28.78;((16966, 17210), (17027, 17088, 17149));
7;0.968750000000000;17149;0;11.90;((16966, 17210), (17027, 17088, 17149));
7;0.953125000000000;17149;1;27.45;((16966, 17210), (17027, 17088, 17149));
7;0.945312500000000;17149;9;28.78;((16966, 17210), (17027, 17088, 17149));
7;0.949218750000000;17149;5;28.32;((16966, 17210), (17027, 17088, 17149));
7;0.947265625000000;17149;8;28.46;((16966, 17210), (17027, 17088, 17149));
7;0.948242187500000;17149;9;28.90;((16966, 17210), (17027, 17088, 17149));
7;0.948730468750000;17149;3;27.83;((16966, 17210), (17027, 17088, 17149));
7;0.948486328125000;17149;8;28.37;((16966, 17210), (17027, 17088, 17149));
7;0.948608398437500;17149;7;28.45;((16966, 17210), (17027, 17088, 17149));
7;0.948669433593750;17149;4;31.50;((16966, 17210), (17027, 17088, 17149));
7;0.948638916015625;17149;6;28.42;((16966, 17210), (17027, 17088, 17149));
7;0.948654174804688;17149;6;28.34;((16966, 17210), (17027, 17088, 17149));
7;0.948661804199219;17149;7;28.60;((16966, 17210), (17027, 17088, 17149));
7;0.948665618896484;17149;3;27.65;((16966, 17210), (17027, 17088, 17149));
7;0.948663711547852;17149;5;28.27;((16966, 17210), (17027, 17088, 17149));
7;0.948662757873535;17149;4;28.21;((16966, 17210), (17027, 17088, 17149));
7;0.500000000000000;17057;11;15.88;((17027, 17149), (17057, 17087, 17117));
7;0.750000000000000;17057;11;23.33;((17027, 17149), (17057, 17087, 17117));
7;0.875000000000000;17057;11;27.12;((17027, 17149), (17057, 17087, 17117));
7;0.937500000000000;17057;11;28.82;((17027, 17149), (17057, 17087, 17117));
7;0.968750000000000;17057;0;11.76;((17027, 17149), (17057, 17087, 17117));
7;0.953125000000000;17057;1;27.46;((17027, 17149), (17057, 17087, 17117));
7;0.945312500000000;17057;10;28.75;((17027, 17149), (17057, 17087, 17117));
7;0.949218750000000;17057;4;28.54;((17027, 17149), (17057, 17087, 17117));
7;0.947265625000000;17057;7;29.08;((17027, 17149), (17057, 17087, 17117));
7;0.948242187500000;17057;7;28.37;((17027, 17149), (17057, 17087, 17117));
7;0.948730468750000;17057;2;27.74;((17027, 17149), (17057, 17087, 17117));
7;0.948486328125000;17057;9;28.62;((17027, 17149), (17057, 17087, 17117));
7;0.948608398437500;17057;6;28.41;((17027, 17149), (17057, 17087, 17117));
7;0.948669433593750;17057;6;28.13;((17027, 17149), (17057, 17087, 17117));
7;0.948699951171875;17057;7;28.37;((17027, 17149), (17057, 17087, 17117));
7;0.948715209960938;17057;8;28.59;((17027, 17149), (17057, 17087, 17117));
7;0.948722839355469;17057;4;28.08;((17027, 17149), (17057, 17087, 17117));
7;0.948719024658203;17057;5;28.43;((17027, 17149), (17057, 17087, 17117));
7;0.948717117309570;17057;4;28.07;((17027, 17149), (17057, 17087, 17117));
7;0.948716163635254;17057;6;28.52;((17027, 17149), (17057, 17087, 17117));
7;0.500000000000000;17087;11;15.92;((17027, 17149), (17057, 17087, 17117));
7;0.750000000000000;17087;11;23.40;((17027, 17149), (17057, 17087, 17117));
7;0.875000000000000;17087;11;26.97;((17027, 17149), (17057, 17087, 17117));
7;0.937500000000000;17087;11;28.88;((17027, 17149), (17057, 17087, 17117));
7;0.968750000000000;17087;0;11.84;((17027, 17149), (17057, 17087, 17117));
7;0.953125000000000;17087;0;17.37;((17027, 17149), (17057, 17087, 17117));
7;0.945312500000000;17087;7;28.53;((17027, 17149), (17057, 17087, 17117));
7;0.949218750000000;17087;4;28.05;((17027, 17149), (17057, 17087, 17117));
7;0.947265625000000;17087;7;28.47;((17027, 17149), (17057, 17087, 17117));
7;0.948242187500000;17087;6;28.37;((17027, 17149), (17057, 17087, 17117));
7;0.948730468750000;17087;6;28.33;((17027, 17149), (17057, 17087, 17117));
7;0.948974609375000;17087;5;28.16;((17027, 17149), (17057, 17087, 17117));
7;0.948852539062500;17087;5;27.97;((17027, 17149), (17057, 17087, 17117));
7;0.948791503906250;17087;4;28.12;((17027, 17149), (17057, 17087, 17117));
7;0.948760986328125;17087;6;28.48;((17027, 17149), (17057, 17087, 17117));
7;0.948776245117188;17087;5;28.05;((17027, 17149), (17057, 17087, 17117));
7;0.948768615722656;17087;7;29.34;((17027, 17149), (17057, 17087, 17117));
7;0.948772430419922;17087;7;28.76;((17027, 17149), (17057, 17087, 17117));
7;0.948774337768555;17087;5;28.19;((17027, 17149), (17057, 17087, 17117));
7;0.948773384094238;17087;6;28.21;((17027, 17149), (17057, 17087, 17117));
7;0.500000000000000;17117;11;15.97;((17027, 17149), (17057, 17087, 17117));
7;0.750000000000000;17117;11;23.27;((17027, 17149), (17057, 17087, 17117));
7;0.875000000000000;17117;11;26.88;((17027, 17149), (17057, 17087, 17117));
7;0.937500000000000;17117;11;28.84;((17027, 17149), (17057, 17087, 17117));
7;0.968750000000000;17117;0;11.87;((17027, 17149), (17057, 17087, 17117));
7;0.953125000000000;17117;0;17.80;((17027, 17149), (17057, 17087, 17117));
7;0.945312500000000;17117;10;29.01;((17027, 17149), (17057, 17087, 17117));
7;0.949218750000000;17117;5;28.23;((17027, 17149), (17057, 17087, 17117));
7;0.947265625000000;17117;6;28.39;((17027, 17149), (17057, 17087, 17117));
7;0.948242187500000;17117;8;28.57;((17027, 17149), (17057, 17087, 17117));
7;0.948730468750000;17117;4;28.29;((17027, 17149), (17057, 17087, 17117));
7;0.948486328125000;17117;5;28.23;((17027, 17149), (17057, 17087, 17117));
7;0.948364257812500;17117;7;28.39;((17027, 17149), (17057, 17087, 17117));
7;0.948425292968750;17117;7;28.62;((17027, 17149), (17057, 17087, 17117));
7;0.948455810546875;17117;6;28.35;((17027, 17149), (17057, 17087, 17117));
7;0.948471069335938;17117;5;28.30;((17027, 17149), (17057, 17087, 17117));
7;0.948463439941406;17117;6;28.34;((17027, 17149), (17057, 17087, 17117));
7;0.948467254638672;17117;5;28.23;((17027, 17149), (17057, 17087, 17117));
7;0.948465347290039;17117;6;28.36;((17027, 17149), (17057, 17087, 17117));
7;0.948466300964355;17117;5;28.34;((17027, 17149), (17057, 17087, 17117));
7;0.500000000000000;17072;11;15.83;((17057, 17117), (17072, 17087, 17102));
7;0.750000000000000;17072;11;23.28;((17057, 17117), (17072, 17087, 17102));
7;0.875000000000000;17072;11;27.76;((17057, 17117), (17072, 17087, 17102));
7;0.937500000000000;17072;11;29.04;((17057, 17117), (17072, 17087, 17102));
7;0.968750000000000;17072;0;11.60;((17057, 17117), (17072, 17087, 17102));
7;0.953125000000000;17072;1;27.44;((17057, 17117), (17072, 17087, 17102));
7;0.945312500000000;17072;8;28.49;((17057, 17117), (17072, 17087, 17102));
7;0.949218750000000;17072;2;27.96;((17057, 17117), (17072, 17087, 17102));
7;0.947265625000000;17072;7;28.43;((17057, 17117), (17072, 17087, 17102));
7;0.948242187500000;17072;1;27.49;((17057, 17117), (17072, 17087, 17102));
7;0.947753906250000;17072;3;27.78;((17057, 17117), (17072, 17087, 17102));
7;0.947509765625000;17072;8;36.11;((17057, 17117), (17072, 17087, 17102));
7;0.947631835937500;17072;3;27.87;((17057, 17117), (17072, 17087, 17102));
7;0.947570800781250;17072;4;28.20;((17057, 17117), (17072, 17087, 17102));
7;0.947540283203125;17072;1;27.22;((17057, 17117), (17072, 17087, 17102));
7;0.947525024414062;17072;3;27.52;((17057, 17117), (17072, 17087, 17102));
7;0.947517395019531;17072;4;28.03;((17057, 17117), (17072, 17087, 17102));
7;0.947513580322266;17072;3;28.08;((17057, 17117), (17072, 17087, 17102));
7;0.947511672973633;17072;0;18.81;((17057, 17117), (17072, 17087, 17102));
7;0.947510719299316;17072;4;28.20;((17057, 17117), (17072, 17087, 17102));
7;0.500000000000000;17102;11;15.84;((17057, 17117), (17072, 17087, 17102));
7;0.750000000000000;17102;11;23.19;((17057, 17117), (17072, 17087, 17102));
7;0.875000000000000;17102;11;27.01;((17057, 17117), (17072, 17087, 17102));
7;0.937500000000000;17102;11;29.87;((17057, 17117), (17072, 17087, 17102));
7;0.968750000000000;17102;0;11.79;((17057, 17117), (17072, 17087, 17102));
7;0.953125000000000;17102;0;15.92;((17057, 17117), (17072, 17087, 17102));
7;0.945312500000000;17102;11;29.55;((17057, 17117), (17072, 17087, 17102));
7;0.949218750000000;17102;4;28.00;((17057, 17117), (17072, 17087, 17102));
7;0.947265625000000;17102;5;28.47;((17057, 17117), (17072, 17087, 17102));
7;0.946289062500000;17102;9;28.60;((17057, 17117), (17072, 17087, 17102));
7;0.946777343750000;17102;8;28.67;((17057, 17117), (17072, 17087, 17102));
7;0.947021484375000;17102;8;30.49;((17057, 17117), (17072, 17087, 17102));
7;0.947143554687500;17102;7;28.29;((17057, 17117), (17072, 17087, 17102));
7;0.947204589843750;17102;8;28.74;((17057, 17117), (17072, 17087, 17102));
7;0.947235107421875;17102;10;28.84;((17057, 17117), (17072, 17087, 17102));
7;0.947250366210938;17102;4;27.94;((17057, 17117), (17072, 17087, 17102));
7;0.947242736816406;17102;9;28.62;((17057, 17117), (17072, 17087, 17102));
7;0.947246551513672;17102;7;28.46;((17057, 17117), (17072, 17087, 17102));
7;0.947248458862305;17102;10;28.99;((17057, 17117), (17072, 17087, 17102));
7;0.947249412536621;17102;8;28.58;((17057, 17117), (17072, 17087, 17102));
