4;0.500000000000000;250000;11;11.15;((0, 1000000), (250000, 500000, 750000));
4;0.750000000000000;250000;0;8.67;((0, 1000000), (250000, 500000, 750000));
4;0.625000000000000;250000;11;13.70;((0, 1000000), (250000, 500000, 750000));
4;0.687500000000000;250000;11;15.20;((0, 1000000), (250000, 500000, 750000));
4;0.718750000000000;250000;11;15.68;((0, 1000000), (250000, 500000, 750000));
4;0.734375000000000;250000;0;8.69;((0, 1000000), (250000, 500000, 750000));
4;0.726562500000000;250000;4;15.09;((0, 1000000), (250000, 500000, 750000));
4;0.722656250000000;250000;11;15.75;((0, 1000000), (250000, 500000, 750000));
4;0.724609375000000;250000;10;15.63;((0, 1000000), (250000, 500000, 750000));
4;0.725585937500000;250000;8;15.29;((0, 1000000), (250000, 500000, 750000));
4;0.726074218750000;250000;8;15.37;((0, 1000000), (250000, 500000, 750000));
4;0.726318359375000;250000;9;15.37;((0, 1000000), (250000, 500000, 750000));
4;0.726440429687500;250000;2;15.01;((0, 1000000), (250000, 500000, 750000));
4;0.726379394531250;250000;3;15.08;((0, 1000000), (250000, 500000, 750000));
4;0.726348876953125;250000;2;14.66;((0, 1000000), (250000, 500000, 750000));
4;0.726333618164062;250000;6;15.07;((0, 1000000), (250000, 500000, 750000));
4;0.726341247558594;250000;4;15.14;((0, 1000000), (250000, 500000, 750000));
4;0.726337432861328;250000;3;14.96;((0, 1000000), (250000, 500000, 750000));
4;0.726335525512695;250000;5;15.17;((0, 1000000), (250000, 500000, 750000));
4;0.726334571838379;250000;5;14.94;((0, 1000000), (250000, 500000, 750000));
4;0.500000000000000;500000;11;11.18;((0, 1000000), (250000, 500000, 750000));
4;0.750000000000000;500000;0;8.23;((0, 1000000), (250000, 500000, 750000));
4;0.625000000000000;500000;11;13.79;((0, 1000000), (250000, 500000, 750000));
4;0.687500000000000;500000;0;7.79;((0, 1000000), (250000, 500000, 750000));
4;0.656250000000000;500000;0;7.81;((0, 1000000), (250000, 500000, 750000));
4;0.640625000000000;500000;0;7.98;((0, 1000000), (250000, 500000, 750000));
4;0.632812500000000;500000;11;14.10;((0, 1000000), (250000, 500000, 750000));
4;0.636718750000000;500000;0;8.08;((0, 1000000), (250000, 500000, 750000));
4;0.634765625000000;500000;7;13.51;((0, 1000000), (250000, 500000, 750000));
4;0.635742187500000;500000;1;13.01;((0, 1000000), (250000, 500000, 750000));
4;0.635253906250000;500000;1;12.97;((0, 1000000), (250000, 500000, 750000));
4;0.635009765625000;500000;4;13.20;((0, 1000000), (250000, 500000, 750000));
4;0.634887695312500;500000;5;13.35;((0, 1000000), (250000, 500000, 750000));
4;0.634826660156250;500000;7;13.50;((0, 1000000), (250000, 500000, 750000));
4;0.634857177734375;500000;5;13.41;((0, 1000000), (250000, 500000, 750000));
4;0.634841918945312;500000;8;13.61;((0, 1000000), (250000, 500000, 750000));
4;0.634849548339844;500000;8;13.59;((0, 1000000), (250000, 500000, 750000));
4;0.634853363037109;500000;9;13.86;((0, 1000000), (250000, 500000, 750000));
4;0.634855270385742;500000;4;14.13;((0, 1000000), (250000, 500000, 750000));
4;0.634854316711426;500000;5;13.38;((0, 1000000), (250000, 500000, 750000));
4;0.500000000000000;750000;11;11.24;((0, 1000000), (250000, 500000, 750000));
4;0.750000000000000;750000;0;7.55;((0, 1000000), (250000, 500000, 750000));
4;0.625000000000000;750000;11;13.92;((0, 1000000), (250000, 500000, 750000));
4;0.687500000000000;750000;0;7.51;((0, 1000000), (250000, 500000, 750000));
4;0.656250000000000;750000;0;7.62;((0, 1000000), (250000, 500000, 750000));
4;0.640625000000000;750000;0;7.76;((0, 1000000), (250000, 500000, 750000));
4;0.632812500000000;750000;11;14.21;((0, 1000000), (250000, 500000, 750000));
4;0.636718750000000;750000;0;7.76;((0, 1000000), (250000, 500000, 750000));
4;0.634765625000000;750000;0;8.06;((0, 1000000), (250000, 500000, 750000));
4;0.633789062500000;750000;5;13.43;((0, 1000000), (250000, 500000, 750000));
4;0.633300781250000;750000;11;14.09;((0, 1000000), (250000, 500000, 750000));
4;0.633544921875000;750000;10;13.85;((0, 1000000), (250000, 500000, 750000));
4;0.633666992187500;750000;7;13.52;((0, 1000000), (250000, 500000, 750000));
4;0.633728027343750;750000;9;14.16;((0, 1000000), (250000, 500000, 750000));
4;0.633758544921875;750000;7;13.57;((0, 1000000), (250000, 500000, 750000));
4;0.633773803710938;750000;6;13.44;((0, 1000000), (250000, 500000, 750000));
4;0.633781433105469;750000;8;13.59;((0, 1000000), (250000, 500000, 750000));
4;0.633785247802734;750000;8;13.60;((0, 1000000), (250000, 500000, 750000));
4;0.633787155151367;750000;8;13.74;((0, 1000000), (250000, 500000, 750000));
4;0.633788108825684;750000;8;13.56;((0, 1000000), (250000, 500000, 750000));
4;0.500000000000000;125000;11;10.99;((0, 500000), (125000, 250000, 375000));
4;0.750000000000000;125000;11;16.24;((0, 500000), (125000, 250000, 375000));
4;0.875000000000000;125000;0;8.63;((0, 500000), (125000, 250000, 375000));
4;0.812500000000000;125000;11;17.55;((0, 500000), (125000, 250000, 375000));
4;0.843750000000000;125000;0;9.06;((0, 500000), (125000, 250000, 375000));
4;0.828125000000000;125000;11;17.83;((0, 500000), (125000, 250000, 375000));
4;0.835937500000000;125000;11;18.00;((0, 500000), (125000, 250000, 375000));
4;0.839843750000000;125000;1;16.86;((0, 500000), (125000, 250000, 375000));
4;0.837890625000000;125000;7;17.48;((0, 500000), (125000, 250000, 375000));
4;0.838867187500000;125000;6;17.19;((0, 500000), (125000, 250000, 375000));
4;0.839355468750000;125000;0;11.12;((0, 500000), (125000, 250000, 375000));
4;0.839111328125000;125000;5;17.13;((0, 500000), (125000, 250000, 375000));
4;0.838989257812500;125000;2;16.98;((0, 500000), (125000, 250000, 375000));
4;0.838928222656250;125000;4;17.12;((0, 500000), (125000, 250000, 375000));
4;0.838897705078125;125000;4;17.10;((0, 500000), (125000, 250000, 375000));
4;0.838882446289062;125000;4;17.08;((0, 500000), (125000, 250000, 375000));
4;0.838874816894531;125000;4;17.11;((0, 500000), (125000, 250000, 375000));
4;0.838871002197266;125000;5;17.41;((0, 500000), (125000, 250000, 375000));
4;0.838869094848633;125000;6;17.38;((0, 500000), (125000, 250000, 375000));
4;0.838870048522949;125000;2;16.93;((0, 500000), (125000, 250000, 375000));
4;0.500000000000000;375000;11;11.15;((0, 500000), (125000, 250000, 375000));
4;0.750000000000000;375000;0;7.96;((0, 500000), (125000, 250000, 375000));
4;0.625000000000000;375000;11;13.85;((0, 500000), (125000, 250000, 375000));
4;0.687500000000000;375000;0;7.95;((0, 500000), (125000, 250000, 375000));
4;0.656250000000000;375000;9;14.20;((0, 500000), (125000, 250000, 375000));
4;0.671875000000000;375000;0;8.14;((0, 500000), (125000, 250000, 375000));
4;0.664062500000000;375000;0;8.21;((0, 500000), (125000, 250000, 375000));
4;0.660156250000000;375000;0;8.35;((0, 500000), (125000, 250000, 375000));
4;0.658203125000000;375000;0;8.61;((0, 500000), (125000, 250000, 375000));
4;0.657226562500000;375000;1;13.46;((0, 500000), (125000, 250000, 375000));
4;0.656738281250000;375000;7;14.08;((0, 500000), (125000, 250000, 375000));
4;0.656982421875000;375000;4;13.77;((0, 500000), (125000, 250000, 375000));
4;0.656860351562500;375000;7;13.94;((0, 500000), (125000, 250000, 375000));
4;0.656921386718750;375000;1;13.52;((0, 500000), (125000, 250000, 375000));
4;0.656890869140625;375000;3;13.61;((0, 500000), (125000, 250000, 375000));
4;0.656875610351562;375000;5;13.71;((0, 500000), (125000, 250000, 375000));
4;0.656867980957031;375000;5;13.71;((0, 500000), (125000, 250000, 375000));
4;0.656864166259766;375000;2;13.45;((0, 500000), (125000, 250000, 375000));
4;0.656862258911133;375000;5;13.70;((0, 500000), (125000, 250000, 375000));
4;0.656861305236816;375000;4;13.79;((0, 500000), (125000, 250000, 375000));
4;0.500000000000000;62500;11;11.03;((0, 250000), (62500, 125000, 187500));
4;0.750000000000000;62500;11;16.09;((0, 250000), (62500, 125000, 187500));
4;0.875000000000000;62500;11;18.64;((0, 250000), (62500, 125000, 187500));
4;0.937500000000000;62500;0;8.63;((0, 250000), (62500, 125000, 187500));
4;0.906250000000000;62500;10;19.08;((0, 250000), (62500, 125000, 187500));
4;0.921875000000000;62500;0;8.69;((0, 250000), (62500, 125000, 187500));
4;0.914062500000000;62500;0;9.25;((0, 250000), (62500, 125000, 187500));
4;0.910156250000000;62500;0;11.43;((0, 250000), (62500, 125000, 187500));
4;0.908203125000000;62500;2;18.01;((0, 250000), (62500, 125000, 187500));
4;0.907226562500000;62500;8;18.58;((0, 250000), (62500, 125000, 187500));
4;0.907714843750000;62500;5;18.45;((0, 250000), (62500, 125000, 187500));
4;0.907470703125000;62500;5;18.43;((0, 250000), (62500, 125000, 187500));
4;0.907348632812500;62500;6;18.62;((0, 250000), (62500, 125000, 187500));
4;0.907409667968750;62500;2;18.20;((0, 250000), (62500, 125000, 187500));
4;0.907379150390625;62500;5;18.17;((0, 250000), (62500, 125000, 187500));
4;0.907363891601562;62500;2;18.19;((0, 250000), (62500, 125000, 187500));
4;0.907356262207031;62500;10;18.88;((0, 250000), (62500, 125000, 187500));
4;0.907360076904297;62500;5;18.33;((0, 250000), (62500, 125000, 187500));
4;0.907358169555664;62500;4;18.46;((0, 250000), (62500, 125000, 187500));
4;0.907357215881348;62500;6;18.76;((0, 250000), (62500, 125000, 187500));
4;0.500000000000000;187500;11;11.11;((0, 250000), (62500, 125000, 187500));
4;0.750000000000000;187500;11;16.19;((0, 250000), (62500, 125000, 187500));
4;0.875000000000000;187500;0;8.62;((0, 250000), (62500, 125000, 187500));
4;0.812500000000000;187500;0;8.76;((0, 250000), (62500, 125000, 187500));
4;0.781250000000000;187500;11;16.89;((0, 250000), (62500, 125000, 187500));
4;0.796875000000000;187500;0;9.24;((0, 250000), (62500, 125000, 187500));
4;0.789062500000000;187500;11;17.35;((0, 250000), (62500, 125000, 187500));
4;0.792968750000000;187500;8;16.72;((0, 250000), (62500, 125000, 187500));
4;0.794921875000000;187500;0;9.88;((0, 250000), (62500, 125000, 187500));
4;0.793945312500000;187500;2;16.89;((0, 250000), (62500, 125000, 187500));
4;0.793457031250000;187500;2;16.83;((0, 250000), (62500, 125000, 187500));
4;0.793212890625000;187500;7;16.43;((0, 250000), (62500, 125000, 187500));
4;0.793334960937500;187500;1;16.10;((0, 250000), (62500, 125000, 187500));
4;0.793273925781250;187500;4;16.41;((0, 250000), (62500, 125000, 187500));
4;0.793243408203125;187500;5;16.33;((0, 250000), (62500, 125000, 187500));
4;0.793228149414062;187500;4;16.34;((0, 250000), (62500, 125000, 187500));
4;0.793220520019531;187500;6;16.62;((0, 250000), (62500, 125000, 187500));
4;0.793224334716797;187500;6;16.59;((0, 250000), (62500, 125000, 187500));
4;0.793226242065430;187500;4;16.45;((0, 250000), (62500, 125000, 187500));
4;0.793225288391113;187500;4;16.38;((0, 250000), (62500, 125000, 187500));
4;0.500000000000000;31250;11;10.95;((0, 125000), (31250, 62500, 93750));
4;0.750000000000000;31250;11;15.85;((0, 125000), (31250, 62500, 93750));
4;0.875000000000000;31250;11;18.53;((0, 125000), (31250, 62500, 93750));
4;0.937500000000000;31250;0;8.71;((0, 125000), (31250, 62500, 93750));
4;0.906250000000000;31250;11;19.06;((0, 125000), (31250, 62500, 93750));
4;0.921875000000000;31250;0;11.70;((0, 125000), (31250, 62500, 93750));
4;0.914062500000000;31250;10;19.11;((0, 125000), (31250, 62500, 93750));
4;0.917968750000000;31250;4;18.64;((0, 125000), (31250, 62500, 93750));
4;0.916015625000000;31250;8;19.11;((0, 125000), (31250, 62500, 93750));
4;0.916992187500000;31250;5;18.45;((0, 125000), (31250, 62500, 93750));
4;0.916503906250000;31250;6;18.88;((0, 125000), (31250, 62500, 93750));
4;0.916748046875000;31250;6;18.62;((0, 125000), (31250, 62500, 93750));
4;0.916870117187500;31250;7;18.67;((0, 125000), (31250, 62500, 93750));
4;0.916931152343750;31250;6;19.07;((0, 125000), (31250, 62500, 93750));
4;0.916961669921875;31250;6;18.63;((0, 125000), (31250, 62500, 93750));
4;0.916976928710938;31250;6;18.62;((0, 125000), (31250, 62500, 93750));
4;0.916984558105469;31250;6;18.81;((0, 125000), (31250, 62500, 93750));
4;0.916988372802734;31250;6;18.64;((0, 125000), (31250, 62500, 93750));
4;0.916990280151367;31250;5;18.56;((0, 125000), (31250, 62500, 93750));
4;0.916989326477051;31250;8;18.97;((0, 125000), (31250, 62500, 93750));
4;0.500000000000000;93750;11;11.04;((0, 125000), (31250, 62500, 93750));
4;0.750000000000000;93750;11;16.11;((0, 125000), (31250, 62500, 93750));
4;0.875000000000000;93750;11;18.59;((0, 125000), (31250, 62500, 93750));
4;0.937500000000000;93750;0;8.69;((0, 125000), (31250, 62500, 93750));
4;0.906250000000000;93750;0;8.57;((0, 125000), (31250, 62500, 93750));
4;0.890625000000000;93750;0;8.70;((0, 125000), (31250, 62500, 93750));
4;0.882812500000000;93750;0;10.66;((0, 125000), (31250, 62500, 93750));
4;0.878906250000000;93750;5;17.98;((0, 125000), (31250, 62500, 93750));
4;0.876953125000000;93750;11;18.84;((0, 125000), (31250, 62500, 93750));
4;0.877929687500000;93750;11;18.84;((0, 125000), (31250, 62500, 93750));
4;0.878417968750000;93750;9;18.31;((0, 125000), (31250, 62500, 93750));
4;0.878662109375000;93750;10;18.64;((0, 125000), (31250, 62500, 93750));
4;0.878784179687500;93750;8;18.55;((0, 125000), (31250, 62500, 93750));
4;0.878845214843750;93750;8;18.17;((0, 125000), (31250, 62500, 93750));
4;0.878875732421875;93750;7;18.17;((0, 125000), (31250, 62500, 93750));
4;0.878890991210938;93750;9;18.23;((0, 125000), (31250, 62500, 93750));
4;0.878898620605469;93750;7;18.26;((0, 125000), (31250, 62500, 93750));
4;0.878902435302734;93750;8;18.27;((0, 125000), (31250, 62500, 93750));
4;0.878904342651367;93750;9;18.28;((0, 125000), (31250, 62500, 93750));
4;0.878905296325684;93750;8;18.19;((0, 125000), (31250, 62500, 93750));
4;0.500000000000000;15625;11;10.95;((0, 62500), (15625, 31250, 46875));
4;0.750000000000000;15625;11;15.97;((0, 62500), (15625, 31250, 46875));
4;0.875000000000000;15625;11;18.30;((0, 62500), (15625, 31250, 46875));
4;0.937500000000000;15625;8;18.92;((0, 62500), (15625, 31250, 46875));
4;0.968750000000000;15625;0;8.52;((0, 62500), (15625, 31250, 46875));
4;0.953125000000000;15625;0;8.74;((0, 62500), (15625, 31250, 46875));
4;0.945312500000000;15625;0;9.73;((0, 62500), (15625, 31250, 46875));
4;0.941406250000000;15625;3;18.58;((0, 62500), (15625, 31250, 46875));
4;0.939453125000000;15625;2;18.55;((0, 62500), (15625, 31250, 46875));
4;0.938476562500000;15625;5;18.66;((0, 62500), (15625, 31250, 46875));
4;0.937988281250000;15625;3;18.66;((0, 62500), (15625, 31250, 46875));
4;0.937744140625000;15625;4;18.62;((0, 62500), (15625, 31250, 46875));
4;0.937622070312500;15625;4;18.66;((0, 62500), (15625, 31250, 46875));
4;0.937561035156250;15625;5;18.76;((0, 62500), (15625, 31250, 46875));
4;0.937530517578125;15625;5;18.79;((0, 62500), (15625, 31250, 46875));
4;0.937515258789062;15625;6;18.74;((0, 62500), (15625, 31250, 46875));
4;0.937522888183594;15625;8;19.11;((0, 62500), (15625, 31250, 46875));
4;0.937526702880859;15625;5;18.94;((0, 62500), (15625, 31250, 46875));
4;0.937524795532227;15625;3;18.79;((0, 62500), (15625, 31250, 46875));
4;0.937523841857910;15625;5;19.03;((0, 62500), (15625, 31250, 46875));
4;0.500000000000000;46875;11;11.00;((0, 62500), (15625, 31250, 46875));
4;0.750000000000000;46875;11;15.94;((0, 62500), (15625, 31250, 46875));
4;0.875000000000000;46875;11;18.52;((0, 62500), (15625, 31250, 46875));
4;0.937500000000000;46875;0;8.66;((0, 62500), (15625, 31250, 46875));
4;0.906250000000000;46875;11;18.93;((0, 62500), (15625, 31250, 46875));
4;0.921875000000000;46875;1;18.46;((0, 62500), (15625, 31250, 46875));
4;0.914062500000000;46875;11;19.69;((0, 62500), (15625, 31250, 46875));
4;0.917968750000000;46875;11;19.20;((0, 62500), (15625, 31250, 46875));
4;0.919921875000000;46875;4;18.75;((0, 62500), (15625, 31250, 46875));
4;0.918945312500000;46875;10;19.10;((0, 62500), (15625, 31250, 46875));
4;0.919433593750000;46875;7;18.78;((0, 62500), (15625, 31250, 46875));
4;0.919677734375000;46875;6;18.68;((0, 62500), (15625, 31250, 46875));
4;0.919799804687500;46875;5;18.78;((0, 62500), (15625, 31250, 46875));
4;0.919738769531250;46875;4;18.55;((0, 62500), (15625, 31250, 46875));
4;0.919708251953125;46875;7;18.76;((0, 62500), (15625, 31250, 46875));
4;0.919723510742188;46875;6;18.58;((0, 62500), (15625, 31250, 46875));
4;0.919731140136719;46875;10;19.07;((0, 62500), (15625, 31250, 46875));
4;0.919734954833984;46875;9;19.85;((0, 62500), (15625, 31250, 46875));
4;0.919736862182617;46875;9;18.98;((0, 62500), (15625, 31250, 46875));
4;0.919737815856934;46875;4;18.64;((0, 62500), (15625, 31250, 46875));
4;0.500000000000000;7812;11;10.92;((0, 31250), (7812, 15624, 23436));
4;0.750000000000000;7812;11;15.70;((0, 31250), (7812, 15624, 23436));
4;0.875000000000000;7812;11;18.02;((0, 31250), (7812, 15624, 23436));
4;0.937500000000000;7812;0;11.02;((0, 31250), (7812, 15624, 23436));
4;0.906250000000000;7812;11;18.74;((0, 31250), (7812, 15624, 23436));
4;0.921875000000000;7812;11;19.31;((0, 31250), (7812, 15624, 23436));
4;0.929687500000000;7812;7;18.84;((0, 31250), (7812, 15624, 23436));
4;0.933593750000000;7812;4;18.59;((0, 31250), (7812, 15624, 23436));
4;0.931640625000000;7812;8;18.67;((0, 31250), (7812, 15624, 23436));
4;0.932617187500000;7812;3;18.47;((0, 31250), (7812, 15624, 23436));
4;0.932128906250000;7812;1;18.21;((0, 31250), (7812, 15624, 23436));
4;0.931884765625000;7812;5;18.54;((0, 31250), (7812, 15624, 23436));
4;0.931762695312500;7812;7;18.70;((0, 31250), (7812, 15624, 23436));
4;0.931823730468750;7812;6;18.70;((0, 31250), (7812, 15624, 23436));
4;0.931854248046875;7812;6;18.61;((0, 31250), (7812, 15624, 23436));
4;0.931869506835938;7812;5;18.79;((0, 31250), (7812, 15624, 23436));
4;0.931861877441406;7812;8;18.66;((0, 31250), (7812, 15624, 23436));
4;0.931865692138672;7812;6;18.66;((0, 31250), (7812, 15624, 23436));
4;0.931867599487305;7812;8;19.34;((0, 31250), (7812, 15624, 23436));
4;0.931868553161621;7812;4;18.99;((0, 31250), (7812, 15624, 23436));
4;0.500000000000000;15624;11;11.00;((0, 31250), (7812, 15624, 23436));
4;0.750000000000000;15624;11;16.92;((0, 31250), (7812, 15624, 23436));
4;0.875000000000000;15624;11;18.05;((0, 31250), (7812, 15624, 23436));
4;0.937500000000000;15624;0;8.90;((0, 31250), (7812, 15624, 23436));
4;0.906250000000000;15624;11;18.86;((0, 31250), (7812, 15624, 23436));
4;0.921875000000000;15624;4;18.31;((0, 31250), (7812, 15624, 23436));
4;0.914062500000000;15624;11;18.85;((0, 31250), (7812, 15624, 23436));
4;0.917968750000000;15624;11;19.30;((0, 31250), (7812, 15624, 23436));
4;0.919921875000000;15624;10;19.03;((0, 31250), (7812, 15624, 23436));
4;0.920898437500000;15624;10;19.01;((0, 31250), (7812, 15624, 23436));
4;0.921386718750000;15624;9;18.88;((0, 31250), (7812, 15624, 23436));
4;0.921630859375000;15624;9;18.72;((0, 31250), (7812, 15624, 23436));
4;0.921752929687500;15624;5;19.28;((0, 31250), (7812, 15624, 23436));
4;0.921691894531250;15624;8;18.88;((0, 31250), (7812, 15624, 23436));
4;0.921722412109375;15624;6;18.58;((0, 31250), (7812, 15624, 23436));
4;0.921737670898438;15624;4;18.29;((0, 31250), (7812, 15624, 23436));
4;0.921730041503906;15624;7;18.46;((0, 31250), (7812, 15624, 23436));
4;0.921733856201172;15624;7;18.58;((0, 31250), (7812, 15624, 23436));
4;0.921735763549805;15624;8;18.65;((0, 31250), (7812, 15624, 23436));
4;0.921736717224121;15624;8;18.70;((0, 31250), (7812, 15624, 23436));
4;0.500000000000000;23436;11;11.19;((0, 31250), (7812, 15624, 23436));
4;0.750000000000000;23436;11;16.02;((0, 31250), (7812, 15624, 23436));
4;0.875000000000000;23436;11;19.55;((0, 31250), (7812, 15624, 23436));
4;0.937500000000000;23436;1;18.68;((0, 31250), (7812, 15624, 23436));
4;0.906250000000000;23436;11;18.90;((0, 31250), (7812, 15624, 23436));
4;0.921875000000000;23436;11;19.44;((0, 31250), (7812, 15624, 23436));
4;0.929687500000000;23436;11;19.36;((0, 31250), (7812, 15624, 23436));
4;0.933593750000000;23436;8;18.93;((0, 31250), (7812, 15624, 23436));
4;0.935546875000000;23436;7;18.89;((0, 31250), (7812, 15624, 23436));
4;0.936523437500000;23436;3;18.76;((0, 31250), (7812, 15624, 23436));
4;0.936035156250000;23436;7;19.42;((0, 31250), (7812, 15624, 23436));
4;0.936279296875000;23436;7;19.05;((0, 31250), (7812, 15624, 23436));
4;0.936401367187500;23436;3;19.02;((0, 31250), (7812, 15624, 23436));
4;0.936340332031250;23436;4;18.71;((0, 31250), (7812, 15624, 23436));
4;0.936309814453125;23436;3;18.69;((0, 31250), (7812, 15624, 23436));
4;0.936294555664062;23436;7;19.47;((0, 31250), (7812, 15624, 23436));
4;0.936302185058594;23436;5;18.78;((0, 31250), (7812, 15624, 23436));
4;0.936298370361328;23436;4;18.85;((0, 31250), (7812, 15624, 23436));
4;0.936296463012695;23436;4;18.89;((0, 31250), (7812, 15624, 23436));
4;0.936295509338379;23436;1;18.56;((0, 31250), (7812, 15624, 23436));
4;0.500000000000000;19530;11;10.83;((15624, 31250), (19530, 23436, 27342));
4;0.750000000000000;19530;11;15.78;((15624, 31250), (19530, 23436, 27342));
4;0.875000000000000;19530;11;18.23;((15624, 31250), (19530, 23436, 27342));
4;0.937500000000000;19530;0;9.37;((15624, 31250), (19530, 23436, 27342));
4;0.906250000000000;19530;11;18.70;((15624, 31250), (19530, 23436, 27342));
4;0.921875000000000;19530;6;18.59;((15624, 31250), (19530, 23436, 27342));
4;0.929687500000000;19530;0;9.57;((15624, 31250), (19530, 23436, 27342));
4;0.925781250000000;19530;1;18.36;((15624, 31250), (19530, 23436, 27342));
4;0.923828125000000;19530;2;18.40;((15624, 31250), (19530, 23436, 27342));
4;0.922851562500000;19530;5;18.58;((15624, 31250), (19530, 23436, 27342));
4;0.922363281250000;19530;2;18.40;((15624, 31250), (19530, 23436, 27342));
4;0.922119140625000;19530;9;18.71;((15624, 31250), (19530, 23436, 27342));
4;0.922241210937500;19530;8;18.90;((15624, 31250), (19530, 23436, 27342));
4;0.922302246093750;19530;5;18.68;((15624, 31250), (19530, 23436, 27342));
4;0.922271728515625;19530;5;18.85;((15624, 31250), (19530, 23436, 27342));
4;0.922256469726562;19530;6;18.59;((15624, 31250), (19530, 23436, 27342));
4;0.922264099121094;19530;6;18.58;((15624, 31250), (19530, 23436, 27342));
4;0.922267913818359;19530;7;18.56;((15624, 31250), (19530, 23436, 27342));
4;0.922269821166992;19530;6;18.89;((15624, 31250), (19530, 23436, 27342));
4;0.922270774841309;19530;6;18.59;((15624, 31250), (19530, 23436, 27342));
4;0.500000000000000;27342;11;11.14;((15624, 31250), (19530, 23436, 27342));
4;0.750000000000000;27342;11;16.08;((15624, 31250), (19530, 23436, 27342));
4;0.875000000000000;27342;11;18.62;((15624, 31250), (19530, 23436, 27342));
4;0.937500000000000;27342;0;11.18;((15624, 31250), (19530, 23436, 27342));
4;0.906250000000000;27342;11;19.14;((15624, 31250), (19530, 23436, 27342));
4;0.921875000000000;27342;11;19.38;((15624, 31250), (19530, 23436, 27342));
4;0.929687500000000;27342;11;19.82;((15624, 31250), (19530, 23436, 27342));
4;0.933593750000000;27342;6;18.78;((15624, 31250), (19530, 23436, 27342));
4;0.935546875000000;27342;2;18.27;((15624, 31250), (19530, 23436, 27342));
4;0.934570312500000;27342;3;18.53;((15624, 31250), (19530, 23436, 27342));
4;0.934082031250000;27342;7;18.98;((15624, 31250), (19530, 23436, 27342));
4;0.934326171875000;27342;4;18.79;((15624, 31250), (19530, 23436, 27342));
4;0.934204101562500;27342;6;18.89;((15624, 31250), (19530, 23436, 27342));
4;0.934265136718750;27342;6;18.88;((15624, 31250), (19530, 23436, 27342));
4;0.934295654296875;27342;3;18.33;((15624, 31250), (19530, 23436, 27342));
4;0.934280395507812;27342;5;18.62;((15624, 31250), (19530, 23436, 27342));
4;0.934272766113281;27342;5;18.71;((15624, 31250), (19530, 23436, 27342));
4;0.934268951416016;27342;7;19.51;((15624, 31250), (19530, 23436, 27342));
4;0.934270858764648;27342;6;18.83;((15624, 31250), (19530, 23436, 27342));
4;0.934271812438965;27342;6;18.81;((15624, 31250), (19530, 23436, 27342));
4;0.500000000000000;21483;11;11.06;((19530, 27342), (21483, 23436, 25389));
4;0.750000000000000;21483;11;15.81;((19530, 27342), (21483, 23436, 25389));
4;0.875000000000000;21483;11;18.54;((19530, 27342), (21483, 23436, 25389));
4;0.937500000000000;21483;3;18.77;((19530, 27342), (21483, 23436, 25389));
4;0.906250000000000;21483;11;18.98;((19530, 27342), (21483, 23436, 25389));
4;0.921875000000000;21483;11;19.53;((19530, 27342), (21483, 23436, 25389));
4;0.929687500000000;21483;11;19.53;((19530, 27342), (21483, 23436, 25389));
4;0.933593750000000;21483;10;19.11;((19530, 27342), (21483, 23436, 25389));
4;0.935546875000000;21483;5;18.55;((19530, 27342), (21483, 23436, 25389));
4;0.934570312500000;21483;7;18.83;((19530, 27342), (21483, 23436, 25389));
4;0.935058593750000;21483;8;19.68;((19530, 27342), (21483, 23436, 25389));
4;0.935302734375000;21483;4;18.61;((19530, 27342), (21483, 23436, 25389));
4;0.935180664062500;21483;9;19.18;((19530, 27342), (21483, 23436, 25389));
4;0.935241699218750;21483;10;19.49;((19530, 27342), (21483, 23436, 25389));
4;0.935272216796875;21483;9;19.01;((19530, 27342), (21483, 23436, 25389));
4;0.935287475585938;21483;7;19.38;((19530, 27342), (21483, 23436, 25389));
4;0.935295104980469;21483;7;19.14;((19530, 27342), (21483, 23436, 25389));
4;0.935298919677734;21483;6;19.19;((19530, 27342), (21483, 23436, 25389));
4;0.935300827026367;21483;7;21.36;((19530, 27342), (21483, 23436, 25389));
4;0.935301780700684;21483;9;19.46;((19530, 27342), (21483, 23436, 25389));
4;0.500000000000000;25389;11;11.09;((19530, 27342), (21483, 23436, 25389));
4;0.750000000000000;25389;11;15.96;((19530, 27342), (21483, 23436, 25389));
4;0.875000000000000;25389;11;19.38;((19530, 27342), (21483, 23436, 25389));
4;0.937500000000000;25389;0;11.96;((19530, 27342), (21483, 23436, 25389));
4;0.906250000000000;25389;11;19.18;((19530, 27342), (21483, 23436, 25389));
4;0.921875000000000;25389;11;19.51;((19530, 27342), (21483, 23436, 25389));
4;0.929687500000000;25389;11;19.40;((19530, 27342), (21483, 23436, 25389));
4;0.933593750000000;25389;9;19.21;((19530, 27342), (21483, 23436, 25389));
4;0.935546875000000;25389;5;18.67;((19530, 27342), (21483, 23436, 25389));
4;0.934570312500000;25389;6;18.77;((19530, 27342), (21483, 23436, 25389));
4;0.935058593750000;25389;6;19.01;((19530, 27342), (21483, 23436, 25389));
4;0.935302734375000;25389;3;18.62;((19530, 27342), (21483, 23436, 25389));
4;0.935180664062500;25389;5;19.00;((19530, 27342), (21483, 23436, 25389));
4;0.935119628906250;25389;4;18.85;((19530, 27342), (21483, 23436, 25389));
4;0.935089111328125;25389;5;18.76;((19530, 27342), (21483, 23436, 25389));
4;0.935073852539062;25389;5;18.75;((19530, 27342), (21483, 23436, 25389));
4;0.935066223144531;25389;4;18.71;((19530, 27342), (21483, 23436, 25389));
4;0.935062408447266;25389;7;19.23;((19530, 27342), (21483, 23436, 25389));
4;0.935064315795898;25389;5;18.79;((19530, 27342), (21483, 23436, 25389));
4;0.935063362121582;25389;7;18.97;((19530, 27342), (21483, 23436, 25389));
4;0.500000000000000;22459;11;11.33;((21483, 25389), (22459, 23435, 24411));
4;0.750000000000000;22459;11;15.96;((21483, 25389), (22459, 23435, 24411));
4;0.875000000000000;22459;11;18.24;((21483, 25389), (22459, 23435, 24411));
4;0.937500000000000;22459;3;18.56;((21483, 25389), (22459, 23435, 24411));
4;0.906250000000000;22459;11;19.32;((21483, 25389), (22459, 23435, 24411));
4;0.921875000000000;22459;11;19.43;((21483, 25389), (22459, 23435, 24411));
4;0.929687500000000;22459;11;19.54;((21483, 25389), (22459, 23435, 24411));
4;0.933593750000000;22459;10;19.46;((21483, 25389), (22459, 23435, 24411));
4;0.935546875000000;22459;6;18.74;((21483, 25389), (22459, 23435, 24411));
4;0.936523437500000;22459;4;18.62;((21483, 25389), (22459, 23435, 24411));
4;0.936035156250000;22459;5;18.70;((21483, 25389), (22459, 23435, 24411));
4;0.935791015625000;22459;7;18.89;((21483, 25389), (22459, 23435, 24411));
4;0.935913085937500;22459;4;18.69;((21483, 25389), (22459, 23435, 24411));
4;0.935852050781250;22459;5;18.81;((21483, 25389), (22459, 23435, 24411));
4;0.935821533203125;22459;7;18.99;((21483, 25389), (22459, 23435, 24411));
4;0.935836791992188;22459;3;18.78;((21483, 25389), (22459, 23435, 24411));
4;0.935829162597656;22459;9;20.15;((21483, 25389), (22459, 23435, 24411));
4;0.935832977294922;22459;5;18.72;((21483, 25389), (22459, 23435, 24411));
4;0.935831069946289;22459;3;18.58;((21483, 25389), (22459, 23435, 24411));
4;0.935830116271973;22459;6;18.77;((21483, 25389), (22459, 23435, 24411));
4;0.500000000000000;23435;11;10.95;((21483, 25389), (22459, 23435, 24411));
4;0.750000000000000;23435;11;15.90;((21483, 25389), (22459, 23435, 24411));
4;0.875000000000000;23435;11;19.14;((21483, 25389), (22459, 23435, 24411));
4;0.937500000000000;23435;1;18.08;((21483, 25389), (22459, 23435, 24411));
4;0.906250000000000;23435;11;19.17;((21483, 25389), (22459, 23435, 24411));
4;0.921875000000000;23435;11;21.70;((21483, 25389), (22459, 23435, 24411));
4;0.929687500000000;23435;11;19.81;((21483, 25389), (22459, 23435, 24411));
4;0.933593750000000;23435;10;19.17;((21483, 25389), (22459, 23435, 24411));
4;0.935546875000000;23435;3;18.48;((21483, 25389), (22459, 23435, 24411));
4;0.934570312500000;23435;10;19.25;((21483, 25389), (22459, 23435, 24411));
4;0.935058593750000;23435;9;19.33;((21483, 25389), (22459, 23435, 24411));
4;0.935302734375000;23435;8;18.92;((21483, 25389), (22459, 23435, 24411));
4;0.935424804687500;23435;7;18.92;((21483, 25389), (22459, 23435, 24411));
4;0.935485839843750;23435;7;19.14;((21483, 25389), (22459, 23435, 24411));
4;0.935516357421875;23435;6;19.00;((21483, 25389), (22459, 23435, 24411));
4;0.935531616210938;23435;3;18.28;((21483, 25389), (22459, 23435, 24411));
4;0.935523986816406;23435;7;18.98;((21483, 25389), (22459, 23435, 24411));
4;0.935527801513672;23435;6;18.89;((21483, 25389), (22459, 23435, 24411));
4;0.935529708862305;23435;8;19.12;((21483, 25389), (22459, 23435, 24411));
4;0.935530662536621;23435;7;19.01;((21483, 25389), (22459, 23435, 24411));
4;0.500000000000000;24411;11;11.00;((21483, 25389), (22459, 23435, 24411));
4;0.750000000000000;24411;11;15.83;((21483, 25389), (22459, 23435, 24411));
4;0.875000000000000;24411;11;18.56;((21483, 25389), (22459, 23435, 24411));
4;0.937500000000000;24411;2;18.31;((21483, 25389), (22459, 23435, 24411));
4;0.906250000000000;24411;11;19.00;((21483, 25389), (22459, 23435, 24411));
4;0.921875000000000;24411;11;19.89;((21483, 25389), (22459, 23435, 24411));
4;0.929687500000000;24411;11;19.66;((21483, 25389), (22459, 23435, 24411));
4;0.933593750000000;24411;8;19.28;((21483, 25389), (22459, 23435, 24411));
4;0.935546875000000;24411;3;18.63;((21483, 25389), (22459, 23435, 24411));
4;0.934570312500000;24411;9;19.11;((21483, 25389), (22459, 23435, 24411));
4;0.935058593750000;24411;8;18.84;((21483, 25389), (22459, 23435, 24411));
4;0.935302734375000;24411;9;19.15;((21483, 25389), (22459, 23435, 24411));
4;0.935424804687500;24411;6;19.12;((21483, 25389), (22459, 23435, 24411));
4;0.935485839843750;24411;6;18.90;((21483, 25389), (22459, 23435, 24411));
4;0.935516357421875;24411;2;18.24;((21483, 25389), (22459, 23435, 24411));
4;0.935501098632812;24411;7;18.93;((21483, 25389), (22459, 23435, 24411));
4;0.935508728027344;24411;3;18.64;((21483, 25389), (22459, 23435, 24411));
4;0.935504913330078;24411;3;18.81;((21483, 25389), (22459, 23435, 24411));
4;0.935503005981445;24411;5;18.67;((21483, 25389), (22459, 23435, 24411));
4;0.935502052307129;24411;4;18.63;((21483, 25389), (22459, 23435, 24411));
4;0.500000000000000;21971;11;10.86;((21483, 23435), (21971, 22459, 22947));
4;0.750000000000000;21971;11;15.77;((21483, 23435), (21971, 22459, 22947));
4;0.875000000000000;21971;11;18.49;((21483, 23435), (21971, 22459, 22947));
4;0.937500000000000;21971;1;18.10;((21483, 23435), (21971, 22459, 22947));
4;0.906250000000000;21971;11;19.04;((21483, 23435), (21971, 22459, 22947));
4;0.921875000000000;21971;11;19.35;((21483, 23435), (21971, 22459, 22947));
4;0.929687500000000;21971;11;19.60;((21483, 23435), (21971, 22459, 22947));
4;0.933593750000000;21971;11;19.51;((21483, 23435), (21971, 22459, 22947));
4;0.935546875000000;21971;7;18.86;((21483, 23435), (21971, 22459, 22947));
4;0.936523437500000;21971;9;19.09;((21483, 23435), (21971, 22459, 22947));
4;0.937011718750000;21971;8;18.90;((21483, 23435), (21971, 22459, 22947));
4;0.937255859375000;21971;6;18.63;((21483, 23435), (21971, 22459, 22947));
4;0.937377929687500;21971;4;18.58;((21483, 23435), (21971, 22459, 22947));
4;0.937316894531250;21971;3;18.55;((21483, 23435), (21971, 22459, 22947));
4;0.937286376953125;21971;4;18.65;((21483, 23435), (21971, 22459, 22947));
4;0.937271118164062;21971;4;18.66;((21483, 23435), (21971, 22459, 22947));
4;0.937263488769531;21971;5;18.68;((21483, 23435), (21971, 22459, 22947));
4;0.937259674072266;21971;2;18.32;((21483, 23435), (21971, 22459, 22947));
4;0.937257766723633;21971;4;18.79;((21483, 23435), (21971, 22459, 22947));
4;0.937256813049316;21971;3;18.39;((21483, 23435), (21971, 22459, 22947));
4;0.500000000000000;22947;11;10.88;((21483, 23435), (21971, 22459, 22947));
4;0.750000000000000;22947;11;16.00;((21483, 23435), (21971, 22459, 22947));
4;0.875000000000000;22947;11;18.43;((21483, 23435), (21971, 22459, 22947));
4;0.937500000000000;22947;2;18.45;((21483, 23435), (21971, 22459, 22947));
4;0.906250000000000;22947;11;19.00;((21483, 23435), (21971, 22459, 22947));
4;0.921875000000000;22947;11;20.22;((21483, 23435), (21971, 22459, 22947));
4;0.929687500000000;22947;11;19.60;((21483, 23435), (21971, 22459, 22947));
4;0.933593750000000;22947;11;19.57;((21483, 23435), (21971, 22459, 22947));
4;0.935546875000000;22947;5;18.88;((21483, 23435), (21971, 22459, 22947));
4;0.934570312500000;22947;9;19.20;((21483, 23435), (21971, 22459, 22947));
4;0.935058593750000;22947;11;21.00;((21483, 23435), (21971, 22459, 22947));
4;0.935302734375000;22947;5;18.69;((21483, 23435), (21971, 22459, 22947));
4;0.935180664062500;22947;8;18.88;((21483, 23435), (21971, 22459, 22947));
4;0.935241699218750;22947;9;19.07;((21483, 23435), (21971, 22459, 22947));
4;0.935272216796875;22947;7;19.37;((21483, 23435), (21971, 22459, 22947));
4;0.935287475585938;22947;6;18.75;((21483, 23435), (21971, 22459, 22947));
4;0.935295104980469;22947;4;18.87;((21483, 23435), (21971, 22459, 22947));
4;0.935291290283203;22947;8;18.79;((21483, 23435), (21971, 22459, 22947));
4;0.935293197631836;22947;4;18.53;((21483, 23435), (21971, 22459, 22947));
4;0.935292243957520;22947;5;18.70;((21483, 23435), (21971, 22459, 22947));
4;0.500000000000000;21727;11;11.01;((21483, 22459), (21727, 21971, 22215));
4;0.750000000000000;21727;11;15.91;((21483, 22459), (21727, 21971, 22215));
4;0.875000000000000;21727;11;18.60;((21483, 22459), (21727, 21971, 22215));
4;0.937500000000000;21727;2;18.47;((21483, 22459), (21727, 21971, 22215));
4;0.906250000000000;21727;11;18.94;((21483, 22459), (21727, 21971, 22215));
4;0.921875000000000;21727;11;19.89;((21483, 22459), (21727, 21971, 22215));
4;0.929687500000000;21727;11;20.24;((21483, 22459), (21727, 21971, 22215));
4;0.933593750000000;21727;9;18.71;((21483, 22459), (21727, 21971, 22215));
4;0.935546875000000;21727;8;18.72;((21483, 22459), (21727, 21971, 22215));
4;0.936523437500000;21727;3;18.20;((21483, 22459), (21727, 21971, 22215));
4;0.936035156250000;21727;9;18.80;((21483, 22459), (21727, 21971, 22215));
4;0.936279296875000;21727;6;18.55;((21483, 22459), (21727, 21971, 22215));
4;0.936401367187500;21727;4;18.42;((21483, 22459), (21727, 21971, 22215));
4;0.936340332031250;21727;5;18.28;((21483, 22459), (21727, 21971, 22215));
4;0.936309814453125;21727;4;18.28;((21483, 22459), (21727, 21971, 22215));
4;0.936294555664062;21727;6;18.38;((21483, 22459), (21727, 21971, 22215));
4;0.936302185058594;21727;8;18.66;((21483, 22459), (21727, 21971, 22215));
4;0.936305999755859;21727;5;18.42;((21483, 22459), (21727, 21971, 22215));
4;0.936304092407227;21727;7;18.68;((21483, 22459), (21727, 21971, 22215));
4;0.936305046081543;21727;8;18.73;((21483, 22459), (21727, 21971, 22215));
4;0.500000000000000;22215;11;10.63;((21483, 22459), (21727, 21971, 22215));
4;0.750000000000000;22215;11;15.57;((21483, 22459), (21727, 21971, 22215));
4;0.875000000000000;22215;11;17.81;((21483, 22459), (21727, 21971, 22215));
4;0.937500000000000;22215;4;18.28;((21483, 22459), (21727, 21971, 22215));
4;0.906250000000000;22215;11;18.63;((21483, 22459), (21727, 21971, 22215));
4;0.921875000000000;22215;11;18.96;((21483, 22459), (21727, 21971, 22215));
4;0.929687500000000;22215;11;20.29;((21483, 22459), (21727, 21971, 22215));
4;0.933593750000000;22215;11;19.06;((21483, 22459), (21727, 21971, 22215));
4;0.935546875000000;22215;10;18.94;((21483, 22459), (21727, 21971, 22215));
4;0.936523437500000;22215;5;18.46;((21483, 22459), (21727, 21971, 22215));
4;0.936035156250000;22215;5;18.52;((21483, 22459), (21727, 21971, 22215));
4;0.935791015625000;22215;7;18.97;((21483, 22459), (21727, 21971, 22215));
4;0.935913085937500;22215;8;18.91;((21483, 22459), (21727, 21971, 22215));
4;0.935974121093750;22215;4;18.38;((21483, 22459), (21727, 21971, 22215));
4;0.935943603515625;22215;6;18.46;((21483, 22459), (21727, 21971, 22215));
4;0.935958862304688;22215;7;18.63;((21483, 22459), (21727, 21971, 22215));
4;0.935966491699219;22215;5;18.52;((21483, 22459), (21727, 21971, 22215));
4;0.935962677001953;22215;5;18.61;((21483, 22459), (21727, 21971, 22215));
4;0.935960769653320;22215;9;18.80;((21483, 22459), (21727, 21971, 22215));
4;0.935961723327637;22215;8;18.64;((21483, 22459), (21727, 21971, 22215));
4;0.500000000000000;21849;11;10.65;((21727, 22215), (21849, 21971, 22093));
4;0.750000000000000;21849;11;15.44;((21727, 22215), (21849, 21971, 22093));
4;0.875000000000000;21849;11;18.32;((21727, 22215), (21849, 21971, 22093));
4;0.937500000000000;21849;3;18.15;((21727, 22215), (21849, 21971, 22093));
4;0.906250000000000;21849;11;18.41;((21727, 22215), (21849, 21971, 22093));
4;0.921875000000000;21849;11;18.81;((21727, 22215), (21849, 21971, 22093));
4;0.929687500000000;21849;11;19.07;((21727, 22215), (21849, 21971, 22093));
4;0.933593750000000;21849;10;18.87;((21727, 22215), (21849, 21971, 22093));
4;0.935546875000000;21849;8;18.80;((21727, 22215), (21849, 21971, 22093));
4;0.936523437500000;21849;5;18.44;((21727, 22215), (21849, 21971, 22093));
4;0.936035156250000;21849;7;18.46;((21727, 22215), (21849, 21971, 22093));
4;0.936279296875000;21849;6;18.57;((21727, 22215), (21849, 21971, 22093));
4;0.936401367187500;21849;6;18.79;((21727, 22215), (21849, 21971, 22093));
4;0.936462402343750;21849;5;18.39;((21727, 22215), (21849, 21971, 22093));
4;0.936431884765625;21849;7;18.60;((21727, 22215), (21849, 21971, 22093));
4;0.936447143554688;21849;7;18.75;((21727, 22215), (21849, 21971, 22093));
4;0.936454772949219;21849;6;18.49;((21727, 22215), (21849, 21971, 22093));
4;0.936458587646484;21849;6;18.49;((21727, 22215), (21849, 21971, 22093));
4;0.936460494995117;21849;6;19.35;((21727, 22215), (21849, 21971, 22093));
4;0.936461448669434;21849;6;18.53;((21727, 22215), (21849, 21971, 22093));
4;0.500000000000000;22093;11;10.63;((21727, 22215), (21849, 21971, 22093));
4;0.750000000000000;22093;11;15.80;((21727, 22215), (21849, 21971, 22093));
4;0.875000000000000;22093;11;17.91;((21727, 22215), (21849, 21971, 22093));
4;0.937500000000000;22093;3;18.33;((21727, 22215), (21849, 21971, 22093));
4;0.906250000000000;22093;11;18.57;((21727, 22215), (21849, 21971, 22093));
4;0.921875000000000;22093;11;18.72;((21727, 22215), (21849, 21971, 22093));
4;0.929687500000000;22093;11;19.00;((21727, 22215), (21849, 21971, 22093));
4;0.933593750000000;22093;11;18.97;((21727, 22215), (21849, 21971, 22093));
4;0.935546875000000;22093;6;18.57;((21727, 22215), (21849, 21971, 22093));
4;0.936523437500000;22093;5;18.49;((21727, 22215), (21849, 21971, 22093));
4;0.936035156250000;22093;9;19.10;((21727, 22215), (21849, 21971, 22093));
4;0.936279296875000;22093;5;18.35;((21727, 22215), (21849, 21971, 22093));
4;0.936157226562500;22093;8;18.64;((21727, 22215), (21849, 21971, 22093));
4;0.936218261718750;22093;8;18.58;((21727, 22215), (21849, 21971, 22093));
4;0.936248779296875;22093;4;18.44;((21727, 22215), (21849, 21971, 22093));
4;0.936233520507812;22093;8;18.55;((21727, 22215), (21849, 21971, 22093));
4;0.936241149902344;22093;8;18.79;((21727, 22215), (21849, 21971, 22093));
4;0.936244964599609;22093;7;18.51;((21727, 22215), (21849, 21971, 22093));
4;0.936246871948242;22093;7;18.58;((21727, 22215), (21849, 21971, 22093));
4;0.936247825622559;22093;4;18.33;((21727, 22215), (21849, 21971, 22093));
4;0.500000000000000;21910;11;10.81;((21849, 22093), (21910, 21971, 22032));
4;0.750000000000000;21910;11;16.38;((21849, 22093), (21910, 21971, 22032));
4;0.875000000000000;21910;11;17.82;((21849, 22093), (21910, 21971, 22032));
4;0.937500000000000;21910;4;18.36;((21849, 22093), (21910, 21971, 22032));
4;0.906250000000000;21910;11;18.53;((21849, 22093), (21910, 21971, 22032));
4;0.921875000000000;21910;11;18.83;((21849, 22093), (21910, 21971, 22032));
4;0.929687500000000;21910;11;19.02;((21849, 22093), (21910, 21971, 22032));
4;0.933593750000000;21910;8;19.35;((21849, 22093), (21910, 21971, 22032));
4;0.935546875000000;21910;7;18.74;((21849, 22093), (21910, 21971, 22032));
4;0.936523437500000;21910;4;18.28;((21849, 22093), (21910, 21971, 22032));
4;0.936035156250000;21910;5;18.60;((21849, 22093), (21910, 21971, 22032));
4;0.935791015625000;21910;7;18.98;((21849, 22093), (21910, 21971, 22032));
4;0.935913085937500;21910;7;18.58;((21849, 22093), (21910, 21971, 22032));
4;0.935974121093750;21910;8;18.66;((21849, 22093), (21910, 21971, 22032));
4;0.936004638671875;21910;6;18.72;((21849, 22093), (21910, 21971, 22032));
4;0.936019897460938;21910;6;18.49;((21849, 22093), (21910, 21971, 22032));
4;0.936027526855469;21910;8;18.60;((21849, 22093), (21910, 21971, 22032));
4;0.936031341552734;21910;5;18.79;((21849, 22093), (21910, 21971, 22032));
4;0.936029434204102;21910;6;18.52;((21849, 22093), (21910, 21971, 22032));
4;0.936030387878418;21910;6;18.52;((21849, 22093), (21910, 21971, 22032));
4;0.500000000000000;22032;11;10.82;((21849, 22093), (21910, 21971, 22032));
4;0.750000000000000;22032;11;15.55;((21849, 22093), (21910, 21971, 22032));
4;0.875000000000000;22032;11;17.86;((21849, 22093), (21910, 21971, 22032));
4;0.937500000000000;22032;0;8.78;((21849, 22093), (21910, 21971, 22032));
4;0.906250000000000;22032;11;18.67;((21849, 22093), (21910, 21971, 22032));
4;0.921875000000000;22032;4;18.05;((21849, 22093), (21910, 21971, 22032));
4;0.914062500000000;22032;11;18.64;((21849, 22093), (21910, 21971, 22032));
4;0.917968750000000;22032;10;18.66;((21849, 22093), (21910, 21971, 22032));
4;0.919921875000000;22032;11;18.83;((21849, 22093), (21910, 21971, 22032));
4;0.920898437500000;22032;7;18.33;((21849, 22093), (21910, 21971, 22032));
4;0.921386718750000;22032;6;18.35;((21849, 22093), (21910, 21971, 22032));
4;0.921630859375000;22032;4;18.33;((21849, 22093), (21910, 21971, 22032));
4;0.921508789062500;22032;9;18.55;((21849, 22093), (21910, 21971, 22032));
4;0.921569824218750;22032;5;18.16;((21849, 22093), (21910, 21971, 22032));
4;0.921539306640625;22032;6;18.23;((21849, 22093), (21910, 21971, 22032));
4;0.921554565429688;22032;6;18.36;((21849, 22093), (21910, 21971, 22032));
4;0.921562194824219;22032;6;18.19;((21849, 22093), (21910, 21971, 22032));
4;0.921566009521484;22032;8;18.46;((21849, 22093), (21910, 21971, 22032));
4;0.921567916870117;22032;4;18.06;((21849, 22093), (21910, 21971, 22032));
4;0.921566963195801;22032;5;18.18;((21849, 22093), (21910, 21971, 22032));
4;0.500000000000000;21940;11;10.71;((21910, 22032), (21940, 21970, 22000));
4;0.750000000000000;21940;11;16.01;((21910, 22032), (21940, 21970, 22000));
4;0.875000000000000;21940;11;17.83;((21910, 22032), (21940, 21970, 22000));
4;0.937500000000000;21940;2;17.99;((21910, 22032), (21940, 21970, 22000));
4;0.906250000000000;21940;11;18.47;((21910, 22032), (21940, 21970, 22000));
4;0.921875000000000;21940;11;19.09;((21910, 22032), (21940, 21970, 22000));
4;0.929687500000000;21940;11;18.92;((21910, 22032), (21940, 21970, 22000));
4;0.933593750000000;21940;10;18.86;((21910, 22032), (21940, 21970, 22000));
4;0.935546875000000;21940;7;18.66;((21910, 22032), (21940, 21970, 22000));
4;0.936523437500000;21940;6;18.46;((21910, 22032), (21940, 21970, 22000));
4;0.937011718750000;21940;8;18.70;((21910, 22032), (21940, 21970, 22000));
4;0.937255859375000;21940;3;18.18;((21910, 22032), (21940, 21970, 22000));
4;0.937133789062500;21940;2;17.96;((21910, 22032), (21940, 21970, 22000));
4;0.937072753906250;21940;2;18.10;((21910, 22032), (21940, 21970, 22000));
4;0.937042236328125;21940;6;18.45;((21910, 22032), (21940, 21970, 22000));
4;0.937057495117188;21940;4;18.28;((21910, 22032), (21940, 21970, 22000));
4;0.937049865722656;21940;5;18.34;((21910, 22032), (21940, 21970, 22000));
4;0.937046051025391;21940;7;18.54;((21910, 22032), (21940, 21970, 22000));
4;0.937047958374023;21940;8;18.61;((21910, 22032), (21940, 21970, 22000));
4;0.937048912048340;21940;3;18.25;((21910, 22032), (21940, 21970, 22000));
4;0.500000000000000;21970;11;10.66;((21910, 22032), (21940, 21970, 22000));
4;0.750000000000000;21970;11;15.46;((21910, 22032), (21940, 21970, 22000));
4;0.875000000000000;21970;11;17.83;((21910, 22032), (21940, 21970, 22000));
4;0.937500000000000;21970;0;8.81;((21910, 22032), (21940, 21970, 22000));
4;0.906250000000000;21970;11;19.16;((21910, 22032), (21940, 21970, 22000));
4;0.921875000000000;21970;4;18.42;((21910, 22032), (21940, 21970, 22000));
4;0.914062500000000;21970;11;18.58;((21910, 22032), (21940, 21970, 22000));
4;0.917968750000000;21970;11;18.68;((21910, 22032), (21940, 21970, 22000));
4;0.919921875000000;21970;10;18.59;((21910, 22032), (21940, 21970, 22000));
4;0.920898437500000;21970;7;18.34;((21910, 22032), (21940, 21970, 22000));
4;0.921386718750000;21970;7;19.78;((21910, 22032), (21940, 21970, 22000));
4;0.921630859375000;21970;6;18.29;((21910, 22032), (21940, 21970, 22000));
4;0.921752929687500;21970;4;18.13;((21910, 22032), (21940, 21970, 22000));
4;0.921691894531250;21970;7;18.24;((21910, 22032), (21940, 21970, 22000));
4;0.921722412109375;21970;6;18.27;((21910, 22032), (21940, 21970, 22000));
4;0.921737670898438;21970;7;18.25;((21910, 22032), (21940, 21970, 22000));
4;0.921745300292969;21970;6;18.26;((21910, 22032), (21940, 21970, 22000));
4;0.921749114990234;21970;5;18.12;((21910, 22032), (21940, 21970, 22000));
4;0.921747207641602;21970;5;18.17;((21910, 22032), (21940, 21970, 22000));
4;0.921746253967285;21970;8;18.63;((21910, 22032), (21940, 21970, 22000));
4;0.500000000000000;22000;11;11.09;((21910, 22032), (21940, 21970, 22000));
4;0.750000000000000;22000;11;15.43;((21910, 22032), (21940, 21970, 22000));
4;0.875000000000000;22000;11;17.89;((21910, 22032), (21940, 21970, 22000));
4;0.937500000000000;22000;0;8.69;((21910, 22032), (21940, 21970, 22000));
4;0.906250000000000;22000;11;18.44;((21910, 22032), (21940, 21970, 22000));
4;0.921875000000000;22000;7;18.36;((21910, 22032), (21940, 21970, 22000));
4;0.929687500000000;22000;0;9.20;((21910, 22032), (21940, 21970, 22000));
4;0.925781250000000;22000;0;11.89;((21910, 22032), (21940, 21970, 22000));
4;0.923828125000000;22000;2;17.92;((21910, 22032), (21940, 21970, 22000));
4;0.922851562500000;22000;6;18.49;((21910, 22032), (21940, 21970, 22000));
4;0.923339843750000;22000;4;18.00;((21910, 22032), (21940, 21970, 22000));
4;0.923095703125000;22000;3;18.00;((21910, 22032), (21940, 21970, 22000));
4;0.922973632812500;22000;4;18.22;((21910, 22032), (21940, 21970, 22000));
4;0.922912597656250;22000;5;18.22;((21910, 22032), (21940, 21970, 22000));
4;0.922882080078125;22000;2;17.73;((21910, 22032), (21940, 21970, 22000));
4;0.922866821289062;22000;1;17.75;((21910, 22032), (21940, 21970, 22000));
4;0.922859191894531;22000;4;18.13;((21910, 22032), (21940, 21970, 22000));
4;0.922855377197266;22000;4;18.09;((21910, 22032), (21940, 21970, 22000));
4;0.922853469848633;22000;4;18.08;((21910, 22032), (21940, 21970, 22000));
4;0.922852516174316;22000;4;18.17;((21910, 22032), (21940, 21970, 22000));
4;0.500000000000000;21925;11;10.68;((21910, 21970), (21925, 21940, 21955));
4;0.750000000000000;21925;11;15.39;((21910, 21970), (21925, 21940, 21955));
4;0.875000000000000;21925;11;17.78;((21910, 21970), (21925, 21940, 21955));
4;0.937500000000000;21925;5;18.52;((21910, 21970), (21925, 21940, 21955));
4;0.906250000000000;21925;11;18.43;((21910, 21970), (21925, 21940, 21955));
4;0.921875000000000;21925;11;18.75;((21910, 21970), (21925, 21940, 21955));
4;0.929687500000000;21925;11;19.32;((21910, 21970), (21925, 21940, 21955));
4;0.933593750000000;21925;11;19.08;((21910, 21970), (21925, 21940, 21955));
4;0.935546875000000;21925;7;18.61;((21910, 21970), (21925, 21940, 21955));
4;0.936523437500000;21925;5;18.42;((21910, 21970), (21925, 21940, 21955));
4;0.936035156250000;21925;6;18.54;((21910, 21970), (21925, 21940, 21955));
4;0.936279296875000;21925;4;18.37;((21910, 21970), (21925, 21940, 21955));
4;0.936157226562500;21925;3;18.16;((21910, 21970), (21925, 21940, 21955));
4;0.936096191406250;21925;6;18.40;((21910, 21970), (21925, 21940, 21955));
4;0.936126708984375;21925;5;18.45;((21910, 21970), (21925, 21940, 21955));
4;0.936111450195312;21925;6;18.50;((21910, 21970), (21925, 21940, 21955));
4;0.936119079589844;21925;5;18.77;((21910, 21970), (21925, 21940, 21955));
4;0.936115264892578;21925;7;18.58;((21910, 21970), (21925, 21940, 21955));
4;0.936117172241211;21925;6;18.52;((21910, 21970), (21925, 21940, 21955));
4;0.936118125915527;21925;7;18.77;((21910, 21970), (21925, 21940, 21955));
4;0.500000000000000;21955;11;10.62;((21910, 21970), (21925, 21940, 21955));
4;0.750000000000000;21955;11;15.52;((21910, 21970), (21925, 21940, 21955));
4;0.875000000000000;21955;11;18.47;((21910, 21970), (21925, 21940, 21955));
4;0.937500000000000;21955;5;18.45;((21910, 21970), (21925, 21940, 21955));
4;0.906250000000000;21955;11;18.47;((21910, 21970), (21925, 21940, 21955));
4;0.921875000000000;21955;11;18.77;((21910, 21970), (21925, 21940, 21955));
4;0.929687500000000;21955;11;18.88;((21910, 21970), (21925, 21940, 21955));
4;0.933593750000000;21955;11;18.93;((21910, 21970), (21925, 21940, 21955));
4;0.935546875000000;21955;7;18.65;((21910, 21970), (21925, 21940, 21955));
4;0.936523437500000;21955;7;18.58;((21910, 21970), (21925, 21940, 21955));
4;0.937011718750000;21955;6;18.60;((21910, 21970), (21925, 21940, 21955));
4;0.937255859375000;21955;2;18.08;((21910, 21970), (21925, 21940, 21955));
4;0.937133789062500;21955;3;18.03;((21910, 21970), (21925, 21940, 21955));
4;0.937072753906250;21955;2;18.14;((21910, 21970), (21925, 21940, 21955));
4;0.937042236328125;21955;3;18.17;((21910, 21970), (21925, 21940, 21955));
4;0.937026977539062;21955;3;18.13;((21910, 21970), (21925, 21940, 21955));
4;0.937019348144531;21955;5;18.39;((21910, 21970), (21925, 21940, 21955));
4;0.937015533447266;21955;1;17.91;((21910, 21970), (21925, 21940, 21955));
4;0.937013626098633;21955;5;18.97;((21910, 21970), (21925, 21940, 21955));
4;0.937012672424316;21955;4;18.36;((21910, 21970), (21925, 21940, 21955));
