2;0.500000000000000;250000;0;5.04;((0, 1000000), (250000, 500000, 750000));
2;0.250000000000000;250000;9;4.31;((0, 1000000), (250000, 500000, 750000));
2;0.375000000000000;250000;0;4.36;((0, 1000000), (250000, 500000, 750000));
2;0.312500000000000;250000;3;4.91;((0, 1000000), (250000, 500000, 750000));
2;0.281250000000000;250000;6;4.63;((0, 1000000), (250000, 500000, 750000));
2;0.296875000000000;250000;3;4.67;((0, 1000000), (250000, 500000, 750000));
2;0.289062500000000;250000;5;4.82;((0, 1000000), (250000, 500000, 750000));
2;0.285156250000000;250000;4;4.81;((0, 1000000), (250000, 500000, 750000));
2;0.283203125000000;250000;6;4.81;((0, 1000000), (250000, 500000, 750000));
2;0.284179687500000;250000;6;4.77;((0, 1000000), (250000, 500000, 750000));
2;0.284667968750000;250000;0;3.60;((0, 1000000), (250000, 500000, 750000));
2;0.284423828125000;250000;7;4.66;((0, 1000000), (250000, 500000, 750000));
2;0.284545898437500;250000;2;4.60;((0, 1000000), (250000, 500000, 750000));
2;0.284484863281250;250000;4;4.56;((0, 1000000), (250000, 500000, 750000));
2;0.284454345703125;250000;5;4.58;((0, 1000000), (250000, 500000, 750000));
2;0.284439086914062;250000;5;4.61;((0, 1000000), (250000, 500000, 750000));
2;0.284431457519531;250000;3;4.62;((0, 1000000), (250000, 500000, 750000));
2;0.284427642822266;250000;5;4.65;((0, 1000000), (250000, 500000, 750000));
2;0.284425735473633;250000;2;4.59;((0, 1000000), (250000, 500000, 750000));
2;0.284424781799316;250000;3;5.01;((0, 1000000), (250000, 500000, 750000));
2;0.500000000000000;500000;0;5.07;((0, 1000000), (250000, 500000, 750000));
2;0.250000000000000;500000;4;4.34;((0, 1000000), (250000, 500000, 750000));
2;0.125000000000000;500000;11;2.72;((0, 1000000), (250000, 500000, 750000));
2;0.187500000000000;500000;9;3.65;((0, 1000000), (250000, 500000, 750000));
2;0.218750000000000;500000;7;3.85;((0, 1000000), (250000, 500000, 750000));
2;0.234375000000000;500000;6;4.07;((0, 1000000), (250000, 500000, 750000));
2;0.242187500000000;500000;8;4.71;((0, 1000000), (250000, 500000, 750000));
2;0.246093750000000;500000;5;4.46;((0, 1000000), (250000, 500000, 750000));
2;0.244140625000000;500000;7;4.22;((0, 1000000), (250000, 500000, 750000));
2;0.245117187500000;500000;8;4.14;((0, 1000000), (250000, 500000, 750000));
2;0.245605468750000;500000;6;4.14;((0, 1000000), (250000, 500000, 750000));
2;0.245849609375000;500000;6;4.12;((0, 1000000), (250000, 500000, 750000));
2;0.245971679687500;500000;5;4.12;((0, 1000000), (250000, 500000, 750000));
2;0.245910644531250;500000;4;4.20;((0, 1000000), (250000, 500000, 750000));
2;0.245880126953125;500000;5;4.34;((0, 1000000), (250000, 500000, 750000));
2;0.245864868164062;500000;6;4.53;((0, 1000000), (250000, 500000, 750000));
2;0.245872497558594;500000;7;4.23;((0, 1000000), (250000, 500000, 750000));
2;0.245876312255859;500000;6;4.15;((0, 1000000), (250000, 500000, 750000));
2;0.245878219604492;500000;6;4.19;((0, 1000000), (250000, 500000, 750000));
2;0.245879173278809;500000;4;4.13;((0, 1000000), (250000, 500000, 750000));
2;0.500000000000000;750000;0;4.77;((0, 1000000), (250000, 500000, 750000));
2;0.250000000000000;750000;4;4.22;((0, 1000000), (250000, 500000, 750000));
2;0.125000000000000;750000;11;2.76;((0, 1000000), (250000, 500000, 750000));
2;0.187500000000000;750000;9;3.46;((0, 1000000), (250000, 500000, 750000));
2;0.218750000000000;750000;8;3.88;((0, 1000000), (250000, 500000, 750000));
2;0.234375000000000;750000;4;4.47;((0, 1000000), (250000, 500000, 750000));
2;0.226562500000000;750000;9;4.22;((0, 1000000), (250000, 500000, 750000));
2;0.230468750000000;750000;8;4.10;((0, 1000000), (250000, 500000, 750000));
2;0.232421875000000;750000;8;4.08;((0, 1000000), (250000, 500000, 750000));
2;0.233398437500000;750000;4;4.30;((0, 1000000), (250000, 500000, 750000));
2;0.232910156250000;750000;9;4.23;((0, 1000000), (250000, 500000, 750000));
2;0.233154296875000;750000;7;4.09;((0, 1000000), (250000, 500000, 750000));
2;0.233276367187500;750000;9;4.14;((0, 1000000), (250000, 500000, 750000));
2;0.233337402343750;750000;8;4.11;((0, 1000000), (250000, 500000, 750000));
2;0.233367919921875;750000;1;3.94;((0, 1000000), (250000, 500000, 750000));
2;0.233352661132812;750000;9;4.06;((0, 1000000), (250000, 500000, 750000));
2;0.233360290527344;750000;5;4.00;((0, 1000000), (250000, 500000, 750000));
2;0.233356475830078;750000;7;4.09;((0, 1000000), (250000, 500000, 750000));
2;0.233358383178711;750000;6;4.06;((0, 1000000), (250000, 500000, 750000));
2;0.233359336853027;750000;8;3.98;((0, 1000000), (250000, 500000, 750000));
2;0.500000000000000;125000;0;5.23;((0, 500000), (125000, 250000, 375000));
2;0.250000000000000;125000;2;4.15;((0, 500000), (125000, 250000, 375000));
2;0.125000000000000;125000;9;2.71;((0, 500000), (125000, 250000, 375000));
2;0.187500000000000;125000;7;3.44;((0, 500000), (125000, 250000, 375000));
2;0.218750000000000;125000;4;3.71;((0, 500000), (125000, 250000, 375000));
2;0.203125000000000;125000;3;3.47;((0, 500000), (125000, 250000, 375000));
2;0.195312500000000;125000;7;3.47;((0, 500000), (125000, 250000, 375000));
2;0.199218750000000;125000;5;3.38;((0, 500000), (125000, 250000, 375000));
2;0.197265625000000;125000;4;3.45;((0, 500000), (125000, 250000, 375000));
2;0.196289062500000;125000;4;3.37;((0, 500000), (125000, 250000, 375000));
2;0.195800781250000;125000;8;3.50;((0, 500000), (125000, 250000, 375000));
2;0.196044921875000;125000;6;3.48;((0, 500000), (125000, 250000, 375000));
2;0.196166992187500;125000;7;3.46;((0, 500000), (125000, 250000, 375000));
2;0.196228027343750;125000;7;3.47;((0, 500000), (125000, 250000, 375000));
2;0.196258544921875;125000;8;3.49;((0, 500000), (125000, 250000, 375000));
2;0.196273803710938;125000;6;3.44;((0, 500000), (125000, 250000, 375000));
2;0.196281433105469;125000;4;3.53;((0, 500000), (125000, 250000, 375000));
2;0.196277618408203;125000;5;3.46;((0, 500000), (125000, 250000, 375000));
2;0.196275711059570;125000;7;3.58;((0, 500000), (125000, 250000, 375000));
2;0.196276664733887;125000;6;3.62;((0, 500000), (125000, 250000, 375000));
2;0.500000000000000;375000;0;5.08;((0, 500000), (125000, 250000, 375000));
2;0.250000000000000;375000;6;4.34;((0, 500000), (125000, 250000, 375000));
2;0.375000000000000;375000;0;4.61;((0, 500000), (125000, 250000, 375000));
2;0.312500000000000;375000;1;4.90;((0, 500000), (125000, 250000, 375000));
2;0.281250000000000;375000;5;4.52;((0, 500000), (125000, 250000, 375000));
2;0.265625000000000;375000;4;4.26;((0, 500000), (125000, 250000, 375000));
2;0.257812500000000;375000;2;4.21;((0, 500000), (125000, 250000, 375000));
2;0.253906250000000;375000;4;4.17;((0, 500000), (125000, 250000, 375000));
2;0.251953125000000;375000;7;4.28;((0, 500000), (125000, 250000, 375000));
2;0.252929687500000;375000;5;4.14;((0, 500000), (125000, 250000, 375000));
2;0.252441406250000;375000;6;4.12;((0, 500000), (125000, 250000, 375000));
2;0.252685546875000;375000;7;4.15;((0, 500000), (125000, 250000, 375000));
2;0.252807617187500;375000;9;4.26;((0, 500000), (125000, 250000, 375000));
2;0.252868652343750;375000;5;4.55;((0, 500000), (125000, 250000, 375000));
2;0.252838134765625;375000;3;4.46;((0, 500000), (125000, 250000, 375000));
2;0.252822875976562;375000;5;4.27;((0, 500000), (125000, 250000, 375000));
2;0.252815246582031;375000;3;4.30;((0, 500000), (125000, 250000, 375000));
2;0.252811431884766;375000;8;4.28;((0, 500000), (125000, 250000, 375000));
2;0.252813339233398;375000;6;4.28;((0, 500000), (125000, 250000, 375000));
2;0.252814292907715;375000;4;4.21;((0, 500000), (125000, 250000, 375000));
2;0.500000000000000;187500;0;5.13;((125000, 375000), (187500, 250000, 312500));
2;0.250000000000000;187500;5;4.21;((125000, 375000), (187500, 250000, 312500));
2;0.125000000000000;187500;10;2.68;((125000, 375000), (187500, 250000, 312500));
2;0.187500000000000;187500;8;3.43;((125000, 375000), (187500, 250000, 312500));
2;0.218750000000000;187500;9;3.94;((125000, 375000), (187500, 250000, 312500));
2;0.234375000000000;187500;9;4.01;((125000, 375000), (187500, 250000, 312500));
2;0.242187500000000;187500;8;4.13;((125000, 375000), (187500, 250000, 312500));
2;0.246093750000000;187500;5;4.18;((125000, 375000), (187500, 250000, 312500));
2;0.244140625000000;187500;8;4.16;((125000, 375000), (187500, 250000, 312500));
2;0.245117187500000;187500;5;4.17;((125000, 375000), (187500, 250000, 312500));
2;0.244628906250000;187500;8;4.22;((125000, 375000), (187500, 250000, 312500));
2;0.244873046875000;187500;7;4.19;((125000, 375000), (187500, 250000, 312500));
2;0.244995117187500;187500;4;4.12;((125000, 375000), (187500, 250000, 312500));
2;0.244934082031250;187500;6;4.08;((125000, 375000), (187500, 250000, 312500));
2;0.244964599609375;187500;7;4.15;((125000, 375000), (187500, 250000, 312500));
2;0.244979858398438;187500;5;4.07;((125000, 375000), (187500, 250000, 312500));
2;0.244972229003906;187500;3;4.00;((125000, 375000), (187500, 250000, 312500));
2;0.244968414306641;187500;9;4.16;((125000, 375000), (187500, 250000, 312500));
2;0.244970321655273;187500;5;4.23;((125000, 375000), (187500, 250000, 312500));
2;0.244969367980957;187500;4;4.28;((125000, 375000), (187500, 250000, 312500));
2;0.500000000000000;312500;0;4.98;((125000, 375000), (187500, 250000, 312500));
2;0.250000000000000;312500;7;4.31;((125000, 375000), (187500, 250000, 312500));
2;0.375000000000000;312500;0;4.34;((125000, 375000), (187500, 250000, 312500));
2;0.312500000000000;312500;1;4.87;((125000, 375000), (187500, 250000, 312500));
2;0.281250000000000;312500;3;4.53;((125000, 375000), (187500, 250000, 312500));
2;0.265625000000000;312500;7;4.70;((125000, 375000), (187500, 250000, 312500));
2;0.273437500000000;312500;3;4.55;((125000, 375000), (187500, 250000, 312500));
2;0.269531250000000;312500;5;4.45;((125000, 375000), (187500, 250000, 312500));
2;0.267578125000000;312500;6;4.45;((125000, 375000), (187500, 250000, 312500));
2;0.268554687500000;312500;4;4.54;((125000, 375000), (187500, 250000, 312500));
2;0.268066406250000;312500;8;4.94;((125000, 375000), (187500, 250000, 312500));
2;0.268310546875000;312500;6;4.65;((125000, 375000), (187500, 250000, 312500));
2;0.268432617187500;312500;4;4.46;((125000, 375000), (187500, 250000, 312500));
2;0.268371582031250;312500;2;4.51;((125000, 375000), (187500, 250000, 312500));
2;0.268341064453125;312500;7;4.41;((125000, 375000), (187500, 250000, 312500));
2;0.268356323242188;312500;8;4.41;((125000, 375000), (187500, 250000, 312500));
2;0.268363952636719;312500;2;4.39;((125000, 375000), (187500, 250000, 312500));
2;0.268360137939453;312500;6;4.34;((125000, 375000), (187500, 250000, 312500));
2;0.268362045288086;312500;7;4.32;((125000, 375000), (187500, 250000, 312500));
2;0.268362998962402;312500;4;4.40;((125000, 375000), (187500, 250000, 312500));
2;0.500000000000000;218750;0;5.23;((187500, 312500), (218750, 250000, 281250));
2;0.250000000000000;218750;10;4.20;((187500, 312500), (218750, 250000, 281250));
2;0.375000000000000;218750;7;5.65;((187500, 312500), (218750, 250000, 281250));
2;0.437500000000000;218750;0;4.88;((187500, 312500), (218750, 250000, 281250));
2;0.406250000000000;218750;1;5.90;((187500, 312500), (218750, 250000, 281250));
2;0.390625000000000;218750;2;5.94;((187500, 312500), (218750, 250000, 281250));
2;0.382812500000000;218750;3;5.68;((187500, 312500), (218750, 250000, 281250));
2;0.378906250000000;218750;2;5.63;((187500, 312500), (218750, 250000, 281250));
2;0.376953125000000;218750;5;5.64;((187500, 312500), (218750, 250000, 281250));
2;0.375976562500000;218750;5;5.64;((187500, 312500), (218750, 250000, 281250));
2;0.375488281250000;218750;4;5.61;((187500, 312500), (218750, 250000, 281250));
2;0.375244140625000;218750;4;5.64;((187500, 312500), (218750, 250000, 281250));
2;0.375122070312500;218750;6;5.61;((187500, 312500), (218750, 250000, 281250));
2;0.375183105468750;218750;2;5.59;((187500, 312500), (218750, 250000, 281250));
2;0.375152587890625;218750;3;5.62;((187500, 312500), (218750, 250000, 281250));
2;0.375137329101562;218750;6;5.65;((187500, 312500), (218750, 250000, 281250));
2;0.375144958496094;218750;1;5.55;((187500, 312500), (218750, 250000, 281250));
2;0.375141143798828;218750;0;4.68;((187500, 312500), (218750, 250000, 281250));
2;0.375139236450195;218750;4;5.83;((187500, 312500), (218750, 250000, 281250));
2;0.375138282775879;218750;7;5.67;((187500, 312500), (218750, 250000, 281250));
2;0.500000000000000;281250;0;5.27;((187500, 312500), (218750, 250000, 281250));
2;0.250000000000000;281250;8;4.22;((187500, 312500), (218750, 250000, 281250));
2;0.375000000000000;281250;6;5.69;((187500, 312500), (218750, 250000, 281250));
2;0.437500000000000;281250;0;4.79;((187500, 312500), (218750, 250000, 281250));
2;0.406250000000000;281250;1;5.92;((187500, 312500), (218750, 250000, 281250));
2;0.390625000000000;281250;2;5.75;((187500, 312500), (218750, 250000, 281250));
2;0.382812500000000;281250;1;5.64;((187500, 312500), (218750, 250000, 281250));
2;0.378906250000000;281250;5;5.75;((187500, 312500), (218750, 250000, 281250));
2;0.376953125000000;281250;6;5.67;((187500, 312500), (218750, 250000, 281250));
2;0.377929687500000;281250;3;5.64;((187500, 312500), (218750, 250000, 281250));
2;0.377441406250000;281250;3;5.67;((187500, 312500), (218750, 250000, 281250));
2;0.377197265625000;281250;2;5.60;((187500, 312500), (218750, 250000, 281250));
2;0.377075195312500;281250;2;5.50;((187500, 312500), (218750, 250000, 281250));
2;0.377014160156250;281250;1;5.54;((187500, 312500), (218750, 250000, 281250));
2;0.376983642578125;281250;1;5.50;((187500, 312500), (218750, 250000, 281250));
2;0.376968383789062;281250;5;5.62;((187500, 312500), (218750, 250000, 281250));
2;0.376960754394531;281250;6;5.96;((187500, 312500), (218750, 250000, 281250));
2;0.376964569091797;281250;6;5.79;((187500, 312500), (218750, 250000, 281250));
2;0.376966476440430;281250;2;5.78;((187500, 312500), (218750, 250000, 281250));
2;0.376965522766113;281250;4;5.68;((187500, 312500), (218750, 250000, 281250));
2;0.500000000000000;265625;0;5.24;((250000, 312500), (265625, 281250, 296875));
2;0.250000000000000;265625;8;4.25;((250000, 312500), (265625, 281250, 296875));
2;0.375000000000000;265625;3;5.68;((250000, 312500), (265625, 281250, 296875));
2;0.312500000000000;265625;5;4.90;((250000, 312500), (265625, 281250, 296875));
2;0.281250000000000;265625;7;4.53;((250000, 312500), (265625, 281250, 296875));
2;0.296875000000000;265625;6;4.70;((250000, 312500), (265625, 281250, 296875));
2;0.304687500000000;265625;5;4.74;((250000, 312500), (265625, 281250, 296875));
2;0.300781250000000;265625;8;4.78;((250000, 312500), (265625, 281250, 296875));
2;0.302734375000000;265625;7;4.75;((250000, 312500), (265625, 281250, 296875));
2;0.303710937500000;265625;8;4.80;((250000, 312500), (265625, 281250, 296875));
2;0.304199218750000;265625;7;4.85;((250000, 312500), (265625, 281250, 296875));
2;0.304443359375000;265625;5;4.81;((250000, 312500), (265625, 281250, 296875));
2;0.304321289062500;265625;7;4.88;((250000, 312500), (265625, 281250, 296875));
2;0.304382324218750;265625;6;4.95;((250000, 312500), (265625, 281250, 296875));
2;0.304412841796875;265625;6;4.87;((250000, 312500), (265625, 281250, 296875));
2;0.304428100585938;265625;7;4.94;((250000, 312500), (265625, 281250, 296875));
2;0.304435729980469;265625;10;4.93;((250000, 312500), (265625, 281250, 296875));
2;0.304439544677734;265625;3;4.76;((250000, 312500), (265625, 281250, 296875));
2;0.304437637329102;265625;5;5.12;((250000, 312500), (265625, 281250, 296875));
2;0.304436683654785;265625;8;5.06;((250000, 312500), (265625, 281250, 296875));
2;0.500000000000000;296875;0;5.67;((250000, 312500), (265625, 281250, 296875));
2;0.250000000000000;296875;8;4.45;((250000, 312500), (265625, 281250, 296875));
2;0.375000000000000;296875;1;5.71;((250000, 312500), (265625, 281250, 296875));
2;0.312500000000000;296875;5;5.03;((250000, 312500), (265625, 281250, 296875));
2;0.281250000000000;296875;7;4.66;((250000, 312500), (265625, 281250, 296875));
2;0.296875000000000;296875;7;4.89;((250000, 312500), (265625, 281250, 296875));
2;0.304687500000000;296875;4;4.97;((250000, 312500), (265625, 281250, 296875));
2;0.300781250000000;296875;4;4.93;((250000, 312500), (265625, 281250, 296875));
2;0.298828125000000;296875;6;4.96;((250000, 312500), (265625, 281250, 296875));
2;0.299804687500000;296875;8;5.09;((250000, 312500), (265625, 281250, 296875));
2;0.300292968750000;296875;8;5.32;((250000, 312500), (265625, 281250, 296875));
2;0.300537109375000;296875;10;5.45;((250000, 312500), (265625, 281250, 296875));
2;0.300659179687500;296875;9;5.11;((250000, 312500), (265625, 281250, 296875));
2;0.300720214843750;296875;8;4.84;((250000, 312500), (265625, 281250, 296875));
2;0.300750732421875;296875;6;4.84;((250000, 312500), (265625, 281250, 296875));
2;0.300765991210938;296875;9;4.96;((250000, 312500), (265625, 281250, 296875));
2;0.300773620605469;296875;6;4.82;((250000, 312500), (265625, 281250, 296875));
2;0.300777435302734;296875;8;5.25;((250000, 312500), (265625, 281250, 296875));
2;0.300779342651367;296875;4;5.94;((250000, 312500), (265625, 281250, 296875));
2;0.300778388977051;296875;10;5.62;((250000, 312500), (265625, 281250, 296875));
2;0.500000000000000;273437;0;5.68;((265625, 296875), (273437, 281249, 289061));
2;0.250000000000000;273437;8;4.31;((265625, 296875), (273437, 281249, 289061));
2;0.375000000000000;273437;1;5.76;((265625, 296875), (273437, 281249, 289061));
2;0.312500000000000;273437;7;5.05;((265625, 296875), (273437, 281249, 289061));
2;0.343750000000000;273437;5;5.48;((265625, 296875), (273437, 281249, 289061));
2;0.328125000000000;273437;5;5.33;((265625, 296875), (273437, 281249, 289061));
2;0.320312500000000;273437;5;5.08;((265625, 296875), (273437, 281249, 289061));
2;0.316406250000000;273437;8;5.00;((265625, 296875), (273437, 281249, 289061));
2;0.318359375000000;273437;3;5.03;((265625, 296875), (273437, 281249, 289061));
2;0.317382812500000;273437;7;5.12;((265625, 296875), (273437, 281249, 289061));
2;0.317871093750000;273437;7;5.22;((265625, 296875), (273437, 281249, 289061));
2;0.318115234375000;273437;5;5.04;((265625, 296875), (273437, 281249, 289061));
2;0.317993164062500;273437;6;5.59;((265625, 296875), (273437, 281249, 289061));
2;0.318054199218750;273437;4;5.14;((265625, 296875), (273437, 281249, 289061));
2;0.318023681640625;273437;8;5.16;((265625, 296875), (273437, 281249, 289061));
2;0.318038940429688;273437;6;5.13;((265625, 296875), (273437, 281249, 289061));
2;0.318046569824219;273437;5;5.15;((265625, 296875), (273437, 281249, 289061));
2;0.318042755126953;273437;3;4.97;((265625, 296875), (273437, 281249, 289061));
2;0.318040847778320;273437;7;5.08;((265625, 296875), (273437, 281249, 289061));
2;0.318041801452637;273437;5;5.59;((265625, 296875), (273437, 281249, 289061));
2;0.500000000000000;281249;0;5.57;((265625, 296875), (273437, 281249, 289061));
2;0.250000000000000;281249;11;4.75;((265625, 296875), (273437, 281249, 289061));
2;0.375000000000000;281249;3;6.02;((265625, 296875), (273437, 281249, 289061));
2;0.312500000000000;281249;7;5.16;((265625, 296875), (273437, 281249, 289061));
2;0.343750000000000;281249;5;5.62;((265625, 296875), (273437, 281249, 289061));
2;0.328125000000000;281249;7;5.14;((265625, 296875), (273437, 281249, 289061));
2;0.335937500000000;281249;5;5.21;((265625, 296875), (273437, 281249, 289061));
2;0.332031250000000;281249;6;5.27;((265625, 296875), (273437, 281249, 289061));
2;0.333984375000000;281249;9;5.27;((265625, 296875), (273437, 281249, 289061));
2;0.334960937500000;281249;5;5.18;((265625, 296875), (273437, 281249, 289061));
2;0.334472656250000;281249;6;5.49;((265625, 296875), (273437, 281249, 289061));
2;0.334716796875000;281249;9;5.34;((265625, 296875), (273437, 281249, 289061));
2;0.334838867187500;281249;3;5.57;((265625, 296875), (273437, 281249, 289061));
2;0.334777832031250;281249;7;5.23;((265625, 296875), (273437, 281249, 289061));
2;0.334808349609375;281249;6;5.33;((265625, 296875), (273437, 281249, 289061));
2;0.334823608398438;281249;2;5.43;((265625, 296875), (273437, 281249, 289061));
2;0.334815979003906;281249;7;5.60;((265625, 296875), (273437, 281249, 289061));
2;0.334819793701172;281249;6;5.30;((265625, 296875), (273437, 281249, 289061));
2;0.334821701049805;281249;5;5.26;((265625, 296875), (273437, 281249, 289061));
2;0.334820747375488;281249;4;5.24;((265625, 296875), (273437, 281249, 289061));
2;0.500000000000000;289061;0;5.49;((265625, 296875), (273437, 281249, 289061));
2;0.250000000000000;289061;6;4.24;((265625, 296875), (273437, 281249, 289061));
2;0.375000000000000;289061;1;5.57;((265625, 296875), (273437, 281249, 289061));
2;0.312500000000000;289061;5;4.90;((265625, 296875), (273437, 281249, 289061));
2;0.281250000000000;289061;9;4.60;((265625, 296875), (273437, 281249, 289061));
2;0.296875000000000;289061;9;4.74;((265625, 296875), (273437, 281249, 289061));
2;0.304687500000000;289061;8;4.78;((265625, 296875), (273437, 281249, 289061));
2;0.308593750000000;289061;5;4.87;((265625, 296875), (273437, 281249, 289061));
2;0.306640625000000;289061;9;4.88;((265625, 296875), (273437, 281249, 289061));
2;0.307617187500000;289061;4;4.87;((265625, 296875), (273437, 281249, 289061));
2;0.307128906250000;289061;6;4.87;((265625, 296875), (273437, 281249, 289061));
2;0.307373046875000;289061;6;4.85;((265625, 296875), (273437, 281249, 289061));
2;0.307495117187500;289061;5;4.86;((265625, 296875), (273437, 281249, 289061));
2;0.307434082031250;289061;9;4.88;((265625, 296875), (273437, 281249, 289061));
2;0.307464599609375;289061;6;4.95;((265625, 296875), (273437, 281249, 289061));
2;0.307479858398438;289061;7;5.17;((265625, 296875), (273437, 281249, 289061));
2;0.307487487792969;289061;4;5.05;((265625, 296875), (273437, 281249, 289061));
2;0.307483673095703;289061;9;5.04;((265625, 296875), (273437, 281249, 289061));
2;0.307485580444336;289061;2;4.85;((265625, 296875), (273437, 281249, 289061));
2;0.307484626770020;289061;7;5.11;((265625, 296875), (273437, 281249, 289061));
2;0.500000000000000;277343;0;5.40;((273437, 289061), (277343, 281249, 285155));
2;0.250000000000000;277343;7;4.17;((273437, 289061), (277343, 281249, 285155));
2;0.375000000000000;277343;3;5.61;((273437, 289061), (277343, 281249, 285155));
2;0.312500000000000;277343;6;5.09;((273437, 289061), (277343, 281249, 285155));
2;0.343750000000000;277343;6;5.40;((273437, 289061), (277343, 281249, 285155));
2;0.359375000000000;277343;5;5.52;((273437, 289061), (277343, 281249, 285155));
2;0.351562500000000;277343;7;5.56;((273437, 289061), (277343, 281249, 285155));
2;0.355468750000000;277343;5;5.52;((273437, 289061), (277343, 281249, 285155));
2;0.353515625000000;277343;5;5.44;((273437, 289061), (277343, 281249, 285155));
2;0.352539062500000;277343;4;5.53;((273437, 289061), (277343, 281249, 285155));
2;0.352050781250000;277343;6;5.60;((273437, 289061), (277343, 281249, 285155));
2;0.352294921875000;277343;4;5.67;((273437, 289061), (277343, 281249, 285155));
2;0.352172851562500;277343;6;5.66;((273437, 289061), (277343, 281249, 285155));
2;0.352233886718750;277343;6;5.38;((273437, 289061), (277343, 281249, 285155));
2;0.352264404296875;277343;5;5.42;((273437, 289061), (277343, 281249, 285155));
2;0.352249145507812;277343;6;5.48;((273437, 289061), (277343, 281249, 285155));
2;0.352256774902344;277343;3;5.48;((273437, 289061), (277343, 281249, 285155));
2;0.352252960205078;277343;8;5.49;((273437, 289061), (277343, 281249, 285155));
2;0.352254867553711;277343;2;5.34;((273437, 289061), (277343, 281249, 285155));
2;0.352253913879395;277343;6;5.45;((273437, 289061), (277343, 281249, 285155));
2;0.500000000000000;285155;0;5.31;((273437, 289061), (277343, 281249, 285155));
2;0.250000000000000;285155;10;4.22;((273437, 289061), (277343, 281249, 285155));
2;0.375000000000000;285155;5;5.65;((273437, 289061), (277343, 281249, 285155));
2;0.312500000000000;285155;7;4.88;((273437, 289061), (277343, 281249, 285155));
2;0.343750000000000;285155;7;5.42;((273437, 289061), (277343, 281249, 285155));
2;0.359375000000000;285155;6;5.48;((273437, 289061), (277343, 281249, 285155));
2;0.367187500000000;285155;6;5.61;((273437, 289061), (277343, 281249, 285155));
2;0.371093750000000;285155;4;5.57;((273437, 289061), (277343, 281249, 285155));
2;0.369140625000000;285155;3;5.57;((273437, 289061), (277343, 281249, 285155));
2;0.368164062500000;285155;5;5.78;((273437, 289061), (277343, 281249, 285155));
2;0.367675781250000;285155;3;5.82;((273437, 289061), (277343, 281249, 285155));
2;0.367431640625000;285155;7;6.88;((273437, 289061), (277343, 281249, 285155));
2;0.367553710937500;285155;1;5.68;((273437, 289061), (277343, 281249, 285155));
2;0.367492675781250;285155;6;5.81;((273437, 289061), (277343, 281249, 285155));
2;0.367523193359375;285155;2;5.71;((273437, 289061), (277343, 281249, 285155));
2;0.367507934570312;285155;3;5.60;((273437, 289061), (277343, 281249, 285155));
2;0.367500305175781;285155;3;5.65;((273437, 289061), (277343, 281249, 285155));
2;0.367496490478516;285155;1;5.55;((273437, 289061), (277343, 281249, 285155));
2;0.367494583129883;285155;4;5.58;((273437, 289061), (277343, 281249, 285155));
2;0.367493629455566;285155;3;5.71;((273437, 289061), (277343, 281249, 285155));
2;0.500000000000000;283202;0;5.35;((281249, 289061), (283202, 285155, 287108));
2;0.250000000000000;283202;10;4.76;((281249, 289061), (283202, 285155, 287108));
2;0.375000000000000;283202;1;6.25;((281249, 289061), (283202, 285155, 287108));
2;0.312500000000000;283202;2;5.21;((281249, 289061), (283202, 285155, 287108));
2;0.281250000000000;283202;9;5.10;((281249, 289061), (283202, 285155, 287108));
2;0.296875000000000;283202;8;5.27;((281249, 289061), (283202, 285155, 287108));
2;0.304687500000000;283202;7;5.13;((281249, 289061), (283202, 285155, 287108));
2;0.308593750000000;283202;6;5.21;((281249, 289061), (283202, 285155, 287108));
2;0.310546875000000;283202;4;5.08;((281249, 289061), (283202, 285155, 287108));
2;0.309570312500000;283202;6;5.08;((281249, 289061), (283202, 285155, 287108));
2;0.310058593750000;283202;3;5.05;((281249, 289061), (283202, 285155, 287108));
2;0.309814453125000;283202;7;4.89;((281249, 289061), (283202, 285155, 287108));
2;0.309936523437500;283202;3;4.79;((281249, 289061), (283202, 285155, 287108));
2;0.309875488281250;283202;5;4.83;((281249, 289061), (283202, 285155, 287108));
2;0.309844970703125;283202;9;4.94;((281249, 289061), (283202, 285155, 287108));
2;0.309860229492188;283202;5;4.92;((281249, 289061), (283202, 285155, 287108));
2;0.309852600097656;283202;5;4.93;((281249, 289061), (283202, 285155, 287108));
2;0.309848785400391;283202;8;5.00;((281249, 289061), (283202, 285155, 287108));
2;0.309850692749023;283202;8;4.93;((281249, 289061), (283202, 285155, 287108));
2;0.309851646423340;283202;6;4.91;((281249, 289061), (283202, 285155, 287108));
2;0.500000000000000;287108;0;4.87;((281249, 289061), (283202, 285155, 287108));
2;0.250000000000000;287108;5;4.10;((281249, 289061), (283202, 285155, 287108));
2;0.125000000000000;287108;11;2.66;((281249, 289061), (283202, 285155, 287108));
2;0.187500000000000;287108;9;3.45;((281249, 289061), (283202, 285155, 287108));
2;0.218750000000000;287108;8;3.88;((281249, 289061), (283202, 285155, 287108));
2;0.234375000000000;287108;7;4.14;((281249, 289061), (283202, 285155, 287108));
2;0.242187500000000;287108;6;4.17;((281249, 289061), (283202, 285155, 287108));
2;0.246093750000000;287108;4;4.13;((281249, 289061), (283202, 285155, 287108));
2;0.244140625000000;287108;5;4.27;((281249, 289061), (283202, 285155, 287108));
2;0.243164062500000;287108;8;4.37;((281249, 289061), (283202, 285155, 287108));
2;0.243652343750000;287108;5;4.29;((281249, 289061), (283202, 285155, 287108));
2;0.243408203125000;287108;9;4.17;((281249, 289061), (283202, 285155, 287108));
2;0.243530273437500;287108;9;4.44;((281249, 289061), (283202, 285155, 287108));
2;0.243591308593750;287108;6;4.29;((281249, 289061), (283202, 285155, 287108));
2;0.243621826171875;287108;5;4.38;((281249, 289061), (283202, 285155, 287108));
2;0.243606567382812;287108;7;4.26;((281249, 289061), (283202, 285155, 287108));
2;0.243614196777344;287108;6;4.12;((281249, 289061), (283202, 285155, 287108));
2;0.243618011474609;287108;8;4.22;((281249, 289061), (283202, 285155, 287108));
2;0.243619918823242;287108;8;4.20;((281249, 289061), (283202, 285155, 287108));
2;0.243620872497559;287108;3;4.08;((281249, 289061), (283202, 285155, 287108));
2;0.500000000000000;284178;0;5.33;((283202, 287108), (284178, 285154, 286130));
2;0.250000000000000;284178;10;4.28;((283202, 287108), (284178, 285154, 286130));
2;0.375000000000000;284178;5;5.80;((283202, 287108), (284178, 285154, 286130));
2;0.312500000000000;284178;4;5.01;((283202, 287108), (284178, 285154, 286130));
2;0.281250000000000;284178;9;4.62;((283202, 287108), (284178, 285154, 286130));
2;0.296875000000000;284178;8;4.79;((283202, 287108), (284178, 285154, 286130));
2;0.304687500000000;284178;3;4.89;((283202, 287108), (284178, 285154, 286130));
2;0.300781250000000;284178;5;4.83;((283202, 287108), (284178, 285154, 286130));
2;0.298828125000000;284178;4;4.87;((283202, 287108), (284178, 285154, 286130));
2;0.297851562500000;284178;7;4.81;((283202, 287108), (284178, 285154, 286130));
2;0.298339843750000;284178;10;5.17;((283202, 287108), (284178, 285154, 286130));
2;0.298583984375000;284178;9;4.83;((283202, 287108), (284178, 285154, 286130));
2;0.298706054687500;284178;8;5.03;((283202, 287108), (284178, 285154, 286130));
2;0.298767089843750;284178;4;4.77;((283202, 287108), (284178, 285154, 286130));
2;0.298736572265625;284178;8;4.87;((283202, 287108), (284178, 285154, 286130));
2;0.298751831054688;284178;9;5.36;((283202, 287108), (284178, 285154, 286130));
2;0.298759460449219;284178;5;4.85;((283202, 287108), (284178, 285154, 286130));
2;0.298755645751953;284178;7;4.84;((283202, 287108), (284178, 285154, 286130));
2;0.298757553100586;284178;4;4.75;((283202, 287108), (284178, 285154, 286130));
2;0.298756599426270;284178;6;4.81;((283202, 287108), (284178, 285154, 286130));
2;0.500000000000000;285154;0;5.36;((283202, 287108), (284178, 285154, 286130));
2;0.250000000000000;285154;6;4.33;((283202, 287108), (284178, 285154, 286130));
2;0.375000000000000;285154;4;5.75;((283202, 287108), (284178, 285154, 286130));
2;0.312500000000000;285154;7;4.95;((283202, 287108), (284178, 285154, 286130));
2;0.343750000000000;285154;6;5.38;((283202, 287108), (284178, 285154, 286130));
2;0.359375000000000;285154;7;5.98;((283202, 287108), (284178, 285154, 286130));
2;0.367187500000000;285154;2;5.72;((283202, 287108), (284178, 285154, 286130));
2;0.363281250000000;285154;5;5.78;((283202, 287108), (284178, 285154, 286130));
2;0.361328125000000;285154;3;5.57;((283202, 287108), (284178, 285154, 286130));
2;0.360351562500000;285154;6;5.61;((283202, 287108), (284178, 285154, 286130));
2;0.360839843750000;285154;3;5.60;((283202, 287108), (284178, 285154, 286130));
2;0.360595703125000;285154;5;5.65;((283202, 287108), (284178, 285154, 286130));
2;0.360473632812500;285154;1;5.47;((283202, 287108), (284178, 285154, 286130));
2;0.360412597656250;285154;7;5.55;((283202, 287108), (284178, 285154, 286130));
2;0.360443115234375;285154;5;5.57;((283202, 287108), (284178, 285154, 286130));
2;0.360427856445312;285154;0;4.30;((283202, 287108), (284178, 285154, 286130));
2;0.360420227050781;285154;4;5.60;((283202, 287108), (284178, 285154, 286130));
2;0.360416412353516;285154;3;5.65;((283202, 287108), (284178, 285154, 286130));
2;0.360414505004883;285154;6;5.56;((283202, 287108), (284178, 285154, 286130));
2;0.360415458679199;285154;3;5.61;((283202, 287108), (284178, 285154, 286130));
2;0.500000000000000;286130;0;5.49;((283202, 287108), (284178, 285154, 286130));
2;0.250000000000000;286130;9;4.36;((283202, 287108), (284178, 285154, 286130));
2;0.375000000000000;286130;3;5.73;((283202, 287108), (284178, 285154, 286130));
2;0.312500000000000;286130;10;5.11;((283202, 287108), (284178, 285154, 286130));
2;0.343750000000000;286130;6;5.47;((283202, 287108), (284178, 285154, 286130));
2;0.359375000000000;286130;6;5.63;((283202, 287108), (284178, 285154, 286130));
2;0.367187500000000;286130;2;5.61;((283202, 287108), (284178, 285154, 286130));
2;0.363281250000000;286130;5;5.60;((283202, 287108), (284178, 285154, 286130));
2;0.361328125000000;286130;3;5.59;((283202, 287108), (284178, 285154, 286130));
2;0.360351562500000;286130;3;5.46;((283202, 287108), (284178, 285154, 286130));
2;0.359863281250000;286130;4;5.46;((283202, 287108), (284178, 285154, 286130));
2;0.359619140625000;286130;5;5.49;((283202, 287108), (284178, 285154, 286130));
2;0.359497070312500;286130;5;5.39;((283202, 287108), (284178, 285154, 286130));
2;0.359436035156250;286130;3;5.42;((283202, 287108), (284178, 285154, 286130));
2;0.359405517578125;286130;4;5.48;((283202, 287108), (284178, 285154, 286130));
2;0.359390258789062;286130;4;5.44;((283202, 287108), (284178, 285154, 286130));
2;0.359382629394531;286130;4;5.39;((283202, 287108), (284178, 285154, 286130));
2;0.359378814697266;286130;4;5.46;((283202, 287108), (284178, 285154, 286130));
2;0.359376907348633;286130;4;5.60;((283202, 287108), (284178, 285154, 286130));
2;0.359375953674316;286130;2;5.80;((283202, 287108), (284178, 285154, 286130));
2;0.500000000000000;284666;0;5.59;((284178, 286130), (284666, 285154, 285642));
2;0.250000000000000;284666;9;4.60;((284178, 286130), (284666, 285154, 285642));
2;0.375000000000000;284666;2;5.96;((284178, 286130), (284666, 285154, 285642));
2;0.312500000000000;284666;6;5.16;((284178, 286130), (284666, 285154, 285642));
2;0.343750000000000;284666;3;5.55;((284178, 286130), (284666, 285154, 285642));
2;0.328125000000000;284666;8;5.13;((284178, 286130), (284666, 285154, 285642));
2;0.335937500000000;284666;5;5.11;((284178, 286130), (284666, 285154, 285642));
2;0.332031250000000;284666;7;5.09;((284178, 286130), (284666, 285154, 285642));
2;0.333984375000000;284666;9;5.13;((284178, 286130), (284666, 285154, 285642));
2;0.334960937500000;284666;5;5.07;((284178, 286130), (284666, 285154, 285642));
2;0.334472656250000;284666;7;5.13;((284178, 286130), (284666, 285154, 285642));
2;0.334716796875000;284666;8;5.16;((284178, 286130), (284666, 285154, 285642));
2;0.334838867187500;284666;3;5.02;((284178, 286130), (284666, 285154, 285642));
2;0.334777832031250;284666;8;5.18;((284178, 286130), (284666, 285154, 285642));
2;0.334808349609375;284666;7;5.11;((284178, 286130), (284666, 285154, 285642));
2;0.334823608398438;284666;5;5.13;((284178, 286130), (284666, 285154, 285642));
2;0.334815979003906;284666;7;5.09;((284178, 286130), (284666, 285154, 285642));
2;0.334819793701172;284666;7;5.17;((284178, 286130), (284666, 285154, 285642));
2;0.334821701049805;284666;5;5.05;((284178, 286130), (284666, 285154, 285642));
2;0.334820747375488;284666;5;5.07;((284178, 286130), (284666, 285154, 285642));
2;0.500000000000000;285642;0;5.07;((284178, 286130), (284666, 285154, 285642));
2;0.250000000000000;285642;9;4.13;((284178, 286130), (284666, 285154, 285642));
2;0.375000000000000;285642;6;5.60;((284178, 286130), (284666, 285154, 285642));
2;0.437500000000000;285642;0;4.78;((284178, 286130), (284666, 285154, 285642));
2;0.406250000000000;285642;0;4.54;((284178, 286130), (284666, 285154, 285642));
2;0.390625000000000;285642;0;4.39;((284178, 286130), (284666, 285154, 285642));
2;0.382812500000000;285642;4;5.66;((284178, 286130), (284666, 285154, 285642));
2;0.378906250000000;285642;3;5.58;((284178, 286130), (284666, 285154, 285642));
2;0.376953125000000;285642;6;5.71;((284178, 286130), (284666, 285154, 285642));
2;0.377929687500000;285642;3;5.57;((284178, 286130), (284666, 285154, 285642));
2;0.377441406250000;285642;5;5.59;((284178, 286130), (284666, 285154, 285642));
2;0.377197265625000;285642;2;5.43;((284178, 286130), (284666, 285154, 285642));
2;0.377075195312500;285642;8;5.61;((284178, 286130), (284666, 285154, 285642));
2;0.377136230468750;285642;5;5.66;((284178, 286130), (284666, 285154, 285642));
2;0.377105712890625;285642;4;5.58;((284178, 286130), (284666, 285154, 285642));
2;0.377090454101562;285642;2;5.58;((284178, 286130), (284666, 285154, 285642));
2;0.377082824707031;285642;2;5.50;((284178, 286130), (284666, 285154, 285642));
2;0.377079010009766;285642;3;5.57;((284178, 286130), (284666, 285154, 285642));
2;0.377077102661133;285642;7;5.66;((284178, 286130), (284666, 285154, 285642));
2;0.377078056335449;285642;3;5.58;((284178, 286130), (284666, 285154, 285642));
2;0.500000000000000;285398;0;5.06;((285154, 286130), (285398, 285642, 285886));
2;0.250000000000000;285398;10;4.14;((285154, 286130), (285398, 285642, 285886));
2;0.375000000000000;285398;5;5.57;((285154, 286130), (285398, 285642, 285886));
2;0.312500000000000;285398;4;4.74;((285154, 286130), (285398, 285642, 285886));
2;0.281250000000000;285398;7;4.44;((285154, 286130), (285398, 285642, 285886));
2;0.296875000000000;285398;9;4.66;((285154, 286130), (285398, 285642, 285886));
2;0.304687500000000;285398;8;4.74;((285154, 286130), (285398, 285642, 285886));
2;0.308593750000000;285398;4;4.71;((285154, 286130), (285398, 285642, 285886));
2;0.306640625000000;285398;8;4.74;((285154, 286130), (285398, 285642, 285886));
2;0.307617187500000;285398;7;4.79;((285154, 286130), (285398, 285642, 285886));
2;0.308105468750000;285398;9;5.02;((285154, 286130), (285398, 285642, 285886));
2;0.308349609375000;285398;6;4.83;((285154, 286130), (285398, 285642, 285886));
2;0.308471679687500;285398;3;4.73;((285154, 286130), (285398, 285642, 285886));
2;0.308410644531250;285398;8;4.80;((285154, 286130), (285398, 285642, 285886));
2;0.308441162109375;285398;8;4.84;((285154, 286130), (285398, 285642, 285886));
2;0.308456420898438;285398;5;4.75;((285154, 286130), (285398, 285642, 285886));
2;0.308448791503906;285398;6;4.78;((285154, 286130), (285398, 285642, 285886));
2;0.308452606201172;285398;8;4.76;((285154, 286130), (285398, 285642, 285886));
2;0.308454513549805;285398;8;4.80;((285154, 286130), (285398, 285642, 285886));
2;0.308455467224121;285398;5;4.77;((285154, 286130), (285398, 285642, 285886));
2;0.500000000000000;285886;0;5.12;((285154, 286130), (285398, 285642, 285886));
2;0.250000000000000;285886;10;4.18;((285154, 286130), (285398, 285642, 285886));
2;0.375000000000000;285886;5;5.55;((285154, 286130), (285398, 285642, 285886));
2;0.312500000000000;285886;5;4.81;((285154, 286130), (285398, 285642, 285886));
2;0.281250000000000;285886;9;4.48;((285154, 286130), (285398, 285642, 285886));
2;0.296875000000000;285886;4;4.60;((285154, 286130), (285398, 285642, 285886));
2;0.289062500000000;285886;8;4.54;((285154, 286130), (285398, 285642, 285886));
2;0.292968750000000;285886;7;4.63;((285154, 286130), (285398, 285642, 285886));
2;0.294921875000000;285886;8;4.62;((285154, 286130), (285398, 285642, 285886));
2;0.295898437500000;285886;7;4.60;((285154, 286130), (285398, 285642, 285886));
2;0.296386718750000;285886;7;4.64;((285154, 286130), (285398, 285642, 285886));
2;0.296630859375000;285886;6;4.62;((285154, 286130), (285398, 285642, 285886));
2;0.296752929687500;285886;6;4.64;((285154, 286130), (285398, 285642, 285886));
2;0.296813964843750;285886;6;4.57;((285154, 286130), (285398, 285642, 285886));
2;0.296844482421875;285886;8;4.63;((285154, 286130), (285398, 285642, 285886));
2;0.296859741210938;285886;8;4.69;((285154, 286130), (285398, 285642, 285886));
2;0.296867370605469;285886;3;4.60;((285154, 286130), (285398, 285642, 285886));
2;0.296863555908203;285886;6;4.65;((285154, 286130), (285398, 285642, 285886));
2;0.296865463256836;285886;8;4.69;((285154, 286130), (285398, 285642, 285886));
2;0.296866416931152;285886;10;4.69;((285154, 286130), (285398, 285642, 285886));
2;0.500000000000000;285520;0;4.89;((285398, 285886), (285520, 285642, 285764));
2;0.250000000000000;285520;5;4.06;((285398, 285886), (285520, 285642, 285764));
2;0.125000000000000;285520;11;2.57;((285398, 285886), (285520, 285642, 285764));
2;0.187500000000000;285520;10;3.33;((285398, 285886), (285520, 285642, 285764));
2;0.218750000000000;285520;7;3.74;((285398, 285886), (285520, 285642, 285764));
2;0.234375000000000;285520;9;3.93;((285398, 285886), (285520, 285642, 285764));
2;0.242187500000000;285520;5;3.93;((285398, 285886), (285520, 285642, 285764));
2;0.238281250000000;285520;5;3.97;((285398, 285886), (285520, 285642, 285764));
2;0.236328125000000;285520;8;3.88;((285398, 285886), (285520, 285642, 285764));
2;0.237304687500000;285520;7;3.90;((285398, 285886), (285520, 285642, 285764));
2;0.237792968750000;285520;5;3.88;((285398, 285886), (285520, 285642, 285764));
2;0.237548828125000;285520;6;3.87;((285398, 285886), (285520, 285642, 285764));
2;0.237670898437500;285520;9;3.95;((285398, 285886), (285520, 285642, 285764));
2;0.237731933593750;285520;3;3.85;((285398, 285886), (285520, 285642, 285764));
2;0.237701416015625;285520;7;4.02;((285398, 285886), (285520, 285642, 285764));
2;0.237716674804688;285520;4;3.89;((285398, 285886), (285520, 285642, 285764));
2;0.237709045410156;285520;5;3.85;((285398, 285886), (285520, 285642, 285764));
2;0.237705230712891;285520;6;3.95;((285398, 285886), (285520, 285642, 285764));
2;0.237707138061523;285520;6;3.85;((285398, 285886), (285520, 285642, 285764));
2;0.237708091735840;285520;7;3.92;((285398, 285886), (285520, 285642, 285764));
2;0.500000000000000;285764;0;4.66;((285398, 285886), (285520, 285642, 285764));
2;0.250000000000000;285764;7;4.12;((285398, 285886), (285520, 285642, 285764));
2;0.375000000000000;285764;0;4.21;((285398, 285886), (285520, 285642, 285764));
2;0.312500000000000;285764;5;4.83;((285398, 285886), (285520, 285642, 285764));
2;0.281250000000000;285764;3;4.36;((285398, 285886), (285520, 285642, 285764));
2;0.265625000000000;285764;6;4.25;((285398, 285886), (285520, 285642, 285764));
2;0.273437500000000;285764;2;4.28;((285398, 285886), (285520, 285642, 285764));
2;0.269531250000000;285764;2;4.21;((285398, 285886), (285520, 285642, 285764));
2;0.267578125000000;285764;5;4.40;((285398, 285886), (285520, 285642, 285764));
2;0.266601562500000;285764;5;4.22;((285398, 285886), (285520, 285642, 285764));
2;0.266113281250000;285764;5;4.26;((285398, 285886), (285520, 285642, 285764));
2;0.265869140625000;285764;6;4.23;((285398, 285886), (285520, 285642, 285764));
2;0.265991210937500;285764;6;4.25;((285398, 285886), (285520, 285642, 285764));
2;0.266052246093750;285764;4;4.22;((285398, 285886), (285520, 285642, 285764));
2;0.266021728515625;285764;7;4.25;((285398, 285886), (285520, 285642, 285764));
2;0.266036987304688;285764;5;4.21;((285398, 285886), (285520, 285642, 285764));
2;0.266029357910156;285764;6;4.22;((285398, 285886), (285520, 285642, 285764));
2;0.266033172607422;285764;6;4.24;((285398, 285886), (285520, 285642, 285764));
2;0.266035079956055;285764;7;4.26;((285398, 285886), (285520, 285642, 285764));
2;0.266036033630371;285764;5;4.28;((285398, 285886), (285520, 285642, 285764));
2;0.500000000000000;285581;0;5.05;((285520, 285764), (285581, 285642, 285703));
2;0.250000000000000;285581;8;4.13;((285520, 285764), (285581, 285642, 285703));
2;0.375000000000000;285581;3;5.49;((285520, 285764), (285581, 285642, 285703));
2;0.312500000000000;285581;5;4.80;((285520, 285764), (285581, 285642, 285703));
2;0.281250000000000;285581;5;4.53;((285520, 285764), (285581, 285642, 285703));
2;0.265625000000000;285581;9;4.29;((285520, 285764), (285581, 285642, 285703));
2;0.273437500000000;285581;10;4.41;((285520, 285764), (285581, 285642, 285703));
2;0.277343750000000;285581;7;4.39;((285520, 285764), (285581, 285642, 285703));
2;0.279296875000000;285581;8;4.54;((285520, 285764), (285581, 285642, 285703));
2;0.280273437500000;285581;11;4.53;((285520, 285764), (285581, 285642, 285703));
2;0.280761718750000;285581;7;4.46;((285520, 285764), (285581, 285642, 285703));
2;0.281005859375000;285581;10;4.45;((285520, 285764), (285581, 285642, 285703));
2;0.281127929687500;285581;7;4.45;((285520, 285764), (285581, 285642, 285703));
2;0.281188964843750;285581;7;4.44;((285520, 285764), (285581, 285642, 285703));
2;0.281219482421875;285581;4;4.56;((285520, 285764), (285581, 285642, 285703));
2;0.281204223632812;285581;7;4.43;((285520, 285764), (285581, 285642, 285703));
2;0.281211853027344;285581;7;4.45;((285520, 285764), (285581, 285642, 285703));
2;0.281215667724609;285581;4;4.43;((285520, 285764), (285581, 285642, 285703));
2;0.281213760375977;285581;7;4.46;((285520, 285764), (285581, 285642, 285703));
2;0.281214714050293;285581;6;4.47;((285520, 285764), (285581, 285642, 285703));
2;0.500000000000000;285703;0;5.11;((285520, 285764), (285581, 285642, 285703));
2;0.250000000000000;285703;9;4.09;((285520, 285764), (285581, 285642, 285703));
2;0.375000000000000;285703;4;5.56;((285520, 285764), (285581, 285642, 285703));
2;0.312500000000000;285703;8;4.85;((285520, 285764), (285581, 285642, 285703));
2;0.343750000000000;285703;7;5.17;((285520, 285764), (285581, 285642, 285703));
2;0.359375000000000;285703;4;5.35;((285520, 285764), (285581, 285642, 285703));
2;0.351562500000000;285703;4;5.18;((285520, 285764), (285581, 285642, 285703));
2;0.347656250000000;285703;3;5.12;((285520, 285764), (285581, 285642, 285703));
2;0.345703125000000;285703;7;5.18;((285520, 285764), (285581, 285642, 285703));
2;0.346679687500000;285703;5;5.19;((285520, 285764), (285581, 285642, 285703));
2;0.346191406250000;285703;4;5.20;((285520, 285764), (285581, 285642, 285703));
2;0.345947265625000;285703;5;5.22;((285520, 285764), (285581, 285642, 285703));
2;0.345825195312500;285703;6;5.25;((285520, 285764), (285581, 285642, 285703));
2;0.345886230468750;285703;8;5.32;((285520, 285764), (285581, 285642, 285703));
2;0.345916748046875;285703;7;5.22;((285520, 285764), (285581, 285642, 285703));
2;0.345932006835938;285703;8;5.26;((285520, 285764), (285581, 285642, 285703));
2;0.345939636230469;285703;6;5.24;((285520, 285764), (285581, 285642, 285703));
2;0.345943450927734;285703;5;5.16;((285520, 285764), (285581, 285642, 285703));
2;0.345941543579102;285703;3;5.20;((285520, 285764), (285581, 285642, 285703));
2;0.345940589904785;285703;4;5.21;((285520, 285764), (285581, 285642, 285703));
2;0.500000000000000;285611;0;5.09;((285581, 285703), (285611, 285641, 285671));
2;0.250000000000000;285611;10;4.15;((285581, 285703), (285611, 285641, 285671));
2;0.375000000000000;285611;2;5.45;((285581, 285703), (285611, 285641, 285671));
2;0.312500000000000;285611;11;4.92;((285581, 285703), (285611, 285641, 285671));
2;0.343750000000000;285611;4;5.21;((285581, 285703), (285611, 285641, 285671));
2;0.328125000000000;285611;4;4.97;((285581, 285703), (285611, 285641, 285671));
2;0.320312500000000;285611;6;4.93;((285581, 285703), (285611, 285641, 285671));
2;0.324218750000000;285611;6;4.94;((285581, 285703), (285611, 285641, 285671));
2;0.326171875000000;285611;6;5.00;((285581, 285703), (285611, 285641, 285671));
2;0.327148437500000;285611;9;5.01;((285581, 285703), (285611, 285641, 285671));
2;0.327636718750000;285611;4;5.00;((285581, 285703), (285611, 285641, 285671));
2;0.327392578125000;285611;5;5.08;((285581, 285703), (285611, 285641, 285671));
2;0.327270507812500;285611;6;4.98;((285581, 285703), (285611, 285641, 285671));
2;0.327331542968750;285611;3;4.97;((285581, 285703), (285611, 285641, 285671));
2;0.327301025390625;285611;7;4.99;((285581, 285703), (285611, 285641, 285671));
2;0.327316284179688;285611;8;5.08;((285581, 285703), (285611, 285641, 285671));
2;0.327323913574219;285611;5;4.99;((285581, 285703), (285611, 285641, 285671));
2;0.327320098876953;285611;9;5.00;((285581, 285703), (285611, 285641, 285671));
2;0.327322006225586;285611;7;5.02;((285581, 285703), (285611, 285641, 285671));
2;0.327322959899902;285611;4;4.96;((285581, 285703), (285611, 285641, 285671));
2;0.500000000000000;285641;0;5.12;((285581, 285703), (285611, 285641, 285671));
2;0.250000000000000;285641;7;4.13;((285581, 285703), (285611, 285641, 285671));
2;0.375000000000000;285641;2;5.46;((285581, 285703), (285611, 285641, 285671));
2;0.312500000000000;285641;6;4.86;((285581, 285703), (285611, 285641, 285671));
2;0.343750000000000;285641;5;5.18;((285581, 285703), (285611, 285641, 285671));
2;0.328125000000000;285641;7;4.99;((285581, 285703), (285611, 285641, 285671));
2;0.335937500000000;285641;4;5.10;((285581, 285703), (285611, 285641, 285671));
2;0.332031250000000;285641;4;5.09;((285581, 285703), (285611, 285641, 285671));
2;0.330078125000000;285641;5;5.07;((285581, 285703), (285611, 285641, 285671));
2;0.329101562500000;285641;4;4.98;((285581, 285703), (285611, 285641, 285671));
2;0.328613281250000;285641;8;5.00;((285581, 285703), (285611, 285641, 285671));
2;0.328857421875000;285641;7;4.99;((285581, 285703), (285611, 285641, 285671));
2;0.328979492187500;285641;5;5.07;((285581, 285703), (285611, 285641, 285671));
2;0.328918457031250;285641;7;4.97;((285581, 285703), (285611, 285641, 285671));
2;0.328948974609375;285641;10;5.16;((285581, 285703), (285611, 285641, 285671));
2;0.328964233398438;285641;6;5.01;((285581, 285703), (285611, 285641, 285671));
2;0.328971862792969;285641;5;5.07;((285581, 285703), (285611, 285641, 285671));
2;0.328968048095703;285641;6;5.08;((285581, 285703), (285611, 285641, 285671));
2;0.328969955444336;285641;7;5.05;((285581, 285703), (285611, 285641, 285671));
2;0.328970909118652;285641;6;5.04;((285581, 285703), (285611, 285641, 285671));
2;0.500000000000000;285671;0;5.08;((285581, 285703), (285611, 285641, 285671));
2;0.250000000000000;285671;8;4.12;((285581, 285703), (285611, 285641, 285671));
2;0.375000000000000;285671;5;5.60;((285581, 285703), (285611, 285641, 285671));
2;0.312500000000000;285671;6;4.82;((285581, 285703), (285611, 285641, 285671));
2;0.343750000000000;285671;6;5.34;((285581, 285703), (285611, 285641, 285671));
2;0.359375000000000;285671;6;5.40;((285581, 285703), (285611, 285641, 285671));
2;0.367187500000000;285671;5;5.47;((285581, 285703), (285611, 285641, 285671));
2;0.363281250000000;285671;5;5.36;((285581, 285703), (285611, 285641, 285671));
2;0.361328125000000;285671;4;5.39;((285581, 285703), (285611, 285641, 285671));
2;0.360351562500000;285671;5;5.40;((285581, 285703), (285611, 285641, 285671));
2;0.359863281250000;285671;2;5.22;((285581, 285703), (285611, 285641, 285671));
2;0.359619140625000;285671;6;5.37;((285581, 285703), (285611, 285641, 285671));
2;0.359741210937500;285671;4;5.37;((285581, 285703), (285611, 285641, 285671));
2;0.359680175781250;285671;3;5.37;((285581, 285703), (285611, 285641, 285671));
2;0.359649658203125;285671;3;5.40;((285581, 285703), (285611, 285641, 285671));
2;0.359634399414062;285671;4;5.31;((285581, 285703), (285611, 285641, 285671));
2;0.359626770019531;285671;6;5.43;((285581, 285703), (285611, 285641, 285671));
2;0.359630584716797;285671;6;5.39;((285581, 285703), (285611, 285641, 285671));
2;0.359632492065430;285671;5;5.34;((285581, 285703), (285611, 285641, 285671));
2;0.359631538391113;285671;5;5.40;((285581, 285703), (285611, 285641, 285671));
2;0.500000000000000;285656;0;4.71;((285641, 285703), (285656, 285671, 285686));
2;0.250000000000000;285656;7;4.09;((285641, 285703), (285656, 285671, 285686));
2;0.375000000000000;285656;0;4.16;((285641, 285703), (285656, 285671, 285686));
2;0.312500000000000;285656;2;4.71;((285641, 285703), (285656, 285671, 285686));
2;0.281250000000000;285656;8;4.50;((285641, 285703), (285656, 285671, 285686));
2;0.296875000000000;285656;3;4.56;((285641, 285703), (285656, 285671, 285686));
2;0.289062500000000;285656;4;4.49;((285641, 285703), (285656, 285671, 285686));
2;0.285156250000000;285656;5;4.45;((285641, 285703), (285656, 285671, 285686));
2;0.283203125000000;285656;6;4.49;((285641, 285703), (285656, 285671, 285686));
2;0.284179687500000;285656;1;4.41;((285641, 285703), (285656, 285671, 285686));
2;0.283691406250000;285656;6;4.47;((285641, 285703), (285656, 285671, 285686));
2;0.283935546875000;285656;9;4.52;((285641, 285703), (285656, 285671, 285686));
2;0.284057617187500;285656;6;4.47;((285641, 285703), (285656, 285671, 285686));
2;0.284118652343750;285656;5;4.46;((285641, 285703), (285656, 285671, 285686));
2;0.284088134765625;285656;3;4.42;((285641, 285703), (285656, 285671, 285686));
2;0.284072875976562;285656;6;4.44;((285641, 285703), (285656, 285671, 285686));
2;0.284080505371094;285656;4;4.47;((285641, 285703), (285656, 285671, 285686));
2;0.284076690673828;285656;4;4.52;((285641, 285703), (285656, 285671, 285686));
2;0.284074783325195;285656;4;4.43;((285641, 285703), (285656, 285671, 285686));
2;0.284073829650879;285656;5;4.42;((285641, 285703), (285656, 285671, 285686));
2;0.500000000000000;285686;0;5.10;((285641, 285703), (285656, 285671, 285686));
2;0.250000000000000;285686;8;4.16;((285641, 285703), (285656, 285671, 285686));
2;0.375000000000000;285686;3;5.51;((285641, 285703), (285656, 285671, 285686));
2;0.312500000000000;285686;4;4.75;((285641, 285703), (285656, 285671, 285686));
2;0.281250000000000;285686;10;4.50;((285641, 285703), (285656, 285671, 285686));
2;0.296875000000000;285686;7;4.61;((285641, 285703), (285656, 285671, 285686));
2;0.304687500000000;285686;5;4.71;((285641, 285703), (285656, 285671, 285686));
2;0.300781250000000;285686;6;4.69;((285641, 285703), (285656, 285671, 285686));
2;0.302734375000000;285686;8;4.79;((285641, 285703), (285656, 285671, 285686));
2;0.303710937500000;285686;8;4.82;((285641, 285703), (285656, 285671, 285686));
2;0.304199218750000;285686;6;4.69;((285641, 285703), (285656, 285671, 285686));
2;0.304443359375000;285686;10;4.81;((285641, 285703), (285656, 285671, 285686));
2;0.304565429687500;285686;8;4.75;((285641, 285703), (285656, 285671, 285686));
2;0.304626464843750;285686;7;4.75;((285641, 285703), (285656, 285671, 285686));
2;0.304656982421875;285686;5;4.73;((285641, 285703), (285656, 285671, 285686));
2;0.304641723632812;285686;6;4.76;((285641, 285703), (285656, 285671, 285686));
2;0.304649353027344;285686;8;4.72;((285641, 285703), (285656, 285671, 285686));
2;0.304653167724609;285686;6;4.74;((285641, 285703), (285656, 285671, 285686));
2;0.304655075073242;285686;6;4.84;((285641, 285703), (285656, 285671, 285686));
2;0.304656028747559;285686;8;4.80;((285641, 285703), (285656, 285671, 285686));
