5;0.500000000000000;2750000;11;175.10;((0, 11000000), (2750000, 5500000, 8250000));
5;0.750000000000000;2750000;0;129.64;((0, 11000000), (2750000, 5500000, 8250000));
5;0.625000000000000;2750000;11;224.98;((0, 11000000), (2750000, 5500000, 8250000));
5;0.687500000000000;2750000;11;227.10;((0, 11000000), (2750000, 5500000, 8250000));
5;0.718750000000000;2750000;11;231.91;((0, 11000000), (2750000, 5500000, 8250000));
5;0.734375000000000;2750000;11;243.13;((0, 11000000), (2750000, 5500000, 8250000));
5;0.742187500000000;2750000;0;143.61;((0, 11000000), (2750000, 5500000, 8250000));
5;0.738281250000000;2750000;11;240.31;((0, 11000000), (2750000, 5500000, 8250000));
5;0.740234375000000;2750000;11;239.67;((0, 11000000), (2750000, 5500000, 8250000));
5;0.741210937500000;2750000;9;238.53;((0, 11000000), (2750000, 5500000, 8250000));
5;0.741699218750000;2750000;4;224.22;((0, 11000000), (2750000, 5500000, 8250000));
5;0.741455078125000;2750000;7;226.86;((0, 11000000), (2750000, 5500000, 8250000));
5;0.741577148437500;2750000;5;229.46;((0, 11000000), (2750000, 5500000, 8250000));
5;0.741516113281250;2750000;7;242.16;((0, 11000000), (2750000, 5500000, 8250000));
5;0.741546630859375;2750000;5;230.10;((0, 11000000), (2750000, 5500000, 8250000));
5;0.741531372070312;2750000;9;232.80;((0, 11000000), (2750000, 5500000, 8250000));
5;0.741539001464844;2750000;5;230.85;((0, 11000000), (2750000, 5500000, 8250000));
5;0.741535186767578;2750000;7;231.31;((0, 11000000), (2750000, 5500000, 8250000));
5;0.741537094116211;2750000;7;220.00;((0, 11000000), (2750000, 5500000, 8250000));
5;0.741538047790527;2750000;6;218.03;((0, 11000000), (2750000, 5500000, 8250000));
5;0.500000000000000;5500000;11;158.50;((0, 11000000), (2750000, 5500000, 8250000));
5;0.750000000000000;5500000;0;109.14;((0, 11000000), (2750000, 5500000, 8250000));
5;0.625000000000000;5500000;0;107.28;((0, 11000000), (2750000, 5500000, 8250000));
5;0.562500000000000;5500000;11;176.40;((0, 11000000), (2750000, 5500000, 8250000));
5;0.593750000000000;5500000;11;184.67;((0, 11000000), (2750000, 5500000, 8250000));
5;0.609375000000000;5500000;11;189.36;((0, 11000000), (2750000, 5500000, 8250000));
5;0.617187500000000;5500000;0;109.72;((0, 11000000), (2750000, 5500000, 8250000));
5;0.613281250000000;5500000;11;197.74;((0, 11000000), (2750000, 5500000, 8250000));
5;0.615234375000000;5500000;11;190.47;((0, 11000000), (2750000, 5500000, 8250000));
5;0.616210937500000;5500000;0;111.00;((0, 11000000), (2750000, 5500000, 8250000));
5;0.615722656250000;5500000;11;191.13;((0, 11000000), (2750000, 5500000, 8250000));
5;0.615966796875000;5500000;7;188.13;((0, 11000000), (2750000, 5500000, 8250000));
5;0.616088867187500;5500000;2;182.99;((0, 11000000), (2750000, 5500000, 8250000));
5;0.616027832031250;5500000;4;192.51;((0, 11000000), (2750000, 5500000, 8250000));
5;0.615997314453125;5500000;7;186.09;((0, 11000000), (2750000, 5500000, 8250000));
5;0.616012573242188;5500000;4;183.34;((0, 11000000), (2750000, 5500000, 8250000));
5;0.616004943847656;5500000;5;185.51;((0, 11000000), (2750000, 5500000, 8250000));
5;0.616001129150391;5500000;3;185.50;((0, 11000000), (2750000, 5500000, 8250000));
5;0.615999221801758;5500000;8;187.62;((0, 11000000), (2750000, 5500000, 8250000));
5;0.616000175476074;5500000;4;184.01;((0, 11000000), (2750000, 5500000, 8250000));
5;0.500000000000000;8250000;11;164.20;((0, 11000000), (2750000, 5500000, 8250000));
5;0.750000000000000;8250000;0;103.77;((0, 11000000), (2750000, 5500000, 8250000));
5;0.625000000000000;8250000;0;101.42;((0, 11000000), (2750000, 5500000, 8250000));
5;0.562500000000000;8250000;11;175.06;((0, 11000000), (2750000, 5500000, 8250000));
5;0.593750000000000;8250000;11;184.27;((0, 11000000), (2750000, 5500000, 8250000));
5;0.609375000000000;8250000;0;131.61;((0, 11000000), (2750000, 5500000, 8250000));
5;0.601562500000000;8250000;11;198.42;((0, 11000000), (2750000, 5500000, 8250000));
5;0.605468750000000;8250000;11;187.78;((0, 11000000), (2750000, 5500000, 8250000));
5;0.607421875000000;8250000;3;179.34;((0, 11000000), (2750000, 5500000, 8250000));
5;0.606445312500000;8250000;11;188.08;((0, 11000000), (2750000, 5500000, 8250000));
5;0.606933593750000;8250000;11;188.05;((0, 11000000), (2750000, 5500000, 8250000));
5;0.607177734375000;8250000;10;186.25;((0, 11000000), (2750000, 5500000, 8250000));
5;0.607299804687500;8250000;10;186.83;((0, 11000000), (2750000, 5500000, 8250000));
5;0.607360839843750;8250000;10;192.34;((0, 11000000), (2750000, 5500000, 8250000));
5;0.607391357421875;8250000;1;175.52;((0, 11000000), (2750000, 5500000, 8250000));
5;0.607376098632812;8250000;7;183.19;((0, 11000000), (2750000, 5500000, 8250000));
5;0.607383728027344;8250000;5;181.87;((0, 11000000), (2750000, 5500000, 8250000));
5;0.607379913330078;8250000;7;183.74;((0, 11000000), (2750000, 5500000, 8250000));
5;0.607381820678711;8250000;8;186.12;((0, 11000000), (2750000, 5500000, 8250000));
5;0.607382774353027;8250000;4;181.78;((0, 11000000), (2750000, 5500000, 8250000));
5;0.500000000000000;1375000;11;157.56;((0, 5500000), (1375000, 2750000, 4125000));
5;0.750000000000000;1375000;11;274.41;((0, 5500000), (1375000, 2750000, 4125000));
5;0.875000000000000;1375000;0;120.01;((0, 5500000), (1375000, 2750000, 4125000));
5;0.812500000000000;1375000;11;251.21;((0, 5500000), (1375000, 2750000, 4125000));
5;0.843750000000000;1375000;11;253.75;((0, 5500000), (1375000, 2750000, 4125000));
5;0.859375000000000;1375000;11;257.72;((0, 5500000), (1375000, 2750000, 4125000));
5;0.867187500000000;1375000;0;121.08;((0, 5500000), (1375000, 2750000, 4125000));
5;0.863281250000000;1375000;1;240.94;((0, 5500000), (1375000, 2750000, 4125000));
5;0.861328125000000;1375000;11;257.03;((0, 5500000), (1375000, 2750000, 4125000));
5;0.862304687500000;1375000;11;258.42;((0, 5500000), (1375000, 2750000, 4125000));
5;0.862792968750000;1375000;6;251.03;((0, 5500000), (1375000, 2750000, 4125000));
5;0.863037109375000;1375000;3;246.45;((0, 5500000), (1375000, 2750000, 4125000));
5;0.862915039062500;1375000;8;255.74;((0, 5500000), (1375000, 2750000, 4125000));
5;0.862976074218750;1375000;6;255.01;((0, 5500000), (1375000, 2750000, 4125000));
5;0.863006591796875;1375000;6;253.97;((0, 5500000), (1375000, 2750000, 4125000));
5;0.863021850585938;1375000;6;251.96;((0, 5500000), (1375000, 2750000, 4125000));
5;0.863029479980469;1375000;5;249.03;((0, 5500000), (1375000, 2750000, 4125000));
5;0.863025665283203;1375000;6;251.74;((0, 5500000), (1375000, 2750000, 4125000));
5;0.863027572631836;1375000;3;245.61;((0, 5500000), (1375000, 2750000, 4125000));
5;0.863026618957520;1375000;4;249.88;((0, 5500000), (1375000, 2750000, 4125000));
5;0.500000000000000;4125000;11;156.52;((0, 5500000), (1375000, 2750000, 4125000));
5;0.750000000000000;4125000;0;110.94;((0, 5500000), (1375000, 2750000, 4125000));
5;0.625000000000000;4125000;11;194.13;((0, 5500000), (1375000, 2750000, 4125000));
5;0.687500000000000;4125000;0;110.63;((0, 5500000), (1375000, 2750000, 4125000));
5;0.656250000000000;4125000;0;132.54;((0, 5500000), (1375000, 2750000, 4125000));
5;0.640625000000000;4125000;11;196.82;((0, 5500000), (1375000, 2750000, 4125000));
5;0.648437500000000;4125000;11;201.47;((0, 5500000), (1375000, 2750000, 4125000));
5;0.652343750000000;4125000;0;113.81;((0, 5500000), (1375000, 2750000, 4125000));
5;0.650390625000000;4125000;0;117.01;((0, 5500000), (1375000, 2750000, 4125000));
5;0.649414062500000;4125000;0;137.67;((0, 5500000), (1375000, 2750000, 4125000));
5;0.648925781250000;4125000;4;194.22;((0, 5500000), (1375000, 2750000, 4125000));
5;0.648681640625000;4125000;9;196.24;((0, 5500000), (1375000, 2750000, 4125000));
5;0.648803710937500;4125000;3;192.12;((0, 5500000), (1375000, 2750000, 4125000));
5;0.648742675781250;4125000;8;200.65;((0, 5500000), (1375000, 2750000, 4125000));
5;0.648773193359375;4125000;6;202.40;((0, 5500000), (1375000, 2750000, 4125000));
5;0.648788452148438;4125000;4;193.13;((0, 5500000), (1375000, 2750000, 4125000));
5;0.648780822753906;4125000;7;194.71;((0, 5500000), (1375000, 2750000, 4125000));
5;0.648784637451172;4125000;4;192.74;((0, 5500000), (1375000, 2750000, 4125000));
5;0.648782730102539;4125000;7;195.28;((0, 5500000), (1375000, 2750000, 4125000));
5;0.648783683776855;4125000;9;198.52;((0, 5500000), (1375000, 2750000, 4125000));
5;0.500000000000000;687500;11;155.14;((0, 2750000), (687500, 1375000, 2062500));
5;0.750000000000000;687500;11;224.02;((0, 2750000), (687500, 1375000, 2062500));
5;0.875000000000000;687500;11;260.17;((0, 2750000), (687500, 1375000, 2062500));
5;0.937500000000000;687500;0;120.37;((0, 2750000), (687500, 1375000, 2062500));
5;0.906250000000000;687500;11;274.34;((0, 2750000), (687500, 1375000, 2062500));
5;0.921875000000000;687500;11;278.55;((0, 2750000), (687500, 1375000, 2062500));
5;0.929687500000000;687500;0;120.67;((0, 2750000), (687500, 1375000, 2062500));
5;0.925781250000000;687500;0;126.25;((0, 2750000), (687500, 1375000, 2062500));
5;0.923828125000000;687500;1;253.83;((0, 2750000), (687500, 1375000, 2062500));
5;0.922851562500000;687500;7;264.94;((0, 2750000), (687500, 1375000, 2062500));
5;0.923339843750000;687500;0;185.24;((0, 2750000), (687500, 1375000, 2062500));
5;0.923095703125000;687500;4;273.35;((0, 2750000), (687500, 1375000, 2062500));
5;0.922973632812500;687500;4;267.84;((0, 2750000), (687500, 1375000, 2062500));
5;0.922912597656250;687500;4;264.83;((0, 2750000), (687500, 1375000, 2062500));
5;0.922882080078125;687500;8;269.13;((0, 2750000), (687500, 1375000, 2062500));
5;0.922897338867188;687500;6;266.11;((0, 2750000), (687500, 1375000, 2062500));
5;0.922904968261719;687500;6;265.43;((0, 2750000), (687500, 1375000, 2062500));
5;0.922908782958984;687500;7;265.45;((0, 2750000), (687500, 1375000, 2062500));
5;0.922910690307617;687500;7;265.44;((0, 2750000), (687500, 1375000, 2062500));
5;0.922911643981934;687500;4;263.03;((0, 2750000), (687500, 1375000, 2062500));
5;0.500000000000000;2062500;11;155.13;((0, 2750000), (687500, 1375000, 2062500));
5;0.750000000000000;2062500;11;225.96;((0, 2750000), (687500, 1375000, 2062500));
5;0.875000000000000;2062500;0;118.10;((0, 2750000), (687500, 1375000, 2062500));
5;0.812500000000000;2062500;0;119.51;((0, 2750000), (687500, 1375000, 2062500));
5;0.781250000000000;2062500;11;235.77;((0, 2750000), (687500, 1375000, 2062500));
5;0.796875000000000;2062500;11;239.59;((0, 2750000), (687500, 1375000, 2062500));
5;0.804687500000000;2062500;0;127.03;((0, 2750000), (687500, 1375000, 2062500));
5;0.800781250000000;2062500;11;264.26;((0, 2750000), (687500, 1375000, 2062500));
5;0.802734375000000;2062500;0;134.19;((0, 2750000), (687500, 1375000, 2062500));
5;0.801757812500000;2062500;11;241.10;((0, 2750000), (687500, 1375000, 2062500));
5;0.802246093750000;2062500;4;233.31;((0, 2750000), (687500, 1375000, 2062500));
5;0.802001953125000;2062500;5;233.62;((0, 2750000), (687500, 1375000, 2062500));
5;0.801879882812500;2062500;5;234.35;((0, 2750000), (687500, 1375000, 2062500));
5;0.801818847656250;2062500;7;234.94;((0, 2750000), (687500, 1375000, 2062500));
5;0.801849365234375;2062500;9;236.70;((0, 2750000), (687500, 1375000, 2062500));
5;0.801864624023438;2062500;7;236.29;((0, 2750000), (687500, 1375000, 2062500));
5;0.801872253417969;2062500;8;234.99;((0, 2750000), (687500, 1375000, 2062500));
5;0.801876068115234;2062500;8;235.66;((0, 2750000), (687500, 1375000, 2062500));
5;0.801877975463867;2062500;7;236.17;((0, 2750000), (687500, 1375000, 2062500));
5;0.801878929138184;2062500;5;233.48;((0, 2750000), (687500, 1375000, 2062500));
5;0.500000000000000;343750;11;153.61;((0, 1375000), (343750, 687500, 1031250));
5;0.750000000000000;343750;11;223.81;((0, 1375000), (343750, 687500, 1031250));
5;0.875000000000000;343750;11;263.97;((0, 1375000), (343750, 687500, 1031250));
5;0.937500000000000;343750;11;275.85;((0, 1375000), (343750, 687500, 1031250));
5;0.968750000000000;343750;0;120.54;((0, 1375000), (343750, 687500, 1031250));
5;0.953125000000000;343750;0;154.53;((0, 1375000), (343750, 687500, 1031250));
5;0.945312500000000;343750;11;278.45;((0, 1375000), (343750, 687500, 1031250));
5;0.949218750000000;343750;11;278.37;((0, 1375000), (343750, 687500, 1031250));
5;0.951171875000000;343750;9;276.38;((0, 1375000), (343750, 687500, 1031250));
5;0.952148437500000;343750;0;174.83;((0, 1375000), (343750, 687500, 1031250));
5;0.951660156250000;343750;5;268.17;((0, 1375000), (343750, 687500, 1031250));
5;0.951416015625000;343750;5;279.77;((0, 1375000), (343750, 687500, 1031250));
5;0.951293945312500;343750;7;274.72;((0, 1375000), (343750, 687500, 1031250));
5;0.951354980468750;343750;6;273.11;((0, 1375000), (343750, 687500, 1031250));
5;0.951385498046875;343750;9;273.25;((0, 1375000), (343750, 687500, 1031250));
5;0.951400756835938;343750;6;269.86;((0, 1375000), (343750, 687500, 1031250));
5;0.951408386230469;343750;8;274.65;((0, 1375000), (343750, 687500, 1031250));
5;0.951412200927734;343750;8;279.30;((0, 1375000), (343750, 687500, 1031250));
5;0.951414108276367;343750;6;278.23;((0, 1375000), (343750, 687500, 1031250));
5;0.951415061950684;343750;5;269.68;((0, 1375000), (343750, 687500, 1031250));
5;0.500000000000000;1031250;11;154.46;((0, 1375000), (343750, 687500, 1031250));
5;0.750000000000000;1031250;11;225.98;((0, 1375000), (343750, 687500, 1031250));
5;0.875000000000000;1031250;11;301.65;((0, 1375000), (343750, 687500, 1031250));
5;0.937500000000000;1031250;0;120.76;((0, 1375000), (343750, 687500, 1031250));
5;0.906250000000000;1031250;0;121.30;((0, 1375000), (343750, 687500, 1031250));
5;0.890625000000000;1031250;11;267.54;((0, 1375000), (343750, 687500, 1031250));
5;0.898437500000000;1031250;0;121.06;((0, 1375000), (343750, 687500, 1031250));
5;0.894531250000000;1031250;0;147.40;((0, 1375000), (343750, 687500, 1031250));
5;0.892578125000000;1031250;11;268.74;((0, 1375000), (343750, 687500, 1031250));
5;0.893554687500000;1031250;1;249.75;((0, 1375000), (343750, 687500, 1031250));
5;0.893066406250000;1031250;7;260.33;((0, 1375000), (343750, 687500, 1031250));
5;0.893310546875000;1031250;3;253.68;((0, 1375000), (343750, 687500, 1031250));
5;0.893188476562500;1031250;6;259.34;((0, 1375000), (343750, 687500, 1031250));
5;0.893249511718750;1031250;6;263.22;((0, 1375000), (343750, 687500, 1031250));
5;0.893280029296875;1031250;3;260.55;((0, 1375000), (343750, 687500, 1031250));
5;0.893264770507812;1031250;5;256.93;((0, 1375000), (343750, 687500, 1031250));
5;0.893257141113281;1031250;2;250.90;((0, 1375000), (343750, 687500, 1031250));
5;0.893253326416016;1031250;4;296.10;((0, 1375000), (343750, 687500, 1031250));
5;0.893251419067383;1031250;7;260.23;((0, 1375000), (343750, 687500, 1031250));
5;0.893252372741699;1031250;4;266.35;((0, 1375000), (343750, 687500, 1031250));
5;0.500000000000000;171875;11;152.99;((0, 687500), (171875, 343750, 515625));
5;0.750000000000000;171875;11;223.80;((0, 687500), (171875, 343750, 515625));
5;0.875000000000000;171875;11;256.49;((0, 687500), (171875, 343750, 515625));
5;0.937500000000000;171875;11;273.02;((0, 687500), (171875, 343750, 515625));
5;0.968750000000000;171875;2;267.16;((0, 687500), (171875, 343750, 515625));
5;0.953125000000000;171875;11;278.60;((0, 687500), (171875, 343750, 515625));
5;0.960937500000000;171875;11;280.29;((0, 687500), (171875, 343750, 515625));
5;0.964843750000000;171875;11;285.14;((0, 687500), (171875, 343750, 515625));
5;0.966796875000000;171875;11;285.85;((0, 687500), (171875, 343750, 515625));
5;0.967773437500000;171875;9;275.85;((0, 687500), (171875, 343750, 515625));
5;0.968261718750000;171875;6;273.19;((0, 687500), (171875, 343750, 515625));
5;0.968505859375000;171875;6;277.42;((0, 687500), (171875, 343750, 515625));
5;0.968627929687500;171875;2;264.94;((0, 687500), (171875, 343750, 515625));
5;0.968566894531250;171875;6;275.93;((0, 687500), (171875, 343750, 515625));
5;0.968597412109375;171875;3;267.51;((0, 687500), (171875, 343750, 515625));
5;0.968582153320312;171875;6;279.77;((0, 687500), (171875, 343750, 515625));
5;0.968589782714844;171875;2;267.32;((0, 687500), (171875, 343750, 515625));
5;0.968585968017578;171875;4;271.74;((0, 687500), (171875, 343750, 515625));
5;0.968584060668945;171875;4;271.01;((0, 687500), (171875, 343750, 515625));
5;0.968583106994629;171875;4;269.96;((0, 687500), (171875, 343750, 515625));
5;0.500000000000000;515625;11;157.07;((0, 687500), (171875, 343750, 515625));
5;0.750000000000000;515625;11;239.28;((0, 687500), (171875, 343750, 515625));
5;0.875000000000000;515625;11;316.77;((0, 687500), (171875, 343750, 515625));
5;0.937500000000000;515625;11;276.85;((0, 687500), (171875, 343750, 515625));
5;0.968750000000000;515625;0;119.97;((0, 687500), (171875, 343750, 515625));
5;0.953125000000000;515625;0;119.95;((0, 687500), (171875, 343750, 515625));
5;0.945312500000000;515625;0;123.03;((0, 687500), (171875, 343750, 515625));
5;0.941406250000000;515625;10;274.97;((0, 687500), (171875, 343750, 515625));
5;0.943359375000000;515625;0;149.90;((0, 687500), (171875, 343750, 515625));
5;0.942382812500000;515625;5;267.04;((0, 687500), (171875, 343750, 515625));
5;0.941894531250000;515625;9;277.07;((0, 687500), (171875, 343750, 515625));
5;0.942138671875000;515625;5;267.08;((0, 687500), (171875, 343750, 515625));
5;0.942016601562500;515625;9;273.01;((0, 687500), (171875, 343750, 515625));
5;0.942077636718750;515625;7;268.97;((0, 687500), (171875, 343750, 515625));
5;0.942108154296875;515625;6;270.17;((0, 687500), (171875, 343750, 515625));
5;0.942123413085938;515625;4;266.48;((0, 687500), (171875, 343750, 515625));
5;0.942115783691406;515625;1;271.86;((0, 687500), (171875, 343750, 515625));
5;0.942111968994141;515625;7;279.16;((0, 687500), (171875, 343750, 515625));
5;0.942113876342773;515625;3;264.37;((0, 687500), (171875, 343750, 515625));
5;0.942112922668457;515625;5;267.38;((0, 687500), (171875, 343750, 515625));
5;0.500000000000000;85937;11;152.78;((0, 343750), (85937, 171874, 257811));
5;0.750000000000000;85937;11;220.62;((0, 343750), (85937, 171874, 257811));
5;0.875000000000000;85937;11;254.33;((0, 343750), (85937, 171874, 257811));
5;0.937500000000000;85937;11;271.35;((0, 343750), (85937, 171874, 257811));
5;0.968750000000000;85937;10;276.39;((0, 343750), (85937, 171874, 257811));
5;0.984375000000000;85937;0;125.11;((0, 343750), (85937, 171874, 257811));
5;0.976562500000000;85937;0;129.78;((0, 343750), (85937, 171874, 257811));
5;0.972656250000000;85937;0;190.52;((0, 343750), (85937, 171874, 257811));
5;0.970703125000000;85937;5;281.21;((0, 343750), (85937, 171874, 257811));
5;0.969726562500000;85937;9;283.79;((0, 343750), (85937, 171874, 257811));
5;0.970214843750000;85937;8;282.46;((0, 343750), (85937, 171874, 257811));
5;0.970458984375000;85937;9;286.88;((0, 343750), (85937, 171874, 257811));
5;0.970581054687500;85937;8;291.17;((0, 343750), (85937, 171874, 257811));
5;0.970642089843750;85937;8;280.81;((0, 343750), (85937, 171874, 257811));
5;0.970672607421875;85937;7;287.08;((0, 343750), (85937, 171874, 257811));
5;0.970687866210938;85937;9;283.68;((0, 343750), (85937, 171874, 257811));
5;0.970695495605469;85937;8;286.65;((0, 343750), (85937, 171874, 257811));
5;0.970699310302734;85937;8;279.85;((0, 343750), (85937, 171874, 257811));
5;0.970701217651367;85937;10;300.85;((0, 343750), (85937, 171874, 257811));
5;0.970702171325684;85937;9;285.56;((0, 343750), (85937, 171874, 257811));
5;0.500000000000000;171874;11;158.40;((0, 343750), (85937, 171874, 257811));
5;0.750000000000000;171874;11;228.31;((0, 343750), (85937, 171874, 257811));
5;0.875000000000000;171874;11;264.74;((0, 343750), (85937, 171874, 257811));
5;0.937500000000000;171874;11;282.57;((0, 343750), (85937, 171874, 257811));
5;0.968750000000000;171874;0;150.00;((0, 343750), (85937, 171874, 257811));
5;0.953125000000000;171874;11;299.37;((0, 343750), (85937, 171874, 257811));
5;0.960937500000000;171874;11;326.67;((0, 343750), (85937, 171874, 257811));
5;0.964843750000000;171874;0;197.41;((0, 343750), (85937, 171874, 257811));
5;0.962890625000000;171874;9;301.60;((0, 343750), (85937, 171874, 257811));
5;0.963867187500000;171874;4;289.01;((0, 343750), (85937, 171874, 257811));
5;0.963378906250000;171874;7;287.07;((0, 343750), (85937, 171874, 257811));
5;0.963623046875000;171874;3;285.70;((0, 343750), (85937, 171874, 257811));
5;0.963500976562500;171874;7;298.35;((0, 343750), (85937, 171874, 257811));
5;0.963562011718750;171874;5;310.62;((0, 343750), (85937, 171874, 257811));
5;0.963531494140625;171874;5;307.98;((0, 343750), (85937, 171874, 257811));
5;0.963516235351562;171874;4;285.75;((0, 343750), (85937, 171874, 257811));
5;0.963508605957031;171874;7;310.81;((0, 343750), (85937, 171874, 257811));
5;0.963512420654297;171874;6;317.74;((0, 343750), (85937, 171874, 257811));
5;0.963514328002930;171874;6;317.46;((0, 343750), (85937, 171874, 257811));
5;0.963515281677246;171874;8;352.98;((0, 343750), (85937, 171874, 257811));
5;0.500000000000000;257811;11;201.91;((0, 343750), (85937, 171874, 257811));
5;0.750000000000000;257811;11;297.24;((0, 343750), (85937, 171874, 257811));
5;0.875000000000000;257811;11;334.84;((0, 343750), (85937, 171874, 257811));
5;0.937500000000000;257811;11;351.53;((0, 343750), (85937, 171874, 257811));
5;0.968750000000000;257811;0;151.25;((0, 343750), (85937, 171874, 257811));
5;0.953125000000000;257811;11;352.19;((0, 343750), (85937, 171874, 257811));
5;0.960937500000000;257811;11;355.11;((0, 343750), (85937, 171874, 257811));
5;0.964843750000000;257811;0;179.26;((0, 343750), (85937, 171874, 257811));
5;0.962890625000000;257811;3;330.94;((0, 343750), (85937, 171874, 257811));
5;0.961914062500000;257811;10;347.83;((0, 343750), (85937, 171874, 257811));
5;0.962402343750000;257811;5;323.47;((0, 343750), (85937, 171874, 257811));
5;0.962158203125000;257811;10;320.30;((0, 343750), (85937, 171874, 257811));
5;0.962280273437500;257811;5;299.95;((0, 343750), (85937, 171874, 257811));
5;0.962219238281250;257811;7;305.48;((0, 343750), (85937, 171874, 257811));
5;0.962249755859375;257811;4;295.58;((0, 343750), (85937, 171874, 257811));
5;0.962234497070312;257811;10;317.13;((0, 343750), (85937, 171874, 257811));
5;0.962242126464844;257811;7;298.01;((0, 343750), (85937, 171874, 257811));
5;0.962245941162109;257811;6;312.90;((0, 343750), (85937, 171874, 257811));
5;0.962247848510742;257811;8;304.87;((0, 343750), (85937, 171874, 257811));
5;0.962248802185059;257811;10;313.70;((0, 343750), (85937, 171874, 257811));
5;0.500000000000000;42968;11;175.03;((0, 171874), (42968, 85936, 128904));
5;0.750000000000000;42968;11;259.13;((0, 171874), (42968, 85936, 128904));
5;0.875000000000000;42968;11;306.84;((0, 171874), (42968, 85936, 128904));
5;0.937500000000000;42968;11;314.98;((0, 171874), (42968, 85936, 128904));
5;0.968750000000000;42968;3;291.36;((0, 171874), (42968, 85936, 128904));
5;0.953125000000000;42968;11;344.95;((0, 171874), (42968, 85936, 128904));
5;0.960937500000000;42968;11;327.18;((0, 171874), (42968, 85936, 128904));
5;0.964843750000000;42968;11;313.38;((0, 171874), (42968, 85936, 128904));
5;0.966796875000000;42968;10;304.68;((0, 171874), (42968, 85936, 128904));
5;0.967773437500000;42968;10;303.78;((0, 171874), (42968, 85936, 128904));
5;0.968261718750000;42968;6;293.71;((0, 171874), (42968, 85936, 128904));
5;0.968505859375000;42968;4;288.92;((0, 171874), (42968, 85936, 128904));
5;0.968383789062500;42968;8;324.05;((0, 171874), (42968, 85936, 128904));
5;0.968444824218750;42968;7;326.70;((0, 171874), (42968, 85936, 128904));
5;0.968475341796875;42968;7;306.03;((0, 171874), (42968, 85936, 128904));
5;0.968490600585938;42968;7;306.71;((0, 171874), (42968, 85936, 128904));
5;0.968498229980469;42968;8;295.57;((0, 171874), (42968, 85936, 128904));
5;0.968502044677734;42968;6;295.25;((0, 171874), (42968, 85936, 128904));
5;0.968503952026367;42968;6;287.54;((0, 171874), (42968, 85936, 128904));
5;0.968504905700684;42968;6;287.16;((0, 171874), (42968, 85936, 128904));
5;0.500000000000000;85936;11;168.18;((0, 171874), (42968, 85936, 128904));
5;0.750000000000000;85936;11;243.42;((0, 171874), (42968, 85936, 128904));
5;0.875000000000000;85936;11;275.60;((0, 171874), (42968, 85936, 128904));
5;0.937500000000000;85936;11;310.78;((0, 171874), (42968, 85936, 128904));
5;0.968750000000000;85936;11;315.82;((0, 171874), (42968, 85936, 128904));
5;0.984375000000000;85936;0;131.67;((0, 171874), (42968, 85936, 128904));
5;0.976562500000000;85936;0;146.10;((0, 171874), (42968, 85936, 128904));
5;0.972656250000000;85936;0;210.07;((0, 171874), (42968, 85936, 128904));
5;0.970703125000000;85936;7;299.92;((0, 171874), (42968, 85936, 128904));
5;0.971679687500000;85936;2;286.67;((0, 171874), (42968, 85936, 128904));
5;0.971191406250000;85936;9;296.82;((0, 171874), (42968, 85936, 128904));
5;0.971435546875000;85936;3;294.15;((0, 171874), (42968, 85936, 128904));
5;0.971313476562500;85936;8;285.63;((0, 171874), (42968, 85936, 128904));
5;0.971374511718750;85936;5;278.88;((0, 171874), (42968, 85936, 128904));
5;0.971343994140625;85936;8;285.00;((0, 171874), (42968, 85936, 128904));
5;0.971359252929688;85936;5;278.43;((0, 171874), (42968, 85936, 128904));
5;0.971351623535156;85936;6;281.75;((0, 171874), (42968, 85936, 128904));
5;0.971355438232422;85936;4;288.73;((0, 171874), (42968, 85936, 128904));
5;0.971353530883789;85936;6;284.80;((0, 171874), (42968, 85936, 128904));
5;0.971354484558105;85936;4;284.80;((0, 171874), (42968, 85936, 128904));
5;0.500000000000000;128904;11;167.35;((0, 171874), (42968, 85936, 128904));
5;0.750000000000000;128904;11;250.85;((0, 171874), (42968, 85936, 128904));
5;0.875000000000000;128904;11;280.88;((0, 171874), (42968, 85936, 128904));
5;0.937500000000000;128904;11;308.69;((0, 171874), (42968, 85936, 128904));
5;0.968750000000000;128904;0;149.70;((0, 171874), (42968, 85936, 128904));
5;0.953125000000000;128904;11;290.30;((0, 171874), (42968, 85936, 128904));
5;0.960937500000000;128904;11;292.60;((0, 171874), (42968, 85936, 128904));
5;0.964843750000000;128904;8;283.14;((0, 171874), (42968, 85936, 128904));
5;0.966796875000000;128904;1;269.92;((0, 171874), (42968, 85936, 128904));
5;0.965820312500000;128904;4;276.20;((0, 171874), (42968, 85936, 128904));
5;0.965332031250000;128904;6;279.76;((0, 171874), (42968, 85936, 128904));
5;0.965576171875000;128904;3;274.19;((0, 171874), (42968, 85936, 128904));
5;0.965454101562500;128904;5;278.12;((0, 171874), (42968, 85936, 128904));
5;0.965393066406250;128904;8;282.91;((0, 171874), (42968, 85936, 128904));
5;0.965423583984375;128904;4;285.57;((0, 171874), (42968, 85936, 128904));
5;0.965408325195312;128904;4;278.28;((0, 171874), (42968, 85936, 128904));
5;0.965400695800781;128904;9;283.60;((0, 171874), (42968, 85936, 128904));
5;0.965404510498047;128904;6;281.54;((0, 171874), (42968, 85936, 128904));
5;0.965406417846680;128904;4;276.60;((0, 171874), (42968, 85936, 128904));
5;0.965405464172363;128904;7;278.94;((0, 171874), (42968, 85936, 128904));
5;0.500000000000000;64452;11;158.01;((42968, 128904), (64452, 85936, 107420));
5;0.750000000000000;64452;11;235.99;((42968, 128904), (64452, 85936, 107420));
5;0.875000000000000;64452;11;266.40;((42968, 128904), (64452, 85936, 107420));
5;0.937500000000000;64452;11;282.81;((42968, 128904), (64452, 85936, 107420));
5;0.968750000000000;64452;0;149.83;((42968, 128904), (64452, 85936, 107420));
5;0.953125000000000;64452;11;287.11;((42968, 128904), (64452, 85936, 107420));
5;0.960937500000000;64452;11;289.45;((42968, 128904), (64452, 85936, 107420));
5;0.964843750000000;64452;8;283.73;((42968, 128904), (64452, 85936, 107420));
5;0.966796875000000;64452;3;271.09;((42968, 128904), (64452, 85936, 107420));
5;0.965820312500000;64452;1;271.70;((42968, 128904), (64452, 85936, 107420));
5;0.965332031250000;64452;3;273.53;((42968, 128904), (64452, 85936, 107420));
5;0.965087890625000;64452;9;280.42;((42968, 128904), (64452, 85936, 107420));
5;0.965209960937500;64452;4;276.81;((42968, 128904), (64452, 85936, 107420));
5;0.965148925781250;64452;5;274.93;((42968, 128904), (64452, 85936, 107420));
5;0.965118408203125;64452;4;275.16;((42968, 128904), (64452, 85936, 107420));
5;0.965103149414062;64452;4;277.37;((42968, 128904), (64452, 85936, 107420));
5;0.965095520019531;64452;6;280.03;((42968, 128904), (64452, 85936, 107420));
5;0.965099334716797;64452;9;282.34;((42968, 128904), (64452, 85936, 107420));
5;0.965101242065430;64452;8;279.08;((42968, 128904), (64452, 85936, 107420));
5;0.965102195739746;64452;5;280.68;((42968, 128904), (64452, 85936, 107420));
5;0.500000000000000;107420;11;158.29;((42968, 128904), (64452, 85936, 107420));
5;0.750000000000000;107420;11;231.01;((42968, 128904), (64452, 85936, 107420));
5;0.875000000000000;107420;11;271.25;((42968, 128904), (64452, 85936, 107420));
5;0.937500000000000;107420;11;283.33;((42968, 128904), (64452, 85936, 107420));
5;0.968750000000000;107420;0;150.22;((42968, 128904), (64452, 85936, 107420));
5;0.953125000000000;107420;11;289.90;((42968, 128904), (64452, 85936, 107420));
5;0.960937500000000;107420;11;289.88;((42968, 128904), (64452, 85936, 107420));
5;0.964843750000000;107420;10;290.22;((42968, 128904), (64452, 85936, 107420));
5;0.966796875000000;107420;2;273.15;((42968, 128904), (64452, 85936, 107420));
5;0.965820312500000;107420;8;285.24;((42968, 128904), (64452, 85936, 107420));
5;0.966308593750000;107420;4;276.15;((42968, 128904), (64452, 85936, 107420));
5;0.966064453125000;107420;4;277.78;((42968, 128904), (64452, 85936, 107420));
5;0.965942382812500;107420;7;278.99;((42968, 128904), (64452, 85936, 107420));
5;0.966003417968750;107420;5;277.88;((42968, 128904), (64452, 85936, 107420));
5;0.965972900390625;107420;6;281.44;((42968, 128904), (64452, 85936, 107420));
5;0.965988159179688;107420;9;282.88;((42968, 128904), (64452, 85936, 107420));
5;0.965995788574219;107420;5;279.42;((42968, 128904), (64452, 85936, 107420));
5;0.965991973876953;107420;7;285.35;((42968, 128904), (64452, 85936, 107420));
5;0.965993881225586;107420;6;279.07;((42968, 128904), (64452, 85936, 107420));
5;0.965994834899902;107420;4;275.81;((42968, 128904), (64452, 85936, 107420));
5;0.500000000000000;75194;11;158.11;((64452, 107420), (75194, 85936, 96678));
5;0.750000000000000;75194;11;231.59;((64452, 107420), (75194, 85936, 96678));
5;0.875000000000000;75194;11;269.16;((64452, 107420), (75194, 85936, 96678));
5;0.937500000000000;75194;11;283.25;((64452, 107420), (75194, 85936, 96678));
5;0.968750000000000;75194;0;162.66;((64452, 107420), (75194, 85936, 96678));
5;0.953125000000000;75194;11;293.57;((64452, 107420), (75194, 85936, 96678));
5;0.960937500000000;75194;11;292.75;((64452, 107420), (75194, 85936, 96678));
5;0.964843750000000;75194;9;283.11;((64452, 107420), (75194, 85936, 96678));
5;0.966796875000000;75194;4;279.36;((64452, 107420), (75194, 85936, 96678));
5;0.965820312500000;75194;7;278.58;((64452, 107420), (75194, 85936, 96678));
5;0.966308593750000;75194;1;274.61;((64452, 107420), (75194, 85936, 96678));
5;0.966064453125000;75194;6;276.45;((64452, 107420), (75194, 85936, 96678));
5;0.966186523437500;75194;5;276.40;((64452, 107420), (75194, 85936, 96678));
5;0.966125488281250;75194;5;275.38;((64452, 107420), (75194, 85936, 96678));
5;0.966094970703125;75194;3;271.73;((64452, 107420), (75194, 85936, 96678));
5;0.966079711914062;75194;6;279.26;((64452, 107420), (75194, 85936, 96678));
5;0.966087341308594;75194;5;276.24;((64452, 107420), (75194, 85936, 96678));
5;0.966083526611328;75194;3;274.39;((64452, 107420), (75194, 85936, 96678));
5;0.966081619262695;75194;5;276.54;((64452, 107420), (75194, 85936, 96678));
5;0.966080665588379;75194;9;282.99;((64452, 107420), (75194, 85936, 96678));
5;0.500000000000000;96678;11;159.45;((64452, 107420), (75194, 85936, 96678));
5;0.750000000000000;96678;11;232.38;((64452, 107420), (75194, 85936, 96678));
5;0.875000000000000;96678;11;266.74;((64452, 107420), (75194, 85936, 96678));
5;0.937500000000000;96678;11;291.22;((64452, 107420), (75194, 85936, 96678));
5;0.968750000000000;96678;11;293.40;((64452, 107420), (75194, 85936, 96678));
5;0.984375000000000;96678;0;121.06;((64452, 107420), (75194, 85936, 96678));
5;0.976562500000000;96678;0;135.09;((64452, 107420), (75194, 85936, 96678));
5;0.972656250000000;96678;0;194.81;((64452, 107420), (75194, 85936, 96678));
5;0.970703125000000;96678;7;285.30;((64452, 107420), (75194, 85936, 96678));
5;0.971679687500000;96678;5;277.89;((64452, 107420), (75194, 85936, 96678));
5;0.971191406250000;96678;6;280.94;((64452, 107420), (75194, 85936, 96678));
5;0.971435546875000;96678;5;279.35;((64452, 107420), (75194, 85936, 96678));
5;0.971313476562500;96678;4;278.54;((64452, 107420), (75194, 85936, 96678));
5;0.971252441406250;96678;3;276.84;((64452, 107420), (75194, 85936, 96678));
5;0.971221923828125;96678;10;289.94;((64452, 107420), (75194, 85936, 96678));
5;0.971237182617188;96678;7;286.01;((64452, 107420), (75194, 85936, 96678));
5;0.971244812011719;96678;5;290.39;((64452, 107420), (75194, 85936, 96678));
5;0.971240997314453;96678;7;295.41;((64452, 107420), (75194, 85936, 96678));
5;0.971242904663086;96678;6;287.87;((64452, 107420), (75194, 85936, 96678));
5;0.971243858337402;96678;7;288.76;((64452, 107420), (75194, 85936, 96678));
5;0.500000000000000;80565;11;158.96;((75194, 96678), (80565, 85936, 91307));
5;0.750000000000000;80565;11;228.54;((75194, 96678), (80565, 85936, 91307));
5;0.875000000000000;80565;11;264.83;((75194, 96678), (80565, 85936, 91307));
5;0.937500000000000;80565;11;288.73;((75194, 96678), (80565, 85936, 91307));
5;0.968750000000000;80565;11;292.81;((75194, 96678), (80565, 85936, 91307));
5;0.984375000000000;80565;0;122.08;((75194, 96678), (80565, 85936, 91307));
5;0.976562500000000;80565;0;130.90;((75194, 96678), (80565, 85936, 91307));
5;0.972656250000000;80565;1;273.29;((75194, 96678), (80565, 85936, 91307));
5;0.970703125000000;80565;6;279.38;((75194, 96678), (80565, 85936, 91307));
5;0.971679687500000;80565;2;273.61;((75194, 96678), (80565, 85936, 91307));
5;0.971191406250000;80565;3;276.25;((75194, 96678), (80565, 85936, 91307));
5;0.970947265625000;80565;8;281.77;((75194, 96678), (80565, 85936, 91307));
5;0.971069335937500;80565;7;281.38;((75194, 96678), (80565, 85936, 91307));
5;0.971130371093750;80565;9;283.21;((75194, 96678), (80565, 85936, 91307));
5;0.971160888671875;80565;5;279.11;((75194, 96678), (80565, 85936, 91307));
5;0.971145629882812;80565;5;278.72;((75194, 96678), (80565, 85936, 91307));
5;0.971138000488281;80565;6;281.39;((75194, 96678), (80565, 85936, 91307));
5;0.971141815185547;80565;9;281.39;((75194, 96678), (80565, 85936, 91307));
5;0.971143722534180;80565;4;278.04;((75194, 96678), (80565, 85936, 91307));
5;0.971142768859863;80565;8;279.23;((75194, 96678), (80565, 85936, 91307));
5;0.500000000000000;91307;11;158.49;((75194, 96678), (80565, 85936, 91307));
5;0.750000000000000;91307;11;231.82;((75194, 96678), (80565, 85936, 91307));
5;0.875000000000000;91307;11;268.00;((75194, 96678), (80565, 85936, 91307));
5;0.937500000000000;91307;11;286.12;((75194, 96678), (80565, 85936, 91307));
5;0.968750000000000;91307;11;296.26;((75194, 96678), (80565, 85936, 91307));
5;0.984375000000000;91307;0;122.93;((75194, 96678), (80565, 85936, 91307));
5;0.976562500000000;91307;0;133.21;((75194, 96678), (80565, 85936, 91307));
5;0.972656250000000;91307;2;273.65;((75194, 96678), (80565, 85936, 91307));
5;0.970703125000000;91307;9;286.23;((75194, 96678), (80565, 85936, 91307));
5;0.971679687500000;91307;2;274.85;((75194, 96678), (80565, 85936, 91307));
5;0.971191406250000;91307;8;283.87;((75194, 96678), (80565, 85936, 91307));
5;0.971435546875000;91307;5;276.96;((75194, 96678), (80565, 85936, 91307));
5;0.971313476562500;91307;6;281.15;((75194, 96678), (80565, 85936, 91307));
5;0.971374511718750;91307;6;283.24;((75194, 96678), (80565, 85936, 91307));
5;0.971405029296875;91307;4;276.02;((75194, 96678), (80565, 85936, 91307));
5;0.971389770507812;91307;5;278.96;((75194, 96678), (80565, 85936, 91307));
5;0.971382141113281;91307;3;276.65;((75194, 96678), (80565, 85936, 91307));
5;0.971378326416016;91307;7;284.81;((75194, 96678), (80565, 85936, 91307));
5;0.971380233764648;91307;6;281.10;((75194, 96678), (80565, 85936, 91307));
5;0.971381187438965;91307;6;281.38;((75194, 96678), (80565, 85936, 91307));
5;0.500000000000000;88621;11;158.77;((85936, 96678), (88621, 91306, 93991));
5;0.750000000000000;88621;11;236.90;((85936, 96678), (88621, 91306, 93991));
5;0.875000000000000;88621;11;265.99;((85936, 96678), (88621, 91306, 93991));
5;0.937500000000000;88621;11;285.54;((85936, 96678), (88621, 91306, 93991));
5;0.968750000000000;88621;11;295.31;((85936, 96678), (88621, 91306, 93991));
5;0.984375000000000;88621;0;123.49;((85936, 96678), (88621, 91306, 93991));
5;0.976562500000000;88621;0;132.46;((85936, 96678), (88621, 91306, 93991));
5;0.972656250000000;88621;2;274.34;((85936, 96678), (88621, 91306, 93991));
5;0.970703125000000;88621;7;280.74;((85936, 96678), (88621, 91306, 93991));
5;0.971679687500000;88621;5;279.02;((85936, 96678), (88621, 91306, 93991));
5;0.971191406250000;88621;4;276.86;((85936, 96678), (88621, 91306, 93991));
5;0.970947265625000;88621;7;280.65;((85936, 96678), (88621, 91306, 93991));
5;0.971069335937500;88621;3;277.18;((85936, 96678), (88621, 91306, 93991));
5;0.971008300781250;88621;6;276.68;((85936, 96678), (88621, 91306, 93991));
5;0.971038818359375;88621;6;280.85;((85936, 96678), (88621, 91306, 93991));
5;0.971054077148438;88621;8;279.65;((85936, 96678), (88621, 91306, 93991));
5;0.971061706542969;88621;7;281.50;((85936, 96678), (88621, 91306, 93991));
5;0.971065521240234;88621;8;286.36;((85936, 96678), (88621, 91306, 93991));
5;0.971067428588867;88621;8;284.54;((85936, 96678), (88621, 91306, 93991));
5;0.971068382263184;88621;10;288.42;((85936, 96678), (88621, 91306, 93991));
5;0.500000000000000;91306;11;159.28;((85936, 96678), (88621, 91306, 93991));
5;0.750000000000000;91306;11;229.86;((85936, 96678), (88621, 91306, 93991));
5;0.875000000000000;91306;11;267.40;((85936, 96678), (88621, 91306, 93991));
5;0.937500000000000;91306;11;281.14;((85936, 96678), (88621, 91306, 93991));
5;0.968750000000000;91306;11;294.71;((85936, 96678), (88621, 91306, 93991));
5;0.984375000000000;91306;0;121.22;((85936, 96678), (88621, 91306, 93991));
5;0.976562500000000;91306;0;131.10;((85936, 96678), (88621, 91306, 93991));
5;0.972656250000000;91306;1;270.03;((85936, 96678), (88621, 91306, 93991));
5;0.970703125000000;91306;8;280.08;((85936, 96678), (88621, 91306, 93991));
5;0.971679687500000;91306;4;279.89;((85936, 96678), (88621, 91306, 93991));
5;0.971191406250000;91306;7;281.80;((85936, 96678), (88621, 91306, 93991));
5;0.971435546875000;91306;8;282.58;((85936, 96678), (88621, 91306, 93991));
5;0.971557617187500;91306;3;275.46;((85936, 96678), (88621, 91306, 93991));
5;0.971496582031250;91306;6;281.39;((85936, 96678), (88621, 91306, 93991));
5;0.971527099609375;91306;5;278.74;((85936, 96678), (88621, 91306, 93991));
5;0.971511840820312;91306;4;280.26;((85936, 96678), (88621, 91306, 93991));
5;0.971504211425781;91306;5;281.53;((85936, 96678), (88621, 91306, 93991));
5;0.971500396728516;91306;2;277.00;((85936, 96678), (88621, 91306, 93991));
5;0.971498489379883;91306;4;276.45;((85936, 96678), (88621, 91306, 93991));
5;0.971497535705566;91306;5;278.32;((85936, 96678), (88621, 91306, 93991));
5;0.500000000000000;93991;11;158.51;((85936, 96678), (88621, 91306, 93991));
5;0.750000000000000;93991;11;228.93;((85936, 96678), (88621, 91306, 93991));
5;0.875000000000000;93991;11;263.55;((85936, 96678), (88621, 91306, 93991));
5;0.937500000000000;93991;11;285.30;((85936, 96678), (88621, 91306, 93991));
5;0.968750000000000;93991;11;292.27;((85936, 96678), (88621, 91306, 93991));
5;0.984375000000000;93991;0;121.34;((85936, 96678), (88621, 91306, 93991));
5;0.976562500000000;93991;0;130.53;((85936, 96678), (88621, 91306, 93991));
5;0.972656250000000;93991;1;270.91;((85936, 96678), (88621, 91306, 93991));
5;0.970703125000000;93991;8;278.34;((85936, 96678), (88621, 91306, 93991));
5;0.971679687500000;93991;2;274.51;((85936, 96678), (88621, 91306, 93991));
5;0.971191406250000;93991;4;278.89;((85936, 96678), (88621, 91306, 93991));
5;0.970947265625000;93991;9;281.28;((85936, 96678), (88621, 91306, 93991));
5;0.971069335937500;93991;7;282.85;((85936, 96678), (88621, 91306, 93991));
5;0.971130371093750;93991;9;285.82;((85936, 96678), (88621, 91306, 93991));
5;0.971160888671875;93991;6;277.37;((85936, 96678), (88621, 91306, 93991));
5;0.971176147460938;93991;9;283.09;((85936, 96678), (88621, 91306, 93991));
5;0.971183776855469;93991;6;278.92;((85936, 96678), (88621, 91306, 93991));
5;0.971187591552734;93991;9;282.66;((85936, 96678), (88621, 91306, 93991));
5;0.971189498901367;93991;8;282.21;((85936, 96678), (88621, 91306, 93991));
5;0.971190452575684;93991;7;278.99;((85936, 96678), (88621, 91306, 93991));
5;0.500000000000000;89963;11;159.81;((88621, 93991), (89963, 91305, 92647));
5;0.750000000000000;89963;11;230.96;((88621, 93991), (89963, 91305, 92647));
5;0.875000000000000;89963;11;265.63;((88621, 93991), (89963, 91305, 92647));
5;0.937500000000000;89963;11;285.35;((88621, 93991), (89963, 91305, 92647));
5;0.968750000000000;89963;11;295.01;((88621, 93991), (89963, 91305, 92647));
5;0.984375000000000;89963;0;121.72;((88621, 93991), (89963, 91305, 92647));
5;0.976562500000000;89963;0;124.95;((88621, 93991), (89963, 91305, 92647));
5;0.972656250000000;89963;1;270.64;((88621, 93991), (89963, 91305, 92647));
5;0.970703125000000;89963;5;279.72;((88621, 93991), (89963, 91305, 92647));
5;0.969726562500000;89963;11;290.75;((88621, 93991), (89963, 91305, 92647));
5;0.970214843750000;89963;9;286.02;((88621, 93991), (89963, 91305, 92647));
5;0.970458984375000;89963;10;284.46;((88621, 93991), (89963, 91305, 92647));
5;0.970581054687500;89963;9;285.46;((88621, 93991), (89963, 91305, 92647));
5;0.970642089843750;89963;8;287.93;((88621, 93991), (89963, 91305, 92647));
5;0.970672607421875;89963;10;287.80;((88621, 93991), (89963, 91305, 92647));
5;0.970687866210938;89963;7;280.20;((88621, 93991), (89963, 91305, 92647));
5;0.970695495605469;89963;8;287.79;((88621, 93991), (89963, 91305, 92647));
5;0.970699310302734;89963;6;278.95;((88621, 93991), (89963, 91305, 92647));
5;0.970701217651367;89963;7;281.19;((88621, 93991), (89963, 91305, 92647));
5;0.970702171325684;89963;8;286.57;((88621, 93991), (89963, 91305, 92647));
5;0.500000000000000;91305;11;172.22;((88621, 93991), (89963, 91305, 92647));
5;0.750000000000000;91305;11;228.40;((88621, 93991), (89963, 91305, 92647));
5;0.875000000000000;91305;11;266.58;((88621, 93991), (89963, 91305, 92647));
5;0.937500000000000;91305;11;284.49;((88621, 93991), (89963, 91305, 92647));
5;0.968750000000000;91305;11;294.73;((88621, 93991), (89963, 91305, 92647));
5;0.984375000000000;91305;0;121.99;((88621, 93991), (89963, 91305, 92647));
5;0.976562500000000;91305;0;130.88;((88621, 93991), (89963, 91305, 92647));
5;0.972656250000000;91305;0;187.33;((88621, 93991), (89963, 91305, 92647));
5;0.970703125000000;91305;9;284.40;((88621, 93991), (89963, 91305, 92647));
5;0.971679687500000;91305;5;278.59;((88621, 93991), (89963, 91305, 92647));
5;0.971191406250000;91305;7;281.57;((88621, 93991), (89963, 91305, 92647));
5;0.971435546875000;91305;5;278.05;((88621, 93991), (89963, 91305, 92647));
5;0.971313476562500;91305;5;274.72;((88621, 93991), (89963, 91305, 92647));
5;0.971252441406250;91305;9;281.55;((88621, 93991), (89963, 91305, 92647));
5;0.971282958984375;91305;3;274.54;((88621, 93991), (89963, 91305, 92647));
5;0.971267700195312;91305;10;286.96;((88621, 93991), (89963, 91305, 92647));
5;0.971275329589844;91305;7;283.47;((88621, 93991), (89963, 91305, 92647));
5;0.971279144287109;91305;4;277.49;((88621, 93991), (89963, 91305, 92647));
5;0.971277236938477;91305;6;277.65;((88621, 93991), (89963, 91305, 92647));
5;0.971278190612793;91305;6;277.00;((88621, 93991), (89963, 91305, 92647));
5;0.500000000000000;92647;11;162.45;((88621, 93991), (89963, 91305, 92647));
5;0.750000000000000;92647;11;228.97;((88621, 93991), (89963, 91305, 92647));
5;0.875000000000000;92647;11;264.49;((88621, 93991), (89963, 91305, 92647));
5;0.937500000000000;92647;11;285.86;((88621, 93991), (89963, 91305, 92647));
5;0.968750000000000;92647;9;283.22;((88621, 93991), (89963, 91305, 92647));
5;0.984375000000000;92647;0;122.33;((88621, 93991), (89963, 91305, 92647));
5;0.976562500000000;92647;0;128.04;((88621, 93991), (89963, 91305, 92647));
5;0.972656250000000;92647;1;271.52;((88621, 93991), (89963, 91305, 92647));
5;0.970703125000000;92647;10;286.99;((88621, 93991), (89963, 91305, 92647));
5;0.971679687500000;92647;5;277.06;((88621, 93991), (89963, 91305, 92647));
5;0.971191406250000;92647;8;280.56;((88621, 93991), (89963, 91305, 92647));
5;0.971435546875000;92647;5;280.96;((88621, 93991), (89963, 91305, 92647));
5;0.971313476562500;92647;8;280.40;((88621, 93991), (89963, 91305, 92647));
5;0.971374511718750;92647;8;278.74;((88621, 93991), (89963, 91305, 92647));
5;0.971405029296875;92647;5;286.46;((88621, 93991), (89963, 91305, 92647));
5;0.971389770507812;92647;8;282.58;((88621, 93991), (89963, 91305, 92647));
5;0.971397399902344;92647;8;280.83;((88621, 93991), (89963, 91305, 92647));
5;0.971401214599609;92647;3;275.02;((88621, 93991), (89963, 91305, 92647));
5;0.971399307250977;92647;8;278.90;((88621, 93991), (89963, 91305, 92647));
5;0.971400260925293;92647;7;280.61;((88621, 93991), (89963, 91305, 92647));
5;0.500000000000000;91976;11;157.89;((91305, 93991), (91976, 92647, 93318));
5;0.750000000000000;91976;11;231.44;((91305, 93991), (91976, 92647, 93318));
5;0.875000000000000;91976;11;264.92;((91305, 93991), (91976, 92647, 93318));
5;0.937500000000000;91976;11;283.11;((91305, 93991), (91976, 92647, 93318));
5;0.968750000000000;91976;11;294.08;((91305, 93991), (91976, 92647, 93318));
5;0.984375000000000;91976;0;120.97;((91305, 93991), (91976, 92647, 93318));
5;0.976562500000000;91976;0;135.32;((91305, 93991), (91976, 92647, 93318));
5;0.972656250000000;91976;0;174.58;((91305, 93991), (91976, 92647, 93318));
5;0.970703125000000;91976;8;285.76;((91305, 93991), (91976, 92647, 93318));
5;0.971679687500000;91976;3;277.48;((91305, 93991), (91976, 92647, 93318));
5;0.971191406250000;91976;6;279.13;((91305, 93991), (91976, 92647, 93318));
5;0.971435546875000;91976;3;275.74;((91305, 93991), (91976, 92647, 93318));
5;0.971313476562500;91976;7;280.15;((91305, 93991), (91976, 92647, 93318));
5;0.971374511718750;91976;6;278.35;((91305, 93991), (91976, 92647, 93318));
5;0.971405029296875;91976;3;278.25;((91305, 93991), (91976, 92647, 93318));
5;0.971389770507812;91976;6;282.08;((91305, 93991), (91976, 92647, 93318));
5;0.971397399902344;91976;6;277.92;((91305, 93991), (91976, 92647, 93318));
5;0.971401214599609;91976;3;271.43;((91305, 93991), (91976, 92647, 93318));
5;0.971399307250977;91976;7;284.75;((91305, 93991), (91976, 92647, 93318));
5;0.971400260925293;91976;5;284.49;((91305, 93991), (91976, 92647, 93318));
5;0.500000000000000;93318;11;161.04;((91305, 93991), (91976, 92647, 93318));
5;0.750000000000000;93318;11;227.66;((91305, 93991), (91976, 92647, 93318));
5;0.875000000000000;93318;11;270.19;((91305, 93991), (91976, 92647, 93318));
5;0.937500000000000;93318;11;288.46;((91305, 93991), (91976, 92647, 93318));
5;0.968750000000000;93318;11;282.88;((91305, 93991), (91976, 92647, 93318));
5;0.984375000000000;93318;0;117.94;((91305, 93991), (91976, 92647, 93318));
5;0.976562500000000;93318;0;126.15;((91305, 93991), (91976, 92647, 93318));
5;0.972656250000000;93318;1;266.97;((91305, 93991), (91976, 92647, 93318));
5;0.970703125000000;93318;8;275.65;((91305, 93991), (91976, 92647, 93318));
5;0.971679687500000;93318;3;269.73;((91305, 93991), (91976, 92647, 93318));
5;0.971191406250000;93318;8;275.37;((91305, 93991), (91976, 92647, 93318));
5;0.971435546875000;93318;5;271.31;((91305, 93991), (91976, 92647, 93318));
5;0.971313476562500;93318;2;267.47;((91305, 93991), (91976, 92647, 93318));
5;0.971252441406250;93318;2;268.09;((91305, 93991), (91976, 92647, 93318));
5;0.971221923828125;93318;3;268.58;((91305, 93991), (91976, 92647, 93318));
5;0.971206665039062;93318;8;274.09;((91305, 93991), (91976, 92647, 93318));
5;0.971214294433594;93318;5;270.37;((91305, 93991), (91976, 92647, 93318));
5;0.971210479736328;93318;7;275.32;((91305, 93991), (91976, 92647, 93318));
5;0.971212387084961;93318;5;271.76;((91305, 93991), (91976, 92647, 93318));
5;0.971211433410645;93318;3;269.55;((91305, 93991), (91976, 92647, 93318));
5;0.500000000000000;92311;11;152.24;((91976, 93318), (92311, 92646, 92981));
5;0.750000000000000;92311;11;220.34;((91976, 93318), (92311, 92646, 92981));
5;0.875000000000000;92311;11;256.28;((91976, 93318), (92311, 92646, 92981));
5;0.937500000000000;92311;11;272.49;((91976, 93318), (92311, 92646, 92981));
5;0.968750000000000;92311;11;281.22;((91976, 93318), (92311, 92646, 92981));
5;0.984375000000000;92311;0;118.42;((91976, 93318), (92311, 92646, 92981));
5;0.976562500000000;92311;0;125.55;((91976, 93318), (92311, 92646, 92981));
5;0.972656250000000;92311;0;181.09;((91976, 93318), (92311, 92646, 92981));
5;0.970703125000000;92311;9;275.79;((91976, 93318), (92311, 92646, 92981));
5;0.971679687500000;92311;6;274.08;((91976, 93318), (92311, 92646, 92981));
5;0.972167968750000;92311;3;267.82;((91976, 93318), (92311, 92646, 92981));
5;0.971923828125000;92311;2;265.01;((91976, 93318), (92311, 92646, 92981));
5;0.971801757812500;92311;1;264.51;((91976, 93318), (92311, 92646, 92981));
5;0.971740722656250;92311;4;271.49;((91976, 93318), (92311, 92646, 92981));
5;0.971710205078125;92311;1;265.92;((91976, 93318), (92311, 92646, 92981));
5;0.971694946289062;92311;3;266.98;((91976, 93318), (92311, 92646, 92981));
5;0.971687316894531;92311;7;274.96;((91976, 93318), (92311, 92646, 92981));
5;0.971691131591797;92311;7;275.54;((91976, 93318), (92311, 92646, 92981));
5;0.971693038940430;92311;5;270.22;((91976, 93318), (92311, 92646, 92981));
5;0.971692085266113;92311;2;267.03;((91976, 93318), (92311, 92646, 92981));
5;0.500000000000000;92646;11;152.00;((91976, 93318), (92311, 92646, 92981));
5;0.750000000000000;92646;11;219.71;((91976, 93318), (92311, 92646, 92981));
5;0.875000000000000;92646;11;255.16;((91976, 93318), (92311, 92646, 92981));
5;0.937500000000000;92646;11;330.74;((91976, 93318), (92311, 92646, 92981));
5;0.968750000000000;92646;11;279.93;((91976, 93318), (92311, 92646, 92981));
5;0.984375000000000;92646;0;118.08;((91976, 93318), (92311, 92646, 92981));
5;0.976562500000000;92646;0;123.37;((91976, 93318), (92311, 92646, 92981));
5;0.972656250000000;92646;0;180.22;((91976, 93318), (92311, 92646, 92981));
5;0.970703125000000;92646;7;274.47;((91976, 93318), (92311, 92646, 92981));
5;0.971679687500000;92646;6;271.20;((91976, 93318), (92311, 92646, 92981));
5;0.972167968750000;92646;2;265.17;((91976, 93318), (92311, 92646, 92981));
5;0.971923828125000;92646;4;269.02;((91976, 93318), (92311, 92646, 92981));
5;0.971801757812500;92646;5;271.69;((91976, 93318), (92311, 92646, 92981));
5;0.971740722656250;92646;4;268.76;((91976, 93318), (92311, 92646, 92981));
5;0.971710205078125;92646;4;274.13;((91976, 93318), (92311, 92646, 92981));
5;0.971694946289062;92646;3;267.86;((91976, 93318), (92311, 92646, 92981));
5;0.971687316894531;92646;5;269.28;((91976, 93318), (92311, 92646, 92981));
5;0.971683502197266;92646;2;266.91;((91976, 93318), (92311, 92646, 92981));
5;0.971681594848633;92646;3;267.93;((91976, 93318), (92311, 92646, 92981));
5;0.971680641174316;92646;5;272.89;((91976, 93318), (92311, 92646, 92981));
5;0.500000000000000;92981;11;151.95;((91976, 93318), (92311, 92646, 92981));
5;0.750000000000000;92981;11;219.75;((91976, 93318), (92311, 92646, 92981));
5;0.875000000000000;92981;11;253.83;((91976, 93318), (92311, 92646, 92981));
5;0.937500000000000;92981;11;271.44;((91976, 93318), (92311, 92646, 92981));
5;0.968750000000000;92981;11;279.21;((91976, 93318), (92311, 92646, 92981));
5;0.984375000000000;92981;0;118.12;((91976, 93318), (92311, 92646, 92981));
5;0.976562500000000;92981;0;125.46;((91976, 93318), (92311, 92646, 92981));
5;0.972656250000000;92981;1;261.94;((91976, 93318), (92311, 92646, 92981));
5;0.970703125000000;92981;7;273.53;((91976, 93318), (92311, 92646, 92981));
5;0.971679687500000;92981;5;270.84;((91976, 93318), (92311, 92646, 92981));
5;0.971191406250000;92981;5;272.32;((91976, 93318), (92311, 92646, 92981));
5;0.970947265625000;92981;7;274.22;((91976, 93318), (92311, 92646, 92981));
5;0.971069335937500;92981;6;273.50;((91976, 93318), (92311, 92646, 92981));
5;0.971130371093750;92981;5;272.24;((91976, 93318), (92311, 92646, 92981));
5;0.971099853515625;92981;5;271.33;((91976, 93318), (92311, 92646, 92981));
5;0.971084594726562;92981;6;273.01;((91976, 93318), (92311, 92646, 92981));
5;0.971092224121094;92981;6;272.90;((91976, 93318), (92311, 92646, 92981));
5;0.971096038818359;92981;7;323.05;((91976, 93318), (92311, 92646, 92981));
5;0.971097946166992;92981;5;270.84;((91976, 93318), (92311, 92646, 92981));
5;0.971096992492676;92981;6;273.51;((91976, 93318), (92311, 92646, 92981));
5;0.500000000000000;92143;11;153.26;((91976, 92646), (92143, 92310, 92477));
5;0.750000000000000;92143;11;220.87;((91976, 92646), (92143, 92310, 92477));
5;0.875000000000000;92143;11;252.78;((91976, 92646), (92143, 92310, 92477));
5;0.937500000000000;92143;11;330.49;((91976, 92646), (92143, 92310, 92477));
5;0.968750000000000;92143;11;278.13;((91976, 92646), (92143, 92310, 92477));
5;0.984375000000000;92143;0;118.03;((91976, 92646), (92143, 92310, 92477));
5;0.976562500000000;92143;0;126.66;((91976, 92646), (92143, 92310, 92477));
5;0.972656250000000;92143;0;166.87;((91976, 92646), (92143, 92310, 92477));
5;0.970703125000000;92143;8;273.87;((91976, 92646), (92143, 92310, 92477));
5;0.971679687500000;92143;2;265.80;((91976, 92646), (92143, 92310, 92477));
5;0.971191406250000;92143;7;273.95;((91976, 92646), (92143, 92310, 92477));
5;0.971435546875000;92143;5;271.46;((91976, 92646), (92143, 92310, 92477));
5;0.971313476562500;92143;8;274.98;((91976, 92646), (92143, 92310, 92477));
5;0.971374511718750;92143;6;273.50;((91976, 92646), (92143, 92310, 92477));
5;0.971405029296875;92143;6;272.90;((91976, 92646), (92143, 92310, 92477));
5;0.971420288085938;92143;4;268.32;((91976, 92646), (92143, 92310, 92477));
5;0.971412658691406;92143;4;270.22;((91976, 92646), (92143, 92310, 92477));
5;0.971408843994141;92143;8;274.79;((91976, 92646), (92143, 92310, 92477));
5;0.971410751342773;92143;8;278.65;((91976, 92646), (92143, 92310, 92477));
5;0.971411705017090;92143;7;277.72;((91976, 92646), (92143, 92310, 92477));
5;0.500000000000000;92310;11;157.38;((91976, 92646), (92143, 92310, 92477));
5;0.750000000000000;92310;11;220.13;((91976, 92646), (92143, 92310, 92477));
5;0.875000000000000;92310;11;259.58;((91976, 92646), (92143, 92310, 92477));
5;0.937500000000000;92310;11;275.36;((91976, 92646), (92143, 92310, 92477));
5;0.968750000000000;92310;0;161.35;((91976, 92646), (92143, 92310, 92477));
5;0.953125000000000;92310;11;275.38;((91976, 92646), (92143, 92310, 92477));
5;0.960937500000000;92310;11;280.78;((91976, 92646), (92143, 92310, 92477));
5;0.964843750000000;92310;10;277.42;((91976, 92646), (92143, 92310, 92477));
5;0.966796875000000;92310;6;271.30;((91976, 92646), (92143, 92310, 92477));
5;0.967773437500000;92310;0;175.83;((91976, 92646), (92143, 92310, 92477));
5;0.967285156250000;92310;3;265.78;((91976, 92646), (92143, 92310, 92477));
5;0.967041015625000;92310;5;272.11;((91976, 92646), (92143, 92310, 92477));
5;0.966918945312500;92310;4;268.36;((91976, 92646), (92143, 92310, 92477));
5;0.966857910156250;92310;4;269.04;((91976, 92646), (92143, 92310, 92477));
5;0.966827392578125;92310;0;195.05;((91976, 92646), (92143, 92310, 92477));
5;0.966812133789062;92310;5;269.72;((91976, 92646), (92143, 92310, 92477));
5;0.966804504394531;92310;0;177.27;((91976, 92646), (92143, 92310, 92477));
5;0.966800689697266;92310;3;265.48;((91976, 92646), (92143, 92310, 92477));
5;0.966798782348633;92310;6;270.52;((91976, 92646), (92143, 92310, 92477));
5;0.966799736022949;92310;1;262.60;((91976, 92646), (92143, 92310, 92477));
5;0.500000000000000;92477;11;152.24;((91976, 92646), (92143, 92310, 92477));
5;0.750000000000000;92477;11;219.63;((91976, 92646), (92143, 92310, 92477));
5;0.875000000000000;92477;11;254.26;((91976, 92646), (92143, 92310, 92477));
5;0.937500000000000;92477;11;270.65;((91976, 92646), (92143, 92310, 92477));
5;0.968750000000000;92477;11;283.33;((91976, 92646), (92143, 92310, 92477));
5;0.984375000000000;92477;0;118.89;((91976, 92646), (92143, 92310, 92477));
5;0.976562500000000;92477;0;124.89;((91976, 92646), (92143, 92310, 92477));
5;0.972656250000000;92477;1;263.62;((91976, 92646), (92143, 92310, 92477));
5;0.970703125000000;92477;9;276.26;((91976, 92646), (92143, 92310, 92477));
5;0.971679687500000;92477;3;268.35;((91976, 92646), (92143, 92310, 92477));
5;0.971191406250000;92477;5;272.65;((91976, 92646), (92143, 92310, 92477));
5;0.970947265625000;92477;10;280.18;((91976, 92646), (92143, 92310, 92477));
5;0.971069335937500;92477;8;276.78;((91976, 92646), (92143, 92310, 92477));
5;0.971130371093750;92477;6;271.40;((91976, 92646), (92143, 92310, 92477));
5;0.971160888671875;92477;9;277.24;((91976, 92646), (92143, 92310, 92477));
5;0.971176147460938;92477;7;274.49;((91976, 92646), (92143, 92310, 92477));
5;0.971183776855469;92477;4;271.24;((91976, 92646), (92143, 92310, 92477));
5;0.971179962158203;92477;3;269.17;((91976, 92646), (92143, 92310, 92477));
5;0.971178054809570;92477;6;275.85;((91976, 92646), (92143, 92310, 92477));
5;0.971179008483887;92477;5;270.80;((91976, 92646), (92143, 92310, 92477));
5;0.500000000000000;92059;11;153.97;((91976, 92310), (92059, 92142, 92225));
5;0.750000000000000;92059;11;219.34;((91976, 92310), (92059, 92142, 92225));
5;0.875000000000000;92059;11;254.02;((91976, 92310), (92059, 92142, 92225));
5;0.937500000000000;92059;11;273.31;((91976, 92310), (92059, 92142, 92225));
5;0.968750000000000;92059;10;277.96;((91976, 92310), (92059, 92142, 92225));
5;0.984375000000000;92059;0;118.48;((91976, 92310), (92059, 92142, 92225));
5;0.976562500000000;92059;0;126.07;((91976, 92310), (92059, 92142, 92225));
5;0.972656250000000;92059;1;262.85;((91976, 92310), (92059, 92142, 92225));
5;0.970703125000000;92059;10;282.85;((91976, 92310), (92059, 92142, 92225));
5;0.971679687500000;92059;5;273.71;((91976, 92310), (92059, 92142, 92225));
5;0.971191406250000;92059;10;279.31;((91976, 92310), (92059, 92142, 92225));
5;0.971435546875000;92059;6;274.32;((91976, 92310), (92059, 92142, 92225));
5;0.971557617187500;92059;4;270.53;((91976, 92310), (92059, 92142, 92225));
5;0.971496582031250;92059;8;273.73;((91976, 92310), (92059, 92142, 92225));
5;0.971527099609375;92059;3;270.57;((91976, 92310), (92059, 92142, 92225));
5;0.971511840820312;92059;6;274.25;((91976, 92310), (92059, 92142, 92225));
5;0.971519470214844;92059;6;272.73;((91976, 92310), (92059, 92142, 92225));
5;0.971523284912109;92059;6;273.48;((91976, 92310), (92059, 92142, 92225));
5;0.971525192260742;92059;6;277.96;((91976, 92310), (92059, 92142, 92225));
5;0.971526145935059;92059;4;274.70;((91976, 92310), (92059, 92142, 92225));
5;0.500000000000000;92142;11;151.99;((91976, 92310), (92059, 92142, 92225));
5;0.750000000000000;92142;11;219.36;((91976, 92310), (92059, 92142, 92225));
5;0.875000000000000;92142;11;256.52;((91976, 92310), (92059, 92142, 92225));
5;0.937500000000000;92142;11;271.86;((91976, 92310), (92059, 92142, 92225));
5;0.968750000000000;92142;0;150.39;((91976, 92310), (92059, 92142, 92225));
5;0.953125000000000;92142;11;275.19;((91976, 92310), (92059, 92142, 92225));
5;0.960937500000000;92142;11;277.67;((91976, 92310), (92059, 92142, 92225));
5;0.964843750000000;92142;8;274.72;((91976, 92310), (92059, 92142, 92225));
5;0.966796875000000;92142;4;268.85;((91976, 92310), (92059, 92142, 92225));
5;0.965820312500000;92142;6;270.76;((91976, 92310), (92059, 92142, 92225));
5;0.966308593750000;92142;6;271.40;((91976, 92310), (92059, 92142, 92225));
5;0.966552734375000;92142;3;266.25;((91976, 92310), (92059, 92142, 92225));
5;0.966430664062500;92142;8;273.64;((91976, 92310), (92059, 92142, 92225));
5;0.966491699218750;92142;6;274.72;((91976, 92310), (92059, 92142, 92225));
5;0.966522216796875;92142;3;265.70;((91976, 92310), (92059, 92142, 92225));
5;0.966506958007812;92142;7;270.58;((91976, 92310), (92059, 92142, 92225));
5;0.966514587402344;92142;3;267.06;((91976, 92310), (92059, 92142, 92225));
5;0.966510772705078;92142;4;269.01;((91976, 92310), (92059, 92142, 92225));
5;0.966508865356445;92142;7;272.63;((91976, 92310), (92059, 92142, 92225));
5;0.966509819030762;92142;3;266.29;((91976, 92310), (92059, 92142, 92225));
5;0.500000000000000;92225;11;153.80;((91976, 92310), (92059, 92142, 92225));
5;0.750000000000000;92225;11;220.44;((91976, 92310), (92059, 92142, 92225));
5;0.875000000000000;92225;11;253.87;((91976, 92310), (92059, 92142, 92225));
5;0.937500000000000;92225;11;271.38;((91976, 92310), (92059, 92142, 92225));
5;0.968750000000000;92225;10;277.47;((91976, 92310), (92059, 92142, 92225));
5;0.984375000000000;92225;0;118.72;((91976, 92310), (92059, 92142, 92225));
5;0.976562500000000;92225;0;129.71;((91976, 92310), (92059, 92142, 92225));
5;0.972656250000000;92225;1;264.41;((91976, 92310), (92059, 92142, 92225));
5;0.970703125000000;92225;7;272.26;((91976, 92310), (92059, 92142, 92225));
5;0.971679687500000;92225;3;268.13;((91976, 92310), (92059, 92142, 92225));
5;0.971191406250000;92225;3;271.14;((91976, 92310), (92059, 92142, 92225));
5;0.970947265625000;92225;7;273.78;((91976, 92310), (92059, 92142, 92225));
5;0.971069335937500;92225;7;272.92;((91976, 92310), (92059, 92142, 92225));
5;0.971130371093750;92225;7;273.93;((91976, 92310), (92059, 92142, 92225));
5;0.971160888671875;92225;9;276.61;((91976, 92310), (92059, 92142, 92225));
5;0.971176147460938;92225;9;275.13;((91976, 92310), (92059, 92142, 92225));
5;0.971183776855469;92225;8;274.87;((91976, 92310), (92059, 92142, 92225));
5;0.971187591552734;92225;6;273.96;((91976, 92310), (92059, 92142, 92225));
5;0.971189498901367;92225;6;271.83;((91976, 92310), (92059, 92142, 92225));
5;0.971190452575684;92225;5;270.21;((91976, 92310), (92059, 92142, 92225));
5;0.500000000000000;92017;11;151.96;((91976, 92142), (92017, 92058, 92099));
5;0.750000000000000;92017;11;219.56;((91976, 92142), (92017, 92058, 92099));
5;0.875000000000000;92017;11;256.97;((91976, 92142), (92017, 92058, 92099));
5;0.937500000000000;92017;11;271.83;((91976, 92142), (92017, 92058, 92099));
5;0.968750000000000;92017;11;282.83;((91976, 92142), (92017, 92058, 92099));
5;0.984375000000000;92017;0;118.43;((91976, 92142), (92017, 92058, 92099));
5;0.976562500000000;92017;0;127.32;((91976, 92142), (92017, 92058, 92099));
5;0.972656250000000;92017;3;267.18;((91976, 92142), (92017, 92058, 92099));
5;0.970703125000000;92017;10;281.69;((91976, 92142), (92017, 92058, 92099));
5;0.971679687500000;92017;5;271.65;((91976, 92142), (92017, 92058, 92099));
5;0.971191406250000;92017;7;275.28;((91976, 92142), (92017, 92058, 92099));
5;0.971435546875000;92017;6;272.93;((91976, 92142), (92017, 92058, 92099));
5;0.971557617187500;92017;6;274.98;((91976, 92142), (92017, 92058, 92099));
5;0.971618652343750;92017;4;270.97;((91976, 92142), (92017, 92058, 92099));
5;0.971588134765625;92017;6;271.96;((91976, 92142), (92017, 92058, 92099));
5;0.971603393554688;92017;5;276.36;((91976, 92142), (92017, 92058, 92099));
5;0.971595764160156;92017;5;271.12;((91976, 92142), (92017, 92058, 92099));
5;0.971591949462891;92017;7;276.99;((91976, 92142), (92017, 92058, 92099));
5;0.971593856811523;92017;6;274.38;((91976, 92142), (92017, 92058, 92099));
5;0.971594810485840;92017;3;267.29;((91976, 92142), (92017, 92058, 92099));
5;0.500000000000000;92058;11;151.82;((91976, 92142), (92017, 92058, 92099));
5;0.750000000000000;92058;11;223.31;((91976, 92142), (92017, 92058, 92099));
5;0.875000000000000;92058;11;253.67;((91976, 92142), (92017, 92058, 92099));
5;0.937500000000000;92058;11;272.15;((91976, 92142), (92017, 92058, 92099));
5;0.968750000000000;92058;11;279.03;((91976, 92142), (92017, 92058, 92099));
5;0.984375000000000;92058;0;118.17;((91976, 92142), (92017, 92058, 92099));
5;0.976562500000000;92058;0;126.43;((91976, 92142), (92017, 92058, 92099));
5;0.972656250000000;92058;0;187.00;((91976, 92142), (92017, 92058, 92099));
5;0.970703125000000;92058;9;276.43;((91976, 92142), (92017, 92058, 92099));
5;0.971679687500000;92058;1;260.76;((91976, 92142), (92017, 92058, 92099));
5;0.971191406250000;92058;4;268.16;((91976, 92142), (92017, 92058, 92099));
5;0.970947265625000;92058;7;272.21;((91976, 92142), (92017, 92058, 92099));
5;0.971069335937500;92058;6;272.61;((91976, 92142), (92017, 92058, 92099));
5;0.971130371093750;92058;7;273.78;((91976, 92142), (92017, 92058, 92099));
5;0.971160888671875;92058;8;275.59;((91976, 92142), (92017, 92058, 92099));
5;0.971176147460938;92058;6;272.62;((91976, 92142), (92017, 92058, 92099));
5;0.971183776855469;92058;9;278.17;((91976, 92142), (92017, 92058, 92099));
5;0.971187591552734;92058;7;272.42;((91976, 92142), (92017, 92058, 92099));
5;0.971189498901367;92058;6;276.33;((91976, 92142), (92017, 92058, 92099));
5;0.971190452575684;92058;7;272.05;((91976, 92142), (92017, 92058, 92099));
5;0.500000000000000;92099;11;152.55;((91976, 92142), (92017, 92058, 92099));
5;0.750000000000000;92099;11;219.23;((91976, 92142), (92017, 92058, 92099));
5;0.875000000000000;92099;11;255.45;((91976, 92142), (92017, 92058, 92099));
5;0.937500000000000;92099;11;270.73;((91976, 92142), (92017, 92058, 92099));
5;0.968750000000000;92099;11;293.50;((91976, 92142), (92017, 92058, 92099));
5;0.984375000000000;92099;0;118.57;((91976, 92142), (92017, 92058, 92099));
5;0.976562500000000;92099;0;127.48;((91976, 92142), (92017, 92058, 92099));
5;0.972656250000000;92099;2;264.74;((91976, 92142), (92017, 92058, 92099));
5;0.970703125000000;92099;5;272.44;((91976, 92142), (92017, 92058, 92099));
5;0.969726562500000;92099;11;280.80;((91976, 92142), (92017, 92058, 92099));
5;0.970214843750000;92099;10;278.91;((91976, 92142), (92017, 92058, 92099));
5;0.970458984375000;92099;9;276.73;((91976, 92142), (92017, 92058, 92099));
5;0.970581054687500;92099;8;276.73;((91976, 92142), (92017, 92058, 92099));
5;0.970642089843750;92099;10;288.25;((91976, 92142), (92017, 92058, 92099));
5;0.970672607421875;92099;7;274.62;((91976, 92142), (92017, 92058, 92099));
5;0.970687866210938;92099;7;273.74;((91976, 92142), (92017, 92058, 92099));
5;0.970695495605469;92099;8;275.80;((91976, 92142), (92017, 92058, 92099));
5;0.970699310302734;92099;9;276.24;((91976, 92142), (92017, 92058, 92099));
5;0.970701217651367;92099;8;277.43;((91976, 92142), (92017, 92058, 92099));
5;0.970702171325684;92099;7;273.31;((91976, 92142), (92017, 92058, 92099));
5;0.500000000000000;91996;11;153.15;((91976, 92058), (91996, 92016, 92036));
5;0.750000000000000;91996;11;222.71;((91976, 92058), (91996, 92016, 92036));
5;0.875000000000000;91996;11;253.36;((91976, 92058), (91996, 92016, 92036));
5;0.937500000000000;91996;11;272.14;((91976, 92058), (91996, 92016, 92036));
5;0.968750000000000;91996;11;278.31;((91976, 92058), (91996, 92016, 92036));
5;0.984375000000000;91996;0;119.49;((91976, 92058), (91996, 92016, 92036));
5;0.976562500000000;91996;0;129.37;((91976, 92058), (91996, 92016, 92036));
5;0.972656250000000;91996;1;261.08;((91976, 92058), (91996, 92016, 92036));
5;0.970703125000000;91996;9;282.05;((91976, 92058), (91996, 92016, 92036));
5;0.971679687500000;91996;6;272.36;((91976, 92058), (91996, 92016, 92036));
5;0.972167968750000;91996;2;266.66;((91976, 92058), (91996, 92016, 92036));
5;0.971923828125000;91996;5;272.49;((91976, 92058), (91996, 92016, 92036));
5;0.971801757812500;91996;5;270.55;((91976, 92058), (91996, 92016, 92036));
5;0.971740722656250;91996;4;271.68;((91976, 92058), (91996, 92016, 92036));
5;0.971710205078125;91996;7;273.64;((91976, 92058), (91996, 92016, 92036));
5;0.971725463867188;91996;3;268.07;((91976, 92058), (91996, 92016, 92036));
5;0.971717834472656;91996;3;267.33;((91976, 92058), (91996, 92016, 92036));
5;0.971714019775391;91996;3;273.95;((91976, 92058), (91996, 92016, 92036));
5;0.971712112426758;91996;5;270.81;((91976, 92058), (91996, 92016, 92036));
5;0.971711158752441;91996;7;276.13;((91976, 92058), (91996, 92016, 92036));
5;0.500000000000000;92016;11;154.07;((91976, 92058), (91996, 92016, 92036));
5;0.750000000000000;92016;11;222.10;((91976, 92058), (91996, 92016, 92036));
5;0.875000000000000;92016;11;256.37;((91976, 92058), (91996, 92016, 92036));
5;0.937500000000000;92016;11;271.78;((91976, 92058), (91996, 92016, 92036));
5;0.968750000000000;92016;11;280.80;((91976, 92058), (91996, 92016, 92036));
5;0.984375000000000;92016;0;118.33;((91976, 92058), (91996, 92016, 92036));
5;0.976562500000000;92016;0;128.39;((91976, 92058), (91996, 92016, 92036));
5;0.972656250000000;92016;2;263.27;((91976, 92058), (91996, 92016, 92036));
5;0.970703125000000;92016;9;276.26;((91976, 92058), (91996, 92016, 92036));
5;0.971679687500000;92016;3;268.64;((91976, 92058), (91996, 92016, 92036));
5;0.971191406250000;92016;3;269.44;((91976, 92058), (91996, 92016, 92036));
5;0.970947265625000;92016;6;272.04;((91976, 92058), (91996, 92016, 92036));
5;0.971069335937500;92016;8;277.32;((91976, 92058), (91996, 92016, 92036));
5;0.971130371093750;92016;5;272.69;((91976, 92058), (91996, 92016, 92036));
5;0.971099853515625;92016;9;276.29;((91976, 92058), (91996, 92016, 92036));
5;0.971115112304688;92016;9;275.73;((91976, 92058), (91996, 92016, 92036));
5;0.971122741699219;92016;7;274.13;((91976, 92058), (91996, 92016, 92036));
5;0.971126556396484;92016;4;269.64;((91976, 92058), (91996, 92016, 92036));
5;0.971124649047852;92016;8;276.11;((91976, 92058), (91996, 92016, 92036));
5;0.971125602722168;92016;8;274.80;((91976, 92058), (91996, 92016, 92036));
5;0.500000000000000;92036;11;153.38;((91976, 92058), (91996, 92016, 92036));
5;0.750000000000000;92036;11;219.55;((91976, 92058), (91996, 92016, 92036));
5;0.875000000000000;92036;11;252.53;((91976, 92058), (91996, 92016, 92036));
5;0.937500000000000;92036;11;271.85;((91976, 92058), (91996, 92016, 92036));
5;0.968750000000000;92036;11;281.78;((91976, 92058), (91996, 92016, 92036));
5;0.984375000000000;92036;0;118.26;((91976, 92058), (91996, 92016, 92036));
5;0.976562500000000;92036;0;129.06;((91976, 92058), (91996, 92016, 92036));
5;0.972656250000000;92036;1;262.64;((91976, 92058), (91996, 92016, 92036));
5;0.970703125000000;92036;8;276.14;((91976, 92058), (91996, 92016, 92036));
5;0.971679687500000;92036;3;270.23;((91976, 92058), (91996, 92016, 92036));
5;0.971191406250000;92036;9;276.65;((91976, 92058), (91996, 92016, 92036));
5;0.971435546875000;92036;4;272.08;((91976, 92058), (91996, 92016, 92036));
5;0.971313476562500;92036;3;269.22;((91976, 92058), (91996, 92016, 92036));
5;0.971252441406250;92036;4;270.41;((91976, 92058), (91996, 92016, 92036));
5;0.971221923828125;92036;6;272.89;((91976, 92058), (91996, 92016, 92036));
5;0.971237182617188;92036;6;280.76;((91976, 92058), (91996, 92016, 92036));
5;0.971244812011719;92036;7;272.70;((91976, 92058), (91996, 92016, 92036));
5;0.971248626708984;92036;6;302.64;((91976, 92058), (91996, 92016, 92036));
5;0.971250534057617;92036;7;273.00;((91976, 92058), (91996, 92016, 92036));
5;0.971251487731934;92036;7;273.29;((91976, 92058), (91996, 92016, 92036));
