5;0.500000000000000;3000000;11;177.45;((0, 12000000), (3000000, 6000000, 9000000));
5;0.750000000000000;3000000;0;134.12;((0, 12000000), (3000000, 6000000, 9000000));
5;0.625000000000000;3000000;11;213.18;((0, 12000000), (3000000, 6000000, 9000000));
5;0.687500000000000;3000000;11;234.16;((0, 12000000), (3000000, 6000000, 9000000));
5;0.718750000000000;3000000;11;243.75;((0, 12000000), (3000000, 6000000, 9000000));
5;0.734375000000000;3000000;11;250.70;((0, 12000000), (3000000, 6000000, 9000000));
5;0.742187500000000;3000000;0;142.18;((0, 12000000), (3000000, 6000000, 9000000));
5;0.738281250000000;3000000;11;257.71;((0, 12000000), (3000000, 6000000, 9000000));
5;0.740234375000000;3000000;11;265.02;((0, 12000000), (3000000, 6000000, 9000000));
5;0.741210937500000;3000000;10;253.72;((0, 12000000), (3000000, 6000000, 9000000));
5;0.741699218750000;3000000;4;239.27;((0, 12000000), (3000000, 6000000, 9000000));
5;0.741455078125000;3000000;8;242.86;((0, 12000000), (3000000, 6000000, 9000000));
5;0.741577148437500;3000000;5;240.11;((0, 12000000), (3000000, 6000000, 9000000));
5;0.741516113281250;3000000;8;244.18;((0, 12000000), (3000000, 6000000, 9000000));
5;0.741546630859375;3000000;5;241.25;((0, 12000000), (3000000, 6000000, 9000000));
5;0.741531372070312;3000000;7;242.69;((0, 12000000), (3000000, 6000000, 9000000));
5;0.741539001464844;3000000;7;242.89;((0, 12000000), (3000000, 6000000, 9000000));
5;0.741542816162109;3000000;6;241.68;((0, 12000000), (3000000, 6000000, 9000000));
5;0.741544723510742;3000000;10;248.70;((0, 12000000), (3000000, 6000000, 9000000));
5;0.741545677185059;3000000;6;242.65;((0, 12000000), (3000000, 6000000, 9000000));
5;0.500000000000000;6000000;11;175.46;((0, 12000000), (3000000, 6000000, 9000000));
5;0.750000000000000;6000000;0;122.83;((0, 12000000), (3000000, 6000000, 9000000));
5;0.625000000000000;6000000;0;119.60;((0, 12000000), (3000000, 6000000, 9000000));
5;0.562500000000000;6000000;11;201.30;((0, 12000000), (3000000, 6000000, 9000000));
5;0.593750000000000;6000000;11;218.50;((0, 12000000), (3000000, 6000000, 9000000));
5;0.609375000000000;6000000;11;210.47;((0, 12000000), (3000000, 6000000, 9000000));
5;0.617187500000000;6000000;0;123.53;((0, 12000000), (3000000, 6000000, 9000000));
5;0.613281250000000;6000000;11;212.88;((0, 12000000), (3000000, 6000000, 9000000));
5;0.615234375000000;6000000;11;216.05;((0, 12000000), (3000000, 6000000, 9000000));
5;0.616210937500000;6000000;0;122.89;((0, 12000000), (3000000, 6000000, 9000000));
5;0.615722656250000;6000000;11;214.79;((0, 12000000), (3000000, 6000000, 9000000));
5;0.615966796875000;6000000;6;206.62;((0, 12000000), (3000000, 6000000, 9000000));
5;0.616088867187500;6000000;1;198.18;((0, 12000000), (3000000, 6000000, 9000000));
5;0.616027832031250;6000000;5;203.97;((0, 12000000), (3000000, 6000000, 9000000));
5;0.615997314453125;6000000;7;206.08;((0, 12000000), (3000000, 6000000, 9000000));
5;0.616012573242188;6000000;4;202.88;((0, 12000000), (3000000, 6000000, 9000000));
5;0.616004943847656;6000000;6;205.03;((0, 12000000), (3000000, 6000000, 9000000));
5;0.616008758544922;6000000;5;203.76;((0, 12000000), (3000000, 6000000, 9000000));
5;0.616006851196289;6000000;5;204.50;((0, 12000000), (3000000, 6000000, 9000000));
5;0.616005897521973;6000000;5;204.42;((0, 12000000), (3000000, 6000000, 9000000));
5;0.500000000000000;9000000;11;175.38;((0, 12000000), (3000000, 6000000, 9000000));
5;0.750000000000000;9000000;0;122.62;((0, 12000000), (3000000, 6000000, 9000000));
5;0.625000000000000;9000000;0;113.61;((0, 12000000), (3000000, 6000000, 9000000));
5;0.562500000000000;9000000;11;211.74;((0, 12000000), (3000000, 6000000, 9000000));
5;0.593750000000000;9000000;11;211.20;((0, 12000000), (3000000, 6000000, 9000000));
5;0.609375000000000;9000000;0;119.95;((0, 12000000), (3000000, 6000000, 9000000));
5;0.601562500000000;9000000;11;219.39;((0, 12000000), (3000000, 6000000, 9000000));
5;0.605468750000000;9000000;11;224.40;((0, 12000000), (3000000, 6000000, 9000000));
5;0.607421875000000;9000000;3;228.60;((0, 12000000), (3000000, 6000000, 9000000));
5;0.606445312500000;9000000;11;245.39;((0, 12000000), (3000000, 6000000, 9000000));
5;0.606933593750000;9000000;11;232.82;((0, 12000000), (3000000, 6000000, 9000000));
5;0.607177734375000;9000000;11;245.45;((0, 12000000), (3000000, 6000000, 9000000));
5;0.607299804687500;9000000;9;223.65;((0, 12000000), (3000000, 6000000, 9000000));
5;0.607360839843750;9000000;10;222.05;((0, 12000000), (3000000, 6000000, 9000000));
5;0.607391357421875;9000000;6;215.34;((0, 12000000), (3000000, 6000000, 9000000));
5;0.607406616210938;9000000;4;229.53;((0, 12000000), (3000000, 6000000, 9000000));
5;0.607398986816406;9000000;6;214.88;((0, 12000000), (3000000, 6000000, 9000000));
5;0.607402801513672;9000000;6;215.83;((0, 12000000), (3000000, 6000000, 9000000));
5;0.607404708862305;9000000;4;215.77;((0, 12000000), (3000000, 6000000, 9000000));
5;0.607403755187988;9000000;6;217.26;((0, 12000000), (3000000, 6000000, 9000000));
5;0.500000000000000;1500000;11;199.39;((0, 6000000), (1500000, 3000000, 4500000));
5;0.750000000000000;1500000;11;286.79;((0, 6000000), (1500000, 3000000, 4500000));
5;0.875000000000000;1500000;0;149.44;((0, 6000000), (1500000, 3000000, 4500000));
5;0.812500000000000;1500000;11;304.87;((0, 6000000), (1500000, 3000000, 4500000));
5;0.843750000000000;1500000;11;329.19;((0, 6000000), (1500000, 3000000, 4500000));
5;0.859375000000000;1500000;11;317.85;((0, 6000000), (1500000, 3000000, 4500000));
5;0.867187500000000;1500000;0;146.11;((0, 6000000), (1500000, 3000000, 4500000));
5;0.863281250000000;1500000;1;289.88;((0, 6000000), (1500000, 3000000, 4500000));
5;0.861328125000000;1500000;11;354.52;((0, 6000000), (1500000, 3000000, 4500000));
5;0.862304687500000;1500000;10;356.37;((0, 6000000), (1500000, 3000000, 4500000));
5;0.862792968750000;1500000;9;321.18;((0, 6000000), (1500000, 3000000, 4500000));
5;0.863037109375000;1500000;5;308.66;((0, 6000000), (1500000, 3000000, 4500000));
5;0.862915039062500;1500000;5;312.72;((0, 6000000), (1500000, 3000000, 4500000));
5;0.862854003906250;1500000;7;337.83;((0, 6000000), (1500000, 3000000, 4500000));
5;0.862884521484375;1500000;7;326.35;((0, 6000000), (1500000, 3000000, 4500000));
5;0.862899780273438;1500000;9;350.95;((0, 6000000), (1500000, 3000000, 4500000));
5;0.862907409667969;1500000;5;342.82;((0, 6000000), (1500000, 3000000, 4500000));
5;0.862903594970703;1500000;7;337.65;((0, 6000000), (1500000, 3000000, 4500000));
5;0.862905502319336;1500000;8;342.92;((0, 6000000), (1500000, 3000000, 4500000));
5;0.862906455993652;1500000;4;343.69;((0, 6000000), (1500000, 3000000, 4500000));
5;0.500000000000000;4500000;11;215.42;((0, 6000000), (1500000, 3000000, 4500000));
5;0.750000000000000;4500000;0;169.31;((0, 6000000), (1500000, 3000000, 4500000));
5;0.625000000000000;4500000;11;248.80;((0, 6000000), (1500000, 3000000, 4500000));
5;0.687500000000000;4500000;0;152.44;((0, 6000000), (1500000, 3000000, 4500000));
5;0.656250000000000;4500000;0;152.15;((0, 6000000), (1500000, 3000000, 4500000));
5;0.640625000000000;4500000;11;267.97;((0, 6000000), (1500000, 3000000, 4500000));
5;0.648437500000000;4500000;11;257.01;((0, 6000000), (1500000, 3000000, 4500000));
5;0.652343750000000;4500000;0;137.66;((0, 6000000), (1500000, 3000000, 4500000));
5;0.650390625000000;4500000;0;146.43;((0, 6000000), (1500000, 3000000, 4500000));
5;0.649414062500000;4500000;0;156.00;((0, 6000000), (1500000, 3000000, 4500000));
5;0.648925781250000;4500000;2;230.52;((0, 6000000), (1500000, 3000000, 4500000));
5;0.648681640625000;4500000;11;248.59;((0, 6000000), (1500000, 3000000, 4500000));
5;0.648803710937500;4500000;8;229.15;((0, 6000000), (1500000, 3000000, 4500000));
5;0.648864746093750;4500000;6;231.00;((0, 6000000), (1500000, 3000000, 4500000));
5;0.648895263671875;4500000;3;225.21;((0, 6000000), (1500000, 3000000, 4500000));
5;0.648880004882812;4500000;2;222.78;((0, 6000000), (1500000, 3000000, 4500000));
5;0.648872375488281;4500000;3;226.00;((0, 6000000), (1500000, 3000000, 4500000));
5;0.648868560791016;4500000;6;231.57;((0, 6000000), (1500000, 3000000, 4500000));
5;0.648870468139648;4500000;4;225.11;((0, 6000000), (1500000, 3000000, 4500000));
5;0.648869514465332;4500000;4;224.57;((0, 6000000), (1500000, 3000000, 4500000));
5;0.500000000000000;750000;11;219.17;((0, 3000000), (750000, 1500000, 2250000));
5;0.750000000000000;750000;11;281.32;((0, 3000000), (750000, 1500000, 2250000));
5;0.875000000000000;750000;11;327.94;((0, 3000000), (750000, 1500000, 2250000));
5;0.937500000000000;750000;0;148.84;((0, 3000000), (750000, 1500000, 2250000));
5;0.906250000000000;750000;11;355.28;((0, 3000000), (750000, 1500000, 2250000));
5;0.921875000000000;750000;11;342.28;((0, 3000000), (750000, 1500000, 2250000));
5;0.929687500000000;750000;0;149.41;((0, 3000000), (750000, 1500000, 2250000));
5;0.925781250000000;750000;0;157.24;((0, 3000000), (750000, 1500000, 2250000));
5;0.923828125000000;750000;0;212.19;((0, 3000000), (750000, 1500000, 2250000));
5;0.922851562500000;750000;9;324.70;((0, 3000000), (750000, 1500000, 2250000));
5;0.923339843750000;750000;4;310.87;((0, 3000000), (750000, 1500000, 2250000));
5;0.923095703125000;750000;7;315.76;((0, 3000000), (750000, 1500000, 2250000));
5;0.923217773437500;750000;4;312.46;((0, 3000000), (750000, 1500000, 2250000));
5;0.923156738281250;750000;3;308.07;((0, 3000000), (750000, 1500000, 2250000));
5;0.923126220703125;750000;6;316.40;((0, 3000000), (750000, 1500000, 2250000));
5;0.923141479492188;750000;6;318.97;((0, 3000000), (750000, 1500000, 2250000));
5;0.923149108886719;750000;7;318.50;((0, 3000000), (750000, 1500000, 2250000));
5;0.923152923583984;750000;6;321.63;((0, 3000000), (750000, 1500000, 2250000));
5;0.923154830932617;750000;4;309.44;((0, 3000000), (750000, 1500000, 2250000));
5;0.923153877258301;750000;6;320.88;((0, 3000000), (750000, 1500000, 2250000));
5;0.500000000000000;2250000;11;186.80;((0, 3000000), (750000, 1500000, 2250000));
5;0.750000000000000;2250000;11;279.44;((0, 3000000), (750000, 1500000, 2250000));
5;0.875000000000000;2250000;0;147.36;((0, 3000000), (750000, 1500000, 2250000));
5;0.812500000000000;2250000;0;163.44;((0, 3000000), (750000, 1500000, 2250000));
5;0.781250000000000;2250000;11;304.82;((0, 3000000), (750000, 1500000, 2250000));
5;0.796875000000000;2250000;11;299.92;((0, 3000000), (750000, 1500000, 2250000));
5;0.804687500000000;2250000;0;152.70;((0, 3000000), (750000, 1500000, 2250000));
5;0.800781250000000;2250000;11;307.25;((0, 3000000), (750000, 1500000, 2250000));
5;0.802734375000000;2250000;0;181.24;((0, 3000000), (750000, 1500000, 2250000));
5;0.801757812500000;2250000;11;326.34;((0, 3000000), (750000, 1500000, 2250000));
5;0.802246093750000;2250000;7;294.32;((0, 3000000), (750000, 1500000, 2250000));
5;0.802490234375000;2250000;1;282.95;((0, 3000000), (750000, 1500000, 2250000));
5;0.802368164062500;2250000;3;280.92;((0, 3000000), (750000, 1500000, 2250000));
5;0.802307128906250;2250000;3;281.74;((0, 3000000), (750000, 1500000, 2250000));
5;0.802276611328125;2250000;2;284.12;((0, 3000000), (750000, 1500000, 2250000));
5;0.802261352539062;2250000;4;302.79;((0, 3000000), (750000, 1500000, 2250000));
5;0.802253723144531;2250000;3;290.67;((0, 3000000), (750000, 1500000, 2250000));
5;0.802249908447266;2250000;4;293.94;((0, 3000000), (750000, 1500000, 2250000));
5;0.802248001098633;2250000;2;275.58;((0, 3000000), (750000, 1500000, 2250000));
5;0.802247047424316;2250000;0;189.64;((0, 3000000), (750000, 1500000, 2250000));
5;0.500000000000000;375000;11;200.50;((0, 1500000), (375000, 750000, 1125000));
5;0.750000000000000;375000;11;299.46;((0, 1500000), (375000, 750000, 1125000));
5;0.875000000000000;375000;11;363.50;((0, 1500000), (375000, 750000, 1125000));
5;0.937500000000000;375000;11;359.64;((0, 1500000), (375000, 750000, 1125000));
5;0.968750000000000;375000;0;149.34;((0, 1500000), (375000, 750000, 1125000));
5;0.953125000000000;375000;0;190.17;((0, 1500000), (375000, 750000, 1125000));
5;0.945312500000000;375000;11;432.93;((0, 1500000), (375000, 750000, 1125000));
5;0.949218750000000;375000;11;416.21;((0, 1500000), (375000, 750000, 1125000));
5;0.951171875000000;375000;7;366.01;((0, 1500000), (375000, 750000, 1125000));
5;0.952148437500000;375000;5;347.75;((0, 1500000), (375000, 750000, 1125000));
5;0.951660156250000;375000;6;370.05;((0, 1500000), (375000, 750000, 1125000));
5;0.951904296875000;375000;3;347.62;((0, 1500000), (375000, 750000, 1125000));
5;0.951782226562500;375000;7;371.95;((0, 1500000), (375000, 750000, 1125000));
5;0.951843261718750;375000;7;338.54;((0, 1500000), (375000, 750000, 1125000));
5;0.951873779296875;375000;7;347.01;((0, 1500000), (375000, 750000, 1125000));
5;0.951889038085938;375000;5;369.91;((0, 1500000), (375000, 750000, 1125000));
5;0.951881408691406;375000;5;342.11;((0, 1500000), (375000, 750000, 1125000));
5;0.951877593994141;375000;3;340.09;((0, 1500000), (375000, 750000, 1125000));
5;0.951875686645508;375000;6;344.96;((0, 1500000), (375000, 750000, 1125000));
5;0.951876640319824;375000;4;340.04;((0, 1500000), (375000, 750000, 1125000));
5;0.500000000000000;1125000;11;207.88;((0, 1500000), (375000, 750000, 1125000));
5;0.750000000000000;1125000;11;307.33;((0, 1500000), (375000, 750000, 1125000));
5;0.875000000000000;1125000;11;376.68;((0, 1500000), (375000, 750000, 1125000));
5;0.937500000000000;1125000;0;175.91;((0, 1500000), (375000, 750000, 1125000));
5;0.906250000000000;1125000;0;179.34;((0, 1500000), (375000, 750000, 1125000));
5;0.890625000000000;1125000;11;387.39;((0, 1500000), (375000, 750000, 1125000));
5;0.898437500000000;1125000;0;175.21;((0, 1500000), (375000, 750000, 1125000));
5;0.894531250000000;1125000;0;188.54;((0, 1500000), (375000, 750000, 1125000));
5;0.892578125000000;1125000;10;356.51;((0, 1500000), (375000, 750000, 1125000));
5;0.893554687500000;1125000;1;310.98;((0, 1500000), (375000, 750000, 1125000));
5;0.893066406250000;1125000;7;394.89;((0, 1500000), (375000, 750000, 1125000));
5;0.893310546875000;1125000;7;365.46;((0, 1500000), (375000, 750000, 1125000));
5;0.893432617187500;1125000;2;329.38;((0, 1500000), (375000, 750000, 1125000));
5;0.893371582031250;1125000;4;324.99;((0, 1500000), (375000, 750000, 1125000));
5;0.893341064453125;1125000;6;319.45;((0, 1500000), (375000, 750000, 1125000));
5;0.893356323242188;1125000;5;326.95;((0, 1500000), (375000, 750000, 1125000));
5;0.893348693847656;1125000;5;334.10;((0, 1500000), (375000, 750000, 1125000));
5;0.893344879150391;1125000;3;283.34;((0, 1500000), (375000, 750000, 1125000));
5;0.893342971801758;1125000;6;287.69;((0, 1500000), (375000, 750000, 1125000));
5;0.893343925476074;1125000;6;288.75;((0, 1500000), (375000, 750000, 1125000));
5;0.500000000000000;187500;11;176.13;((0, 750000), (187500, 375000, 562500));
5;0.750000000000000;187500;11;254.30;((0, 750000), (187500, 375000, 562500));
5;0.875000000000000;187500;11;292.38;((0, 750000), (187500, 375000, 562500));
5;0.937500000000000;187500;11;317.99;((0, 750000), (187500, 375000, 562500));
5;0.968750000000000;187500;0;140.22;((0, 750000), (187500, 375000, 562500));
5;0.953125000000000;187500;11;314.80;((0, 750000), (187500, 375000, 562500));
5;0.960937500000000;187500;11;318.85;((0, 750000), (187500, 375000, 562500));
5;0.964843750000000;187500;0;198.64;((0, 750000), (187500, 375000, 562500));
5;0.962890625000000;187500;10;330.79;((0, 750000), (187500, 375000, 562500));
5;0.963867187500000;187500;8;311.21;((0, 750000), (187500, 375000, 562500));
5;0.964355468750000;187500;1;295.97;((0, 750000), (187500, 375000, 562500));
5;0.964111328125000;187500;3;297.78;((0, 750000), (187500, 375000, 562500));
5;0.963989257812500;187500;3;300.30;((0, 750000), (187500, 375000, 562500));
5;0.963928222656250;187500;2;292.10;((0, 750000), (187500, 375000, 562500));
5;0.963897705078125;187500;5;300.65;((0, 750000), (187500, 375000, 562500));
5;0.963882446289062;187500;3;296.21;((0, 750000), (187500, 375000, 562500));
5;0.963874816894531;187500;4;300.30;((0, 750000), (187500, 375000, 562500));
5;0.963871002197266;187500;6;304.97;((0, 750000), (187500, 375000, 562500));
5;0.963872909545898;187500;6;305.98;((0, 750000), (187500, 375000, 562500));
5;0.963873863220215;187500;5;301.74;((0, 750000), (187500, 375000, 562500));
5;0.500000000000000;562500;11;176.37;((0, 750000), (187500, 375000, 562500));
5;0.750000000000000;562500;11;257.58;((0, 750000), (187500, 375000, 562500));
5;0.875000000000000;562500;11;295.89;((0, 750000), (187500, 375000, 562500));
5;0.937500000000000;562500;9;307.23;((0, 750000), (187500, 375000, 562500));
5;0.968750000000000;562500;0;132.28;((0, 750000), (187500, 375000, 562500));
5;0.953125000000000;562500;0;132.02;((0, 750000), (187500, 375000, 562500));
5;0.945312500000000;562500;0;132.53;((0, 750000), (187500, 375000, 562500));
5;0.941406250000000;562500;0;135.06;((0, 750000), (187500, 375000, 562500));
5;0.939453125000000;562500;0;161.39;((0, 750000), (187500, 375000, 562500));
5;0.938476562500000;562500;1;284.99;((0, 750000), (187500, 375000, 562500));
5;0.937988281250000;562500;2;284.20;((0, 750000), (187500, 375000, 562500));
5;0.937744140625000;562500;4;302.32;((0, 750000), (187500, 375000, 562500));
5;0.937622070312500;562500;8;306.06;((0, 750000), (187500, 375000, 562500));
5;0.937683105468750;562500;4;296.49;((0, 750000), (187500, 375000, 562500));
5;0.937652587890625;562500;8;304.69;((0, 750000), (187500, 375000, 562500));
5;0.937667846679688;562500;4;305.35;((0, 750000), (187500, 375000, 562500));
5;0.937660217285156;562500;7;307.89;((0, 750000), (187500, 375000, 562500));
5;0.937664031982422;562500;7;301.66;((0, 750000), (187500, 375000, 562500));
5;0.937665939331055;562500;7;302.31;((0, 750000), (187500, 375000, 562500));
5;0.937666893005371;562500;5;297.68;((0, 750000), (187500, 375000, 562500));
5;0.500000000000000;93750;11;170.34;((0, 375000), (93750, 187500, 281250));
5;0.750000000000000;93750;11;250.42;((0, 375000), (93750, 187500, 281250));
5;0.875000000000000;93750;11;290.84;((0, 375000), (93750, 187500, 281250));
5;0.937500000000000;93750;11;325.02;((0, 375000), (93750, 187500, 281250));
5;0.968750000000000;93750;0;186.56;((0, 375000), (93750, 187500, 281250));
5;0.953125000000000;93750;11;312.89;((0, 375000), (93750, 187500, 281250));
5;0.960937500000000;93750;11;317.56;((0, 375000), (93750, 187500, 281250));
5;0.964843750000000;93750;10;311.45;((0, 375000), (93750, 187500, 281250));
5;0.966796875000000;93750;7;317.04;((0, 375000), (93750, 187500, 281250));
5;0.967773437500000;93750;0;214.92;((0, 375000), (93750, 187500, 281250));
5;0.967285156250000;93750;6;325.56;((0, 375000), (93750, 187500, 281250));
5;0.967529296875000;93750;2;292.26;((0, 375000), (93750, 187500, 281250));
5;0.967407226562500;93750;1;294.06;((0, 375000), (93750, 187500, 281250));
5;0.967346191406250;93750;2;295.29;((0, 375000), (93750, 187500, 281250));
5;0.967315673828125;93750;4;298.65;((0, 375000), (93750, 187500, 281250));
5;0.967300415039062;93750;2;297.69;((0, 375000), (93750, 187500, 281250));
5;0.967292785644531;93750;5;297.83;((0, 375000), (93750, 187500, 281250));
5;0.967288970947266;93750;5;301.18;((0, 375000), (93750, 187500, 281250));
5;0.967287063598633;93750;3;295.53;((0, 375000), (93750, 187500, 281250));
5;0.967286109924316;93750;4;296.44;((0, 375000), (93750, 187500, 281250));
5;0.500000000000000;281250;11;176.48;((0, 375000), (93750, 187500, 281250));
5;0.750000000000000;281250;11;266.11;((0, 375000), (93750, 187500, 281250));
5;0.875000000000000;281250;11;299.17;((0, 375000), (93750, 187500, 281250));
5;0.937500000000000;281250;11;314.58;((0, 375000), (93750, 187500, 281250));
5;0.968750000000000;281250;0;131.37;((0, 375000), (93750, 187500, 281250));
5;0.953125000000000;281250;11;321.35;((0, 375000), (93750, 187500, 281250));
5;0.960937500000000;281250;0;150.47;((0, 375000), (93750, 187500, 281250));
5;0.957031250000000;281250;11;323.14;((0, 375000), (93750, 187500, 281250));
5;0.958984375000000;281250;3;298.38;((0, 375000), (93750, 187500, 281250));
5;0.958007812500000;281250;10;313.15;((0, 375000), (93750, 187500, 281250));
5;0.958496093750000;281250;4;301.96;((0, 375000), (93750, 187500, 281250));
5;0.958251953125000;281250;9;308.44;((0, 375000), (93750, 187500, 281250));
5;0.958374023437500;281250;3;298.10;((0, 375000), (93750, 187500, 281250));
5;0.958312988281250;281250;3;302.85;((0, 375000), (93750, 187500, 281250));
5;0.958282470703125;281250;4;308.11;((0, 375000), (93750, 187500, 281250));
5;0.958267211914062;281250;4;302.44;((0, 375000), (93750, 187500, 281250));
5;0.958259582519531;281250;6;302.40;((0, 375000), (93750, 187500, 281250));
5;0.958263397216797;281250;5;298.56;((0, 375000), (93750, 187500, 281250));
5;0.958261489868164;281250;5;303.32;((0, 375000), (93750, 187500, 281250));
5;0.958260536193848;281250;4;298.45;((0, 375000), (93750, 187500, 281250));
5;0.500000000000000;46875;11;170.02;((0, 187500), (46875, 93750, 140625));
5;0.750000000000000;46875;11;248.15;((0, 187500), (46875, 93750, 140625));
5;0.875000000000000;46875;11;286.19;((0, 187500), (46875, 93750, 140625));
5;0.937500000000000;46875;11;308.40;((0, 187500), (46875, 93750, 140625));
5;0.968750000000000;46875;5;302.81;((0, 187500), (46875, 93750, 140625));
5;0.953125000000000;46875;11;314.93;((0, 187500), (46875, 93750, 140625));
5;0.960937500000000;46875;11;330.37;((0, 187500), (46875, 93750, 140625));
5;0.964843750000000;46875;11;324.30;((0, 187500), (46875, 93750, 140625));
5;0.966796875000000;46875;11;317.46;((0, 187500), (46875, 93750, 140625));
5;0.967773437500000;46875;10;314.66;((0, 187500), (46875, 93750, 140625));
5;0.968261718750000;46875;8;302.98;((0, 187500), (46875, 93750, 140625));
5;0.968505859375000;46875;10;313.53;((0, 187500), (46875, 93750, 140625));
5;0.968627929687500;46875;9;317.60;((0, 187500), (46875, 93750, 140625));
5;0.968688964843750;46875;8;299.55;((0, 187500), (46875, 93750, 140625));
5;0.968719482421875;46875;5;301.09;((0, 187500), (46875, 93750, 140625));
5;0.968704223632812;46875;5;299.51;((0, 187500), (46875, 93750, 140625));
5;0.968696594238281;46875;6;296.42;((0, 187500), (46875, 93750, 140625));
5;0.968700408935547;46875;5;305.17;((0, 187500), (46875, 93750, 140625));
5;0.968698501586914;46875;7;315.09;((0, 187500), (46875, 93750, 140625));
5;0.968699455261230;46875;4;297.31;((0, 187500), (46875, 93750, 140625));
5;0.500000000000000;140625;11;171.64;((0, 187500), (46875, 93750, 140625));
5;0.750000000000000;140625;11;249.31;((0, 187500), (46875, 93750, 140625));
5;0.875000000000000;140625;11;292.60;((0, 187500), (46875, 93750, 140625));
5;0.937500000000000;140625;11;311.78;((0, 187500), (46875, 93750, 140625));
5;0.968750000000000;140625;11;324.78;((0, 187500), (46875, 93750, 140625));
5;0.984375000000000;140625;0;130.65;((0, 187500), (46875, 93750, 140625));
5;0.976562500000000;140625;0;133.42;((0, 187500), (46875, 93750, 140625));
5;0.972656250000000;140625;0;174.61;((0, 187500), (46875, 93750, 140625));
5;0.970703125000000;140625;5;309.79;((0, 187500), (46875, 93750, 140625));
5;0.969726562500000;140625;10;321.06;((0, 187500), (46875, 93750, 140625));
5;0.970214843750000;140625;7;309.96;((0, 187500), (46875, 93750, 140625));
5;0.970458984375000;140625;8;308.78;((0, 187500), (46875, 93750, 140625));
5;0.970581054687500;140625;7;312.21;((0, 187500), (46875, 93750, 140625));
5;0.970642089843750;140625;9;312.70;((0, 187500), (46875, 93750, 140625));
5;0.970672607421875;140625;10;316.24;((0, 187500), (46875, 93750, 140625));
5;0.970687866210938;140625;6;305.81;((0, 187500), (46875, 93750, 140625));
5;0.970695495605469;140625;7;301.48;((0, 187500), (46875, 93750, 140625));
5;0.970699310302734;140625;6;299.80;((0, 187500), (46875, 93750, 140625));
5;0.970701217651367;140625;9;310.39;((0, 187500), (46875, 93750, 140625));
5;0.970702171325684;140625;4;300.18;((0, 187500), (46875, 93750, 140625));
5;0.500000000000000;117187;11;172.71;((93750, 187500), (117187, 140624, 164061));
5;0.750000000000000;117187;11;250.70;((93750, 187500), (117187, 140624, 164061));
5;0.875000000000000;117187;11;290.46;((93750, 187500), (117187, 140624, 164061));
5;0.937500000000000;117187;11;311.49;((93750, 187500), (117187, 140624, 164061));
5;0.968750000000000;117187;11;320.19;((93750, 187500), (117187, 140624, 164061));
5;0.984375000000000;117187;0;130.19;((93750, 187500), (117187, 140624, 164061));
5;0.976562500000000;117187;0;138.07;((93750, 187500), (117187, 140624, 164061));
5;0.972656250000000;117187;0;200.86;((93750, 187500), (117187, 140624, 164061));
5;0.970703125000000;117187;9;311.96;((93750, 187500), (117187, 140624, 164061));
5;0.971679687500000;117187;5;304.63;((93750, 187500), (117187, 140624, 164061));
5;0.971191406250000;117187;10;316.20;((93750, 187500), (117187, 140624, 164061));
5;0.971435546875000;117187;7;306.18;((93750, 187500), (117187, 140624, 164061));
5;0.971557617187500;117187;3;301.21;((93750, 187500), (117187, 140624, 164061));
5;0.971496582031250;117187;6;306.79;((93750, 187500), (117187, 140624, 164061));
5;0.971527099609375;117187;5;302.68;((93750, 187500), (117187, 140624, 164061));
5;0.971511840820312;117187;4;299.31;((93750, 187500), (117187, 140624, 164061));
5;0.971504211425781;117187;8;306.97;((93750, 187500), (117187, 140624, 164061));
5;0.971508026123047;117187;4;311.75;((93750, 187500), (117187, 140624, 164061));
5;0.971506118774414;117187;4;304.28;((93750, 187500), (117187, 140624, 164061));
5;0.971505165100098;117187;7;311.89;((93750, 187500), (117187, 140624, 164061));
5;0.500000000000000;140624;11;175.28;((93750, 187500), (117187, 140624, 164061));
5;0.750000000000000;140624;11;252.48;((93750, 187500), (117187, 140624, 164061));
5;0.875000000000000;140624;11;294.25;((93750, 187500), (117187, 140624, 164061));
5;0.937500000000000;140624;11;313.85;((93750, 187500), (117187, 140624, 164061));
5;0.968750000000000;140624;0;160.97;((93750, 187500), (117187, 140624, 164061));
5;0.953125000000000;140624;11;321.09;((93750, 187500), (117187, 140624, 164061));
5;0.960937500000000;140624;11;324.52;((93750, 187500), (117187, 140624, 164061));
5;0.964843750000000;140624;11;321.91;((93750, 187500), (117187, 140624, 164061));
5;0.966796875000000;140624;2;293.79;((93750, 187500), (117187, 140624, 164061));
5;0.965820312500000;140624;7;307.12;((93750, 187500), (117187, 140624, 164061));
5;0.966308593750000;140624;3;296.84;((93750, 187500), (117187, 140624, 164061));
5;0.966064453125000;140624;7;305.83;((93750, 187500), (117187, 140624, 164061));
5;0.966186523437500;140624;2;292.51;((93750, 187500), (117187, 140624, 164061));
5;0.966125488281250;140624;3;295.59;((93750, 187500), (117187, 140624, 164061));
5;0.966094970703125;140624;4;301.08;((93750, 187500), (117187, 140624, 164061));
5;0.966079711914062;140624;3;299.04;((93750, 187500), (117187, 140624, 164061));
5;0.966072082519531;140624;7;305.14;((93750, 187500), (117187, 140624, 164061));
5;0.966075897216797;140624;6;301.98;((93750, 187500), (117187, 140624, 164061));
5;0.966077804565430;140624;3;298.68;((93750, 187500), (117187, 140624, 164061));
5;0.966076850891113;140624;4;305.29;((93750, 187500), (117187, 140624, 164061));
5;0.500000000000000;164061;11;172.60;((93750, 187500), (117187, 140624, 164061));
5;0.750000000000000;164061;11;251.69;((93750, 187500), (117187, 140624, 164061));
5;0.875000000000000;164061;11;300.50;((93750, 187500), (117187, 140624, 164061));
5;0.937500000000000;164061;11;322.50;((93750, 187500), (117187, 140624, 164061));
5;0.968750000000000;164061;10;316.91;((93750, 187500), (117187, 140624, 164061));
5;0.984375000000000;164061;0;131.38;((93750, 187500), (117187, 140624, 164061));
5;0.976562500000000;164061;0;132.07;((93750, 187500), (117187, 140624, 164061));
5;0.972656250000000;164061;0;144.24;((93750, 187500), (117187, 140624, 164061));
5;0.970703125000000;164061;0;204.86;((93750, 187500), (117187, 140624, 164061));
5;0.969726562500000;164061;5;300.69;((93750, 187500), (117187, 140624, 164061));
5;0.969238281250000;164061;10;317.96;((93750, 187500), (117187, 140624, 164061));
5;0.969482421875000;164061;5;302.09;((93750, 187500), (117187, 140624, 164061));
5;0.969360351562500;164061;8;401.34;((93750, 187500), (117187, 140624, 164061));
5;0.969421386718750;164061;10;319.05;((93750, 187500), (117187, 140624, 164061));
5;0.969451904296875;164061;11;323.58;((93750, 187500), (117187, 140624, 164061));
5;0.969467163085938;164061;7;308.69;((93750, 187500), (117187, 140624, 164061));
5;0.969474792480469;164061;9;317.35;((93750, 187500), (117187, 140624, 164061));
5;0.969478607177734;164061;7;309.18;((93750, 187500), (117187, 140624, 164061));
5;0.969480514526367;164061;10;321.83;((93750, 187500), (117187, 140624, 164061));
5;0.969481468200684;164061;5;303.13;((93750, 187500), (117187, 140624, 164061));
5;0.500000000000000;105468;11;172.85;((93750, 140624), (105468, 117186, 128904));
5;0.750000000000000;105468;11;251.57;((93750, 140624), (105468, 117186, 128904));
5;0.875000000000000;105468;11;293.47;((93750, 140624), (105468, 117186, 128904));
5;0.937500000000000;105468;11;309.42;((93750, 140624), (105468, 117186, 128904));
5;0.968750000000000;105468;11;323.42;((93750, 140624), (105468, 117186, 128904));
5;0.984375000000000;105468;0;131.15;((93750, 140624), (105468, 117186, 128904));
5;0.976562500000000;105468;0;140.95;((93750, 140624), (105468, 117186, 128904));
5;0.972656250000000;105468;2;292.05;((93750, 140624), (105468, 117186, 128904));
5;0.970703125000000;105468;11;325.65;((93750, 140624), (105468, 117186, 128904));
5;0.971679687500000;105468;5;321.11;((93750, 140624), (105468, 117186, 128904));
5;0.971191406250000;105468;5;302.47;((93750, 140624), (105468, 117186, 128904));
5;0.970947265625000;105468;10;319.53;((93750, 140624), (105468, 117186, 128904));
5;0.971069335937500;105468;10;369.24;((93750, 140624), (105468, 117186, 128904));
5;0.971130371093750;105468;8;307.03;((93750, 140624), (105468, 117186, 128904));
5;0.971160888671875;105468;6;303.66;((93750, 140624), (105468, 117186, 128904));
5;0.971176147460938;105468;8;303.29;((93750, 140624), (105468, 117186, 128904));
5;0.971183776855469;105468;8;305.76;((93750, 140624), (105468, 117186, 128904));
5;0.971187591552734;105468;10;315.17;((93750, 140624), (105468, 117186, 128904));
5;0.971189498901367;105468;7;305.47;((93750, 140624), (105468, 117186, 128904));
5;0.971190452575684;105468;9;311.58;((93750, 140624), (105468, 117186, 128904));
5;0.500000000000000;117186;11;174.26;((93750, 140624), (105468, 117186, 128904));
5;0.750000000000000;117186;11;250.30;((93750, 140624), (105468, 117186, 128904));
5;0.875000000000000;117186;11;290.82;((93750, 140624), (105468, 117186, 128904));
5;0.937500000000000;117186;11;310.75;((93750, 140624), (105468, 117186, 128904));
5;0.968750000000000;117186;11;321.36;((93750, 140624), (105468, 117186, 128904));
5;0.984375000000000;117186;0;132.76;((93750, 140624), (105468, 117186, 128904));
5;0.976562500000000;117186;0;134.67;((93750, 140624), (105468, 117186, 128904));
5;0.972656250000000;117186;1;300.18;((93750, 140624), (105468, 117186, 128904));
5;0.970703125000000;117186;11;322.10;((93750, 140624), (105468, 117186, 128904));
5;0.971679687500000;117186;6;304.36;((93750, 140624), (105468, 117186, 128904));
5;0.972167968750000;117186;3;301.02;((93750, 140624), (105468, 117186, 128904));
5;0.971923828125000;117186;3;295.72;((93750, 140624), (105468, 117186, 128904));
5;0.971801757812500;117186;4;300.36;((93750, 140624), (105468, 117186, 128904));
5;0.971740722656250;117186;6;304.41;((93750, 140624), (105468, 117186, 128904));
5;0.971771240234375;117186;6;304.47;((93750, 140624), (105468, 117186, 128904));
5;0.971786499023438;117186;4;367.21;((93750, 140624), (105468, 117186, 128904));
5;0.971778869628906;117186;7;307.51;((93750, 140624), (105468, 117186, 128904));
5;0.971782684326172;117186;7;303.53;((93750, 140624), (105468, 117186, 128904));
5;0.971784591674805;117186;5;303.45;((93750, 140624), (105468, 117186, 128904));
5;0.971783638000488;117186;4;298.84;((93750, 140624), (105468, 117186, 128904));
5;0.500000000000000;128904;11;171.87;((93750, 140624), (105468, 117186, 128904));
5;0.750000000000000;128904;11;250.21;((93750, 140624), (105468, 117186, 128904));
5;0.875000000000000;128904;11;293.15;((93750, 140624), (105468, 117186, 128904));
5;0.937500000000000;128904;11;319.20;((93750, 140624), (105468, 117186, 128904));
5;0.968750000000000;128904;0;163.56;((93750, 140624), (105468, 117186, 128904));
5;0.953125000000000;128904;11;314.98;((93750, 140624), (105468, 117186, 128904));
5;0.960937500000000;128904;11;329.07;((93750, 140624), (105468, 117186, 128904));
5;0.964843750000000;128904;10;316.58;((93750, 140624), (105468, 117186, 128904));
5;0.966796875000000;128904;3;294.69;((93750, 140624), (105468, 117186, 128904));
5;0.965820312500000;128904;9;311.93;((93750, 140624), (105468, 117186, 128904));
5;0.966308593750000;128904;10;313.98;((93750, 140624), (105468, 117186, 128904));
5;0.966552734375000;128904;5;298.07;((93750, 140624), (105468, 117186, 128904));
5;0.966430664062500;128904;8;311.24;((93750, 140624), (105468, 117186, 128904));
5;0.966491699218750;128904;3;300.47;((93750, 140624), (105468, 117186, 128904));
5;0.966461181640625;128904;4;299.83;((93750, 140624), (105468, 117186, 128904));
5;0.966445922851562;128904;4;299.21;((93750, 140624), (105468, 117186, 128904));
5;0.966438293457031;128904;6;303.49;((93750, 140624), (105468, 117186, 128904));
5;0.966442108154297;128904;4;304.12;((93750, 140624), (105468, 117186, 128904));
5;0.966440200805664;128904;5;308.08;((93750, 140624), (105468, 117186, 128904));
5;0.966439247131348;128904;3;297.70;((93750, 140624), (105468, 117186, 128904));
5;0.500000000000000;111327;11;171.66;((105468, 128904), (111327, 117186, 123045));
5;0.750000000000000;111327;11;250.99;((105468, 128904), (111327, 117186, 123045));
5;0.875000000000000;111327;11;290.85;((105468, 128904), (111327, 117186, 123045));
5;0.937500000000000;111327;11;309.32;((105468, 128904), (111327, 117186, 123045));
5;0.968750000000000;111327;11;322.27;((105468, 128904), (111327, 117186, 123045));
5;0.984375000000000;111327;0;129.21;((105468, 128904), (111327, 117186, 123045));
5;0.976562500000000;111327;0;134.68;((105468, 128904), (111327, 117186, 123045));
5;0.972656250000000;111327;0;222.23;((105468, 128904), (111327, 117186, 123045));
5;0.970703125000000;111327;10;318.53;((105468, 128904), (111327, 117186, 123045));
5;0.971679687500000;111327;6;302.37;((105468, 128904), (111327, 117186, 123045));
5;0.972167968750000;111327;4;299.76;((105468, 128904), (111327, 117186, 123045));
5;0.971923828125000;111327;1;295.45;((105468, 128904), (111327, 117186, 123045));
5;0.971801757812500;111327;7;316.39;((105468, 128904), (111327, 117186, 123045));
5;0.971862792968750;111327;6;304.00;((105468, 128904), (111327, 117186, 123045));
5;0.971893310546875;111327;3;296.14;((105468, 128904), (111327, 117186, 123045));
5;0.971878051757812;111327;8;308.63;((105468, 128904), (111327, 117186, 123045));
5;0.971885681152344;111327;1;293.76;((105468, 128904), (111327, 117186, 123045));
5;0.971881866455078;111327;3;296.81;((105468, 128904), (111327, 117186, 123045));
5;0.971879959106445;111327;4;331.35;((105468, 128904), (111327, 117186, 123045));
5;0.971879005432129;111327;8;308.94;((105468, 128904), (111327, 117186, 123045));
5;0.500000000000000;123045;11;171.96;((105468, 128904), (111327, 117186, 123045));
5;0.750000000000000;123045;11;251.80;((105468, 128904), (111327, 117186, 123045));
5;0.875000000000000;123045;11;290.51;((105468, 128904), (111327, 117186, 123045));
5;0.937500000000000;123045;11;312.32;((105468, 128904), (111327, 117186, 123045));
5;0.968750000000000;123045;11;338.78;((105468, 128904), (111327, 117186, 123045));
5;0.984375000000000;123045;0;136.26;((105468, 128904), (111327, 117186, 123045));
5;0.976562500000000;123045;0;140.01;((105468, 128904), (111327, 117186, 123045));
5;0.972656250000000;123045;1;292.08;((105468, 128904), (111327, 117186, 123045));
5;0.970703125000000;123045;9;313.06;((105468, 128904), (111327, 117186, 123045));
5;0.971679687500000;123045;6;307.67;((105468, 128904), (111327, 117186, 123045));
5;0.972167968750000;123045;2;295.18;((105468, 128904), (111327, 117186, 123045));
5;0.971923828125000;123045;3;300.87;((105468, 128904), (111327, 117186, 123045));
5;0.971801757812500;123045;3;302.23;((105468, 128904), (111327, 117186, 123045));
5;0.971740722656250;123045;2;294.95;((105468, 128904), (111327, 117186, 123045));
5;0.971710205078125;123045;3;300.55;((105468, 128904), (111327, 117186, 123045));
5;0.971694946289062;123045;5;303.80;((105468, 128904), (111327, 117186, 123045));
5;0.971687316894531;123045;2;296.41;((105468, 128904), (111327, 117186, 123045));
5;0.971683502197266;123045;6;313.02;((105468, 128904), (111327, 117186, 123045));
5;0.971685409545898;123045;3;301.38;((105468, 128904), (111327, 117186, 123045));
5;0.971684455871582;123045;7;308.28;((105468, 128904), (111327, 117186, 123045));
5;0.500000000000000;108397;11;172.87;((105468, 117186), (108397, 111326, 114255));
5;0.750000000000000;108397;11;250.79;((105468, 117186), (108397, 111326, 114255));
5;0.875000000000000;108397;11;291.63;((105468, 117186), (108397, 111326, 114255));
5;0.937500000000000;108397;11;310.57;((105468, 117186), (108397, 111326, 114255));
5;0.968750000000000;108397;11;321.88;((105468, 117186), (108397, 111326, 114255));
5;0.984375000000000;108397;0;131.88;((105468, 117186), (108397, 111326, 114255));
5;0.976562500000000;108397;0;137.24;((105468, 117186), (108397, 111326, 114255));
5;0.972656250000000;108397;2;291.33;((105468, 117186), (108397, 111326, 114255));
5;0.970703125000000;108397;11;324.86;((105468, 117186), (108397, 111326, 114255));
5;0.971679687500000;108397;6;305.35;((105468, 117186), (108397, 111326, 114255));
5;0.972167968750000;108397;5;302.73;((105468, 117186), (108397, 111326, 114255));
5;0.971923828125000;108397;7;377.23;((105468, 117186), (108397, 111326, 114255));
5;0.972045898437500;108397;7;308.36;((105468, 117186), (108397, 111326, 114255));
5;0.972106933593750;108397;4;300.73;((105468, 117186), (108397, 111326, 114255));
5;0.972076416015625;108397;2;295.12;((105468, 117186), (108397, 111326, 114255));
5;0.972061157226562;108397;5;299.87;((105468, 117186), (108397, 111326, 114255));
5;0.972053527832031;108397;3;298.38;((105468, 117186), (108397, 111326, 114255));
5;0.972049713134766;108397;7;307.32;((105468, 117186), (108397, 111326, 114255));
5;0.972051620483398;108397;3;304.92;((105468, 117186), (108397, 111326, 114255));
5;0.972050666809082;108397;1;294.99;((105468, 117186), (108397, 111326, 114255));
5;0.500000000000000;111326;11;165.90;((105468, 117186), (108397, 111326, 114255));
5;0.750000000000000;111326;11;241.14;((105468, 117186), (108397, 111326, 114255));
5;0.875000000000000;111326;11;278.80;((105468, 117186), (108397, 111326, 114255));
5;0.937500000000000;111326;11;330.36;((105468, 117186), (108397, 111326, 114255));
5;0.968750000000000;111326;11;323.93;((105468, 117186), (108397, 111326, 114255));
5;0.984375000000000;111326;0;135.63;((105468, 117186), (108397, 111326, 114255));
5;0.976562500000000;111326;0;160.01;((105468, 117186), (108397, 111326, 114255));
5;0.972656250000000;111326;2;328.92;((105468, 117186), (108397, 111326, 114255));
5;0.970703125000000;111326;8;353.59;((105468, 117186), (108397, 111326, 114255));
5;0.971679687500000;111326;5;316.56;((105468, 117186), (108397, 111326, 114255));
5;0.971191406250000;111326;6;316.43;((105468, 117186), (108397, 111326, 114255));
5;0.971435546875000;111326;6;326.29;((105468, 117186), (108397, 111326, 114255));
5;0.971557617187500;111326;7;318.64;((105468, 117186), (108397, 111326, 114255));
5;0.971618652343750;111326;7;334.94;((105468, 117186), (108397, 111326, 114255));
5;0.971649169921875;111326;6;333.24;((105468, 117186), (108397, 111326, 114255));
5;0.971664428710938;111326;7;359.63;((105468, 117186), (108397, 111326, 114255));
5;0.971672058105469;111326;9;344.44;((105468, 117186), (108397, 111326, 114255));
5;0.971675872802734;111326;4;332.73;((105468, 117186), (108397, 111326, 114255));
5;0.971673965454102;111326;5;332.03;((105468, 117186), (108397, 111326, 114255));
5;0.971673011779785;111326;5;331.37;((105468, 117186), (108397, 111326, 114255));
5;0.500000000000000;114255;11;202.87;((105468, 117186), (108397, 111326, 114255));
5;0.750000000000000;114255;11;285.58;((105468, 117186), (108397, 111326, 114255));
5;0.875000000000000;114255;11;326.60;((105468, 117186), (108397, 111326, 114255));
5;0.937500000000000;114255;11;347.32;((105468, 117186), (108397, 111326, 114255));
5;0.968750000000000;114255;11;360.25;((105468, 117186), (108397, 111326, 114255));
5;0.984375000000000;114255;0;153.27;((105468, 117186), (108397, 111326, 114255));
5;0.976562500000000;114255;0;160.85;((105468, 117186), (108397, 111326, 114255));
5;0.972656250000000;114255;3;336.69;((105468, 117186), (108397, 111326, 114255));
5;0.970703125000000;114255;11;371.88;((105468, 117186), (108397, 111326, 114255));
5;0.971679687500000;114255;6;308.82;((105468, 117186), (108397, 111326, 114255));
5;0.972167968750000;114255;4;305.22;((105468, 117186), (108397, 111326, 114255));
5;0.971923828125000;114255;4;305.79;((105468, 117186), (108397, 111326, 114255));
5;0.971801757812500;114255;5;312.50;((105468, 117186), (108397, 111326, 114255));
5;0.971740722656250;114255;4;304.00;((105468, 117186), (108397, 111326, 114255));
5;0.971710205078125;114255;4;308.19;((105468, 117186), (108397, 111326, 114255));
5;0.971694946289062;114255;7;305.05;((105468, 117186), (108397, 111326, 114255));
5;0.971702575683594;114255;6;305.95;((105468, 117186), (108397, 111326, 114255));
5;0.971706390380859;114255;9;311.98;((105468, 117186), (108397, 111326, 114255));
5;0.971708297729492;114255;5;309.99;((105468, 117186), (108397, 111326, 114255));
5;0.971707344055176;114255;6;312.71;((105468, 117186), (108397, 111326, 114255));
5;0.500000000000000;106932;11;173.65;((105468, 111326), (106932, 108396, 109860));
5;0.750000000000000;106932;11;250.69;((105468, 111326), (106932, 108396, 109860));
5;0.875000000000000;106932;11;293.69;((105468, 111326), (106932, 108396, 109860));
5;0.937500000000000;106932;11;315.48;((105468, 111326), (106932, 108396, 109860));
5;0.968750000000000;106932;0;183.67;((105468, 111326), (106932, 108396, 109860));
5;0.953125000000000;106932;11;319.69;((105468, 111326), (106932, 108396, 109860));
5;0.960937500000000;106932;11;317.34;((105468, 111326), (106932, 108396, 109860));
5;0.964843750000000;106932;11;325.02;((105468, 111326), (106932, 108396, 109860));
5;0.966796875000000;106932;4;303.80;((105468, 111326), (106932, 108396, 109860));
5;0.965820312500000;106932;9;311.04;((105468, 111326), (106932, 108396, 109860));
5;0.966308593750000;106932;9;307.63;((105468, 111326), (106932, 108396, 109860));
5;0.966552734375000;106932;7;305.34;((105468, 111326), (106932, 108396, 109860));
5;0.966674804687500;106932;7;304.58;((105468, 111326), (106932, 108396, 109860));
5;0.966735839843750;106932;10;313.48;((105468, 111326), (106932, 108396, 109860));
5;0.966766357421875;106932;6;303.08;((105468, 111326), (106932, 108396, 109860));
5;0.966781616210938;106932;6;308.56;((105468, 111326), (106932, 108396, 109860));
5;0.966789245605469;106932;5;303.21;((105468, 111326), (106932, 108396, 109860));
5;0.966785430908203;106932;4;300.15;((105468, 111326), (106932, 108396, 109860));
5;0.966783523559570;106932;6;303.62;((105468, 111326), (106932, 108396, 109860));
5;0.966784477233887;106932;6;308.04;((105468, 111326), (106932, 108396, 109860));
5;0.500000000000000;108396;11;172.95;((105468, 111326), (106932, 108396, 109860));
5;0.750000000000000;108396;11;249.19;((105468, 111326), (106932, 108396, 109860));
5;0.875000000000000;108396;11;290.55;((105468, 111326), (106932, 108396, 109860));
5;0.937500000000000;108396;11;315.49;((105468, 111326), (106932, 108396, 109860));
5;0.968750000000000;108396;11;332.05;((105468, 111326), (106932, 108396, 109860));
5;0.984375000000000;108396;0;148.13;((105468, 111326), (106932, 108396, 109860));
5;0.976562500000000;108396;0;139.77;((105468, 111326), (106932, 108396, 109860));
5;0.972656250000000;108396;1;294.87;((105468, 111326), (106932, 108396, 109860));
5;0.970703125000000;108396;8;306.36;((105468, 111326), (106932, 108396, 109860));
5;0.971679687500000;108396;8;310.33;((105468, 111326), (106932, 108396, 109860));
5;0.972167968750000;108396;6;303.01;((105468, 111326), (106932, 108396, 109860));
5;0.972412109375000;108396;3;301.14;((105468, 111326), (106932, 108396, 109860));
5;0.972290039062500;108396;2;299.84;((105468, 111326), (106932, 108396, 109860));
5;0.972229003906250;108396;3;301.55;((105468, 111326), (106932, 108396, 109860));
5;0.972198486328125;108396;4;302.69;((105468, 111326), (106932, 108396, 109860));
5;0.972183227539062;108396;4;302.43;((105468, 111326), (106932, 108396, 109860));
5;0.972175598144531;108396;4;305.99;((105468, 111326), (106932, 108396, 109860));
5;0.972171783447266;108396;3;306.38;((105468, 111326), (106932, 108396, 109860));
5;0.972169876098633;108396;2;299.84;((105468, 111326), (106932, 108396, 109860));
5;0.972168922424316;108396;1;300.12;((105468, 111326), (106932, 108396, 109860));
5;0.500000000000000;109860;11;172.06;((105468, 111326), (106932, 108396, 109860));
5;0.750000000000000;109860;11;255.23;((105468, 111326), (106932, 108396, 109860));
5;0.875000000000000;109860;11;291.07;((105468, 111326), (106932, 108396, 109860));
5;0.937500000000000;109860;11;311.44;((105468, 111326), (106932, 108396, 109860));
5;0.968750000000000;109860;0;203.55;((105468, 111326), (106932, 108396, 109860));
5;0.953125000000000;109860;11;314.28;((105468, 111326), (106932, 108396, 109860));
5;0.960937500000000;109860;11;322.20;((105468, 111326), (106932, 108396, 109860));
5;0.964843750000000;109860;11;322.62;((105468, 111326), (106932, 108396, 109860));
5;0.966796875000000;109860;5;305.63;((105468, 111326), (106932, 108396, 109860));
5;0.965820312500000;109860;7;314.81;((105468, 111326), (106932, 108396, 109860));
5;0.966308593750000;109860;10;313.72;((105468, 111326), (106932, 108396, 109860));
5;0.966552734375000;109860;7;311.06;((105468, 111326), (106932, 108396, 109860));
5;0.966674804687500;109860;6;308.50;((105468, 111326), (106932, 108396, 109860));
5;0.966735839843750;109860;7;304.38;((105468, 111326), (106932, 108396, 109860));
5;0.966766357421875;109860;6;304.08;((105468, 111326), (106932, 108396, 109860));
5;0.966781616210938;109860;10;314.12;((105468, 111326), (106932, 108396, 109860));
5;0.966789245605469;109860;4;300.33;((105468, 111326), (106932, 108396, 109860));
5;0.966785430908203;109860;6;303.47;((105468, 111326), (106932, 108396, 109860));
5;0.966787338256836;109860;4;302.49;((105468, 111326), (106932, 108396, 109860));
5;0.966786384582520;109860;3;301.05;((105468, 111326), (106932, 108396, 109860));
5;0.500000000000000;107664;11;171.67;((106932, 109860), (107664, 108396, 109128));
5;0.750000000000000;107664;11;265.05;((106932, 109860), (107664, 108396, 109128));
5;0.875000000000000;107664;11;299.50;((106932, 109860), (107664, 108396, 109128));
5;0.937500000000000;107664;11;319.67;((106932, 109860), (107664, 108396, 109128));
5;0.968750000000000;107664;0;205.88;((106932, 109860), (107664, 108396, 109128));
5;0.953125000000000;107664;11;318.48;((106932, 109860), (107664, 108396, 109128));
5;0.960937500000000;107664;11;323.39;((106932, 109860), (107664, 108396, 109128));
5;0.964843750000000;107664;9;309.26;((106932, 109860), (107664, 108396, 109128));
5;0.966796875000000;107664;7;306.72;((106932, 109860), (107664, 108396, 109128));
5;0.967773437500000;107664;1;296.62;((106932, 109860), (107664, 108396, 109128));
5;0.967285156250000;107664;5;307.21;((106932, 109860), (107664, 108396, 109128));
5;0.967041015625000;107664;4;304.17;((106932, 109860), (107664, 108396, 109128));
5;0.966918945312500;107664;2;302.74;((106932, 109860), (107664, 108396, 109128));
5;0.966857910156250;107664;8;318.32;((106932, 109860), (107664, 108396, 109128));
5;0.966888427734375;107664;3;307.43;((106932, 109860), (107664, 108396, 109128));
5;0.966873168945312;107664;3;300.25;((106932, 109860), (107664, 108396, 109128));
5;0.966865539550781;107664;3;302.18;((106932, 109860), (107664, 108396, 109128));
5;0.966861724853516;107664;3;299.82;((106932, 109860), (107664, 108396, 109128));
5;0.966859817504883;107664;6;302.23;((106932, 109860), (107664, 108396, 109128));
5;0.966860771179199;107664;4;301.44;((106932, 109860), (107664, 108396, 109128));
5;0.500000000000000;109128;11;172.85;((106932, 109860), (107664, 108396, 109128));
5;0.750000000000000;109128;11;252.39;((106932, 109860), (107664, 108396, 109128));
5;0.875000000000000;109128;11;297.26;((106932, 109860), (107664, 108396, 109128));
5;0.937500000000000;109128;11;339.78;((106932, 109860), (107664, 108396, 109128));
5;0.968750000000000;109128;11;324.12;((106932, 109860), (107664, 108396, 109128));
5;0.984375000000000;109128;0;132.96;((106932, 109860), (107664, 108396, 109128));
5;0.976562500000000;109128;0;145.59;((106932, 109860), (107664, 108396, 109128));
5;0.972656250000000;109128;1;311.41;((106932, 109860), (107664, 108396, 109128));
5;0.970703125000000;109128;11;322.87;((106932, 109860), (107664, 108396, 109128));
5;0.971679687500000;109128;7;311.04;((106932, 109860), (107664, 108396, 109128));
5;0.972167968750000;109128;4;302.67;((106932, 109860), (107664, 108396, 109128));
5;0.971923828125000;109128;5;310.12;((106932, 109860), (107664, 108396, 109128));
5;0.971801757812500;109128;6;304.50;((106932, 109860), (107664, 108396, 109128));
5;0.971862792968750;109128;4;302.57;((106932, 109860), (107664, 108396, 109128));
5;0.971832275390625;109128;7;308.98;((106932, 109860), (107664, 108396, 109128));
5;0.971847534179688;109128;7;313.49;((106932, 109860), (107664, 108396, 109128));
5;0.971855163574219;109128;6;305.21;((106932, 109860), (107664, 108396, 109128));
5;0.971858978271484;109128;3;303.78;((106932, 109860), (107664, 108396, 109128));
5;0.971857070922852;109128;5;314.90;((106932, 109860), (107664, 108396, 109128));
5;0.971856117248535;109128;5;317.38;((106932, 109860), (107664, 108396, 109128));
5;0.500000000000000;108030;11;169.12;((107664, 109128), (108030, 108396, 108762));
5;0.750000000000000;108030;11;241.62;((107664, 109128), (108030, 108396, 108762));
5;0.875000000000000;108030;11;284.16;((107664, 109128), (108030, 108396, 108762));
5;0.937500000000000;108030;11;312.24;((107664, 109128), (108030, 108396, 108762));
5;0.968750000000000;108030;1;288.44;((107664, 109128), (108030, 108396, 108762));
5;0.953125000000000;108030;11;305.73;((107664, 109128), (108030, 108396, 108762));
5;0.960937500000000;108030;11;309.55;((107664, 109128), (108030, 108396, 108762));
5;0.964843750000000;108030;10;305.54;((107664, 109128), (108030, 108396, 108762));
5;0.966796875000000;108030;6;299.85;((107664, 109128), (108030, 108396, 108762));
5;0.967773437500000;108030;1;287.33;((107664, 109128), (108030, 108396, 108762));
5;0.967285156250000;108030;3;292.86;((107664, 109128), (108030, 108396, 108762));
5;0.967041015625000;108030;5;310.25;((107664, 109128), (108030, 108396, 108762));
5;0.966918945312500;108030;4;293.57;((107664, 109128), (108030, 108396, 108762));
5;0.966857910156250;108030;6;299.59;((107664, 109128), (108030, 108396, 108762));
5;0.966888427734375;108030;3;293.64;((107664, 109128), (108030, 108396, 108762));
5;0.966873168945312;108030;5;296.39;((107664, 109128), (108030, 108396, 108762));
5;0.966865539550781;108030;9;304.55;((107664, 109128), (108030, 108396, 108762));
5;0.966869354248047;108030;8;300.12;((107664, 109128), (108030, 108396, 108762));
5;0.966871261596680;108030;7;304.11;((107664, 109128), (108030, 108396, 108762));
5;0.966872215270996;108030;6;296.81;((107664, 109128), (108030, 108396, 108762));
5;0.500000000000000;108762;11;165.36;((107664, 109128), (108030, 108396, 108762));
5;0.750000000000000;108762;11;243.82;((107664, 109128), (108030, 108396, 108762));
5;0.875000000000000;108762;11;283.08;((107664, 109128), (108030, 108396, 108762));
5;0.937500000000000;108762;11;314.61;((107664, 109128), (108030, 108396, 108762));
5;0.968750000000000;108762;0;202.47;((107664, 109128), (108030, 108396, 108762));
5;0.953125000000000;108762;11;308.93;((107664, 109128), (108030, 108396, 108762));
5;0.960937500000000;108762;11;311.03;((107664, 109128), (108030, 108396, 108762));
5;0.964843750000000;108762;11;318.74;((107664, 109128), (108030, 108396, 108762));
5;0.966796875000000;108762;5;295.64;((107664, 109128), (108030, 108396, 108762));
5;0.965820312500000;108762;8;301.75;((107664, 109128), (108030, 108396, 108762));
5;0.966308593750000;108762;7;298.37;((107664, 109128), (108030, 108396, 108762));
5;0.966552734375000;108762;7;301.11;((107664, 109128), (108030, 108396, 108762));
5;0.966674804687500;108762;9;307.58;((107664, 109128), (108030, 108396, 108762));
5;0.966735839843750;108762;4;296.45;((107664, 109128), (108030, 108396, 108762));
5;0.966705322265625;108762;6;297.47;((107664, 109128), (108030, 108396, 108762));
5;0.966720581054688;108762;6;302.53;((107664, 109128), (108030, 108396, 108762));
5;0.966728210449219;108762;5;309.57;((107664, 109128), (108030, 108396, 108762));
5;0.966724395751953;108762;3;295.04;((107664, 109128), (108030, 108396, 108762));
5;0.966722488403320;108762;7;302.04;((107664, 109128), (108030, 108396, 108762));
5;0.966723442077637;108762;5;298.87;((107664, 109128), (108030, 108396, 108762));
5;0.500000000000000;108213;11;166.25;((108030, 108762), (108213, 108396, 108579));
5;0.750000000000000;108213;11;242.20;((108030, 108762), (108213, 108396, 108579));
5;0.875000000000000;108213;11;285.09;((108030, 108762), (108213, 108396, 108579));
5;0.937500000000000;108213;11;301.92;((108030, 108762), (108213, 108396, 108579));
5;0.968750000000000;108213;11;320.70;((108030, 108762), (108213, 108396, 108579));
5;0.984375000000000;108213;0;130.28;((108030, 108762), (108213, 108396, 108579));
5;0.976562500000000;108213;0;137.00;((108030, 108762), (108213, 108396, 108579));
5;0.972656250000000;108213;2;288.87;((108030, 108762), (108213, 108396, 108579));
5;0.970703125000000;108213;11;317.53;((108030, 108762), (108213, 108396, 108579));
5;0.971679687500000;108213;10;324.86;((108030, 108762), (108213, 108396, 108579));
5;0.972167968750000;108213;3;300.60;((108030, 108762), (108213, 108396, 108579));
5;0.971923828125000;108213;4;301.96;((108030, 108762), (108213, 108396, 108579));
5;0.971801757812500;108213;8;307.40;((108030, 108762), (108213, 108396, 108579));
5;0.971862792968750;108213;3;297.91;((108030, 108762), (108213, 108396, 108579));
5;0.971832275390625;108213;6;302.40;((108030, 108762), (108213, 108396, 108579));
5;0.971847534179688;108213;6;303.45;((108030, 108762), (108213, 108396, 108579));
5;0.971855163574219;108213;4;304.38;((108030, 108762), (108213, 108396, 108579));
5;0.971851348876953;108213;6;371.37;((108030, 108762), (108213, 108396, 108579));
5;0.971853256225586;108213;7;301.00;((108030, 108762), (108213, 108396, 108579));
5;0.971854209899902;108213;4;296.55;((108030, 108762), (108213, 108396, 108579));
5;0.500000000000000;108579;11;168.10;((108030, 108762), (108213, 108396, 108579));
5;0.750000000000000;108579;11;263.49;((108030, 108762), (108213, 108396, 108579));
5;0.875000000000000;108579;11;295.48;((108030, 108762), (108213, 108396, 108579));
5;0.937500000000000;108579;11;305.84;((108030, 108762), (108213, 108396, 108579));
5;0.968750000000000;108579;11;317.63;((108030, 108762), (108213, 108396, 108579));
5;0.984375000000000;108579;0;130.21;((108030, 108762), (108213, 108396, 108579));
5;0.976562500000000;108579;0;143.52;((108030, 108762), (108213, 108396, 108579));
5;0.972656250000000;108579;3;293.44;((108030, 108762), (108213, 108396, 108579));
5;0.970703125000000;108579;10;314.84;((108030, 108762), (108213, 108396, 108579));
5;0.971679687500000;108579;6;298.76;((108030, 108762), (108213, 108396, 108579));
5;0.972167968750000;108579;4;301.88;((108030, 108762), (108213, 108396, 108579));
5;0.971923828125000;108579;7;304.71;((108030, 108762), (108213, 108396, 108579));
5;0.972045898437500;108579;4;300.23;((108030, 108762), (108213, 108396, 108579));
5;0.971984863281250;108579;6;300.17;((108030, 108762), (108213, 108396, 108579));
5;0.972015380859375;108579;7;314.87;((108030, 108762), (108213, 108396, 108579));
5;0.972030639648438;108579;4;307.43;((108030, 108762), (108213, 108396, 108579));
5;0.972023010253906;108579;5;302.23;((108030, 108762), (108213, 108396, 108579));
5;0.972019195556641;108579;3;297.65;((108030, 108762), (108213, 108396, 108579));
5;0.972017288208008;108579;5;300.59;((108030, 108762), (108213, 108396, 108579));
5;0.972016334533691;108579;3;296.86;((108030, 108762), (108213, 108396, 108579));
5;0.500000000000000;108304;11;169.47;((108213, 108579), (108304, 108395, 108486));
5;0.750000000000000;108304;11;246.32;((108213, 108579), (108304, 108395, 108486));
5;0.875000000000000;108304;11;294.61;((108213, 108579), (108304, 108395, 108486));
5;0.937500000000000;108304;11;306.33;((108213, 108579), (108304, 108395, 108486));
5;0.968750000000000;108304;0;183.46;((108213, 108579), (108304, 108395, 108486));
5;0.953125000000000;108304;11;312.67;((108213, 108579), (108304, 108395, 108486));
5;0.960937500000000;108304;11;313.65;((108213, 108579), (108304, 108395, 108486));
5;0.964843750000000;108304;10;337.36;((108213, 108579), (108304, 108395, 108486));
5;0.966796875000000;108304;7;302.75;((108213, 108579), (108304, 108395, 108486));
5;0.967773437500000;108304;1;289.94;((108213, 108579), (108304, 108395, 108486));
5;0.967285156250000;108304;4;300.48;((108213, 108579), (108304, 108395, 108486));
5;0.967041015625000;108304;4;300.23;((108213, 108579), (108304, 108395, 108486));
5;0.966918945312500;108304;4;297.44;((108213, 108579), (108304, 108395, 108486));
5;0.966857910156250;108304;3;294.61;((108213, 108579), (108304, 108395, 108486));
5;0.966827392578125;108304;5;299.00;((108213, 108579), (108304, 108395, 108486));
5;0.966812133789062;108304;5;303.21;((108213, 108579), (108304, 108395, 108486));
5;0.966804504394531;108304;5;297.79;((108213, 108579), (108304, 108395, 108486));
5;0.966800689697266;108304;6;301.25;((108213, 108579), (108304, 108395, 108486));
5;0.966802597045898;108304;6;298.55;((108213, 108579), (108304, 108395, 108486));
5;0.966803550720215;108304;5;308.75;((108213, 108579), (108304, 108395, 108486));
5;0.500000000000000;108395;11;168.58;((108213, 108579), (108304, 108395, 108486));
5;0.750000000000000;108395;11;244.23;((108213, 108579), (108304, 108395, 108486));
5;0.875000000000000;108395;11;287.17;((108213, 108579), (108304, 108395, 108486));
5;0.937500000000000;108395;11;307.21;((108213, 108579), (108304, 108395, 108486));
5;0.968750000000000;108395;11;317.99;((108213, 108579), (108304, 108395, 108486));
5;0.984375000000000;108395;0;129.66;((108213, 108579), (108304, 108395, 108486));
5;0.976562500000000;108395;0;136.02;((108213, 108579), (108304, 108395, 108486));
5;0.972656250000000;108395;1;291.73;((108213, 108579), (108304, 108395, 108486));
5;0.970703125000000;108395;10;313.20;((108213, 108579), (108304, 108395, 108486));
5;0.971679687500000;108395;8;306.44;((108213, 108579), (108304, 108395, 108486));
5;0.972167968750000;108395;6;300.86;((108213, 108579), (108304, 108395, 108486));
5;0.972412109375000;108395;4;297.47;((108213, 108579), (108304, 108395, 108486));
5;0.972290039062500;108395;5;303.33;((108213, 108579), (108304, 108395, 108486));
5;0.972229003906250;108395;3;302.87;((108213, 108579), (108304, 108395, 108486));
5;0.972198486328125;108395;3;308.38;((108213, 108579), (108304, 108395, 108486));
5;0.972183227539062;108395;6;303.29;((108213, 108579), (108304, 108395, 108486));
5;0.972190856933594;108395;3;301.26;((108213, 108579), (108304, 108395, 108486));
5;0.972187042236328;108395;2;295.56;((108213, 108579), (108304, 108395, 108486));
5;0.972185134887695;108395;8;312.05;((108213, 108579), (108304, 108395, 108486));
5;0.972186088562012;108395;6;298.90;((108213, 108579), (108304, 108395, 108486));
5;0.500000000000000;108486;11;167.03;((108213, 108579), (108304, 108395, 108486));
5;0.750000000000000;108486;11;247.06;((108213, 108579), (108304, 108395, 108486));
5;0.875000000000000;108486;11;286.61;((108213, 108579), (108304, 108395, 108486));
5;0.937500000000000;108486;11;307.97;((108213, 108579), (108304, 108395, 108486));
5;0.968750000000000;108486;11;315.70;((108213, 108579), (108304, 108395, 108486));
5;0.984375000000000;108486;0;132.27;((108213, 108579), (108304, 108395, 108486));
5;0.976562500000000;108486;0;141.30;((108213, 108579), (108304, 108395, 108486));
5;0.972656250000000;108486;0;198.22;((108213, 108579), (108304, 108395, 108486));
5;0.970703125000000;108486;11;314.70;((108213, 108579), (108304, 108395, 108486));
5;0.971679687500000;108486;7;304.08;((108213, 108579), (108304, 108395, 108486));
5;0.972167968750000;108486;4;300.67;((108213, 108579), (108304, 108395, 108486));
5;0.971923828125000;108486;6;302.80;((108213, 108579), (108304, 108395, 108486));
5;0.972045898437500;108486;1;290.67;((108213, 108579), (108304, 108395, 108486));
5;0.971984863281250;108486;5;296.97;((108213, 108579), (108304, 108395, 108486));
5;0.971954345703125;108486;5;301.32;((108213, 108579), (108304, 108395, 108486));
5;0.971939086914062;108486;4;298.77;((108213, 108579), (108304, 108395, 108486));
5;0.971931457519531;108486;6;302.10;((108213, 108579), (108304, 108395, 108486));
5;0.971935272216797;108486;7;301.03;((108213, 108579), (108304, 108395, 108486));
5;0.971937179565430;108486;3;299.85;((108213, 108579), (108304, 108395, 108486));
5;0.971936225891113;108486;7;305.55;((108213, 108579), (108304, 108395, 108486));
5;0.500000000000000;108349;11;167.38;((108304, 108486), (108349, 108394, 108439));
5;0.750000000000000;108349;11;243.04;((108304, 108486), (108349, 108394, 108439));
5;0.875000000000000;108349;11;283.83;((108304, 108486), (108349, 108394, 108439));
5;0.937500000000000;108349;11;304.33;((108304, 108486), (108349, 108394, 108439));
5;0.968750000000000;108349;11;316.03;((108304, 108486), (108349, 108394, 108439));
5;0.984375000000000;108349;0;130.19;((108304, 108486), (108349, 108394, 108439));
5;0.976562500000000;108349;0;141.07;((108304, 108486), (108349, 108394, 108439));
5;0.972656250000000;108349;0;210.43;((108304, 108486), (108349, 108394, 108439));
5;0.970703125000000;108349;10;314.46;((108304, 108486), (108349, 108394, 108439));
5;0.971679687500000;108349;4;303.46;((108304, 108486), (108349, 108394, 108439));
5;0.971191406250000;108349;10;315.39;((108304, 108486), (108349, 108394, 108439));
5;0.971435546875000;108349;9;309.28;((108304, 108486), (108349, 108394, 108439));
5;0.971557617187500;108349;7;326.11;((108304, 108486), (108349, 108394, 108439));
5;0.971618652343750;108349;6;300.48;((108304, 108486), (108349, 108394, 108439));
5;0.971649169921875;108349;5;298.30;((108304, 108486), (108349, 108394, 108439));
5;0.971633911132812;108349;6;307.93;((108304, 108486), (108349, 108394, 108439));
5;0.971641540527344;108349;4;305.70;((108304, 108486), (108349, 108394, 108439));
5;0.971637725830078;108349;8;303.60;((108304, 108486), (108349, 108394, 108439));
5;0.971639633178711;108349;7;302.28;((108304, 108486), (108349, 108394, 108439));
5;0.971640586853027;108349;5;302.00;((108304, 108486), (108349, 108394, 108439));
5;0.500000000000000;108394;11;166.85;((108304, 108486), (108349, 108394, 108439));
5;0.750000000000000;108394;11;247.94;((108304, 108486), (108349, 108394, 108439));
5;0.875000000000000;108394;11;282.07;((108304, 108486), (108349, 108394, 108439));
5;0.937500000000000;108394;11;303.11;((108304, 108486), (108349, 108394, 108439));
5;0.968750000000000;108394;0;186.28;((108304, 108486), (108349, 108394, 108439));
5;0.953125000000000;108394;11;312.15;((108304, 108486), (108349, 108394, 108439));
5;0.960937500000000;108394;11;313.57;((108304, 108486), (108349, 108394, 108439));
5;0.964843750000000;108394;11;311.61;((108304, 108486), (108349, 108394, 108439));
5;0.966796875000000;108394;6;299.46;((108304, 108486), (108349, 108394, 108439));
5;0.967773437500000;108394;1;291.70;((108304, 108486), (108349, 108394, 108439));
5;0.967285156250000;108394;4;302.57;((108304, 108486), (108349, 108394, 108439));
5;0.967041015625000;108394;5;295.47;((108304, 108486), (108349, 108394, 108439));
5;0.966918945312500;108394;8;305.41;((108304, 108486), (108349, 108394, 108439));
5;0.966979980468750;108394;5;297.84;((108304, 108486), (108349, 108394, 108439));
5;0.966949462890625;108394;7;302.23;((108304, 108486), (108349, 108394, 108439));
5;0.966964721679688;108394;5;298.87;((108304, 108486), (108349, 108394, 108439));
5;0.966957092285156;108394;5;298.15;((108304, 108486), (108349, 108394, 108439));
5;0.966953277587891;108394;5;297.74;((108304, 108486), (108349, 108394, 108439));
5;0.966951370239258;108394;7;304.31;((108304, 108486), (108349, 108394, 108439));
5;0.966952323913574;108394;4;295.65;((108304, 108486), (108349, 108394, 108439));
5;0.500000000000000;108439;11;168.15;((108304, 108486), (108349, 108394, 108439));
5;0.750000000000000;108439;11;249.44;((108304, 108486), (108349, 108394, 108439));
5;0.875000000000000;108439;11;284.31;((108304, 108486), (108349, 108394, 108439));
5;0.937500000000000;108439;11;308.48;((108304, 108486), (108349, 108394, 108439));
5;0.968750000000000;108439;11;318.13;((108304, 108486), (108349, 108394, 108439));
5;0.984375000000000;108439;0;129.45;((108304, 108486), (108349, 108394, 108439));
5;0.976562500000000;108439;0;144.46;((108304, 108486), (108349, 108394, 108439));
5;0.972656250000000;108439;0;215.51;((108304, 108486), (108349, 108394, 108439));
5;0.970703125000000;108439;10;313.97;((108304, 108486), (108349, 108394, 108439));
5;0.971679687500000;108439;4;298.44;((108304, 108486), (108349, 108394, 108439));
5;0.971191406250000;108439;9;303.82;((108304, 108486), (108349, 108394, 108439));
5;0.971435546875000;108439;9;311.98;((108304, 108486), (108349, 108394, 108439));
5;0.971557617187500;108439;9;309.00;((108304, 108486), (108349, 108394, 108439));
5;0.971618652343750;108439;7;302.10;((108304, 108486), (108349, 108394, 108439));
5;0.971649169921875;108439;5;299.24;((108304, 108486), (108349, 108394, 108439));
5;0.971633911132812;108439;7;305.38;((108304, 108486), (108349, 108394, 108439));
5;0.971641540527344;108439;6;301.16;((108304, 108486), (108349, 108394, 108439));
5;0.971645355224609;108439;3;295.03;((108304, 108486), (108349, 108394, 108439));
5;0.971643447875977;108439;5;296.41;((108304, 108486), (108349, 108394, 108439));
5;0.971642494201660;108439;8;302.36;((108304, 108486), (108349, 108394, 108439));
5;0.500000000000000;108417;11;165.85;((108394, 108486), (108417, 108440, 108463));
5;0.750000000000000;108417;11;241.34;((108394, 108486), (108417, 108440, 108463));
5;0.875000000000000;108417;11;283.33;((108394, 108486), (108417, 108440, 108463));
5;0.937500000000000;108417;11;336.97;((108394, 108486), (108417, 108440, 108463));
5;0.968750000000000;108417;11;340.56;((108394, 108486), (108417, 108440, 108463));
5;0.984375000000000;108417;0;141.65;((108394, 108486), (108417, 108440, 108463));
5;0.976562500000000;108417;0;148.13;((108394, 108486), (108417, 108440, 108463));
5;0.972656250000000;108417;2;307.19;((108394, 108486), (108417, 108440, 108463));
5;0.970703125000000;108417;11;332.70;((108394, 108486), (108417, 108440, 108463));
5;0.971679687500000;108417;6;301.44;((108394, 108486), (108417, 108440, 108463));
5;0.972167968750000;108417;2;292.71;((108394, 108486), (108417, 108440, 108463));
5;0.971923828125000;108417;4;295.91;((108394, 108486), (108417, 108440, 108463));
5;0.971801757812500;108417;6;306.84;((108394, 108486), (108417, 108440, 108463));
5;0.971862792968750;108417;4;298.17;((108394, 108486), (108417, 108440, 108463));
5;0.971832275390625;108417;8;301.88;((108394, 108486), (108417, 108440, 108463));
5;0.971847534179688;108417;3;305.33;((108394, 108486), (108417, 108440, 108463));
5;0.971839904785156;108417;6;310.17;((108394, 108486), (108417, 108440, 108463));
5;0.971843719482422;108417;5;299.43;((108394, 108486), (108417, 108440, 108463));
5;0.971841812133789;108417;7;310.11;((108394, 108486), (108417, 108440, 108463));
5;0.971842765808105;108417;7;301.70;((108394, 108486), (108417, 108440, 108463));
5;0.500000000000000;108440;11;167.66;((108394, 108486), (108417, 108440, 108463));
5;0.750000000000000;108440;11;242.69;((108394, 108486), (108417, 108440, 108463));
5;0.875000000000000;108440;11;285.20;((108394, 108486), (108417, 108440, 108463));
5;0.937500000000000;108440;11;302.05;((108394, 108486), (108417, 108440, 108463));
5;0.968750000000000;108440;0;210.45;((108394, 108486), (108417, 108440, 108463));
5;0.953125000000000;108440;11;309.84;((108394, 108486), (108417, 108440, 108463));
5;0.960937500000000;108440;11;312.37;((108394, 108486), (108417, 108440, 108463));
5;0.964843750000000;108440;10;308.47;((108394, 108486), (108417, 108440, 108463));
5;0.966796875000000;108440;3;293.97;((108394, 108486), (108417, 108440, 108463));
5;0.965820312500000;108440;9;319.81;((108394, 108486), (108417, 108440, 108463));
5;0.966308593750000;108440;5;297.12;((108394, 108486), (108417, 108440, 108463));
5;0.966064453125000;108440;8;302.31;((108394, 108486), (108417, 108440, 108463));
5;0.966186523437500;108440;9;308.22;((108394, 108486), (108417, 108440, 108463));
5;0.966247558593750;108440;11;317.01;((108394, 108486), (108417, 108440, 108463));
5;0.966278076171875;108440;9;305.68;((108394, 108486), (108417, 108440, 108463));
5;0.966293334960938;108440;6;300.83;((108394, 108486), (108417, 108440, 108463));
5;0.966300964355469;108440;8;302.73;((108394, 108486), (108417, 108440, 108463));
5;0.966304779052734;108440;10;310.69;((108394, 108486), (108417, 108440, 108463));
5;0.966306686401367;108440;6;311.79;((108394, 108486), (108417, 108440, 108463));
5;0.966307640075684;108440;10;309.85;((108394, 108486), (108417, 108440, 108463));
5;0.500000000000000;108463;11;170.07;((108394, 108486), (108417, 108440, 108463));
5;0.750000000000000;108463;11;260.84;((108394, 108486), (108417, 108440, 108463));
5;0.875000000000000;108463;11;287.60;((108394, 108486), (108417, 108440, 108463));
5;0.937500000000000;108463;11;304.94;((108394, 108486), (108417, 108440, 108463));
5;0.968750000000000;108463;11;315.78;((108394, 108486), (108417, 108440, 108463));
5;0.984375000000000;108463;0;131.83;((108394, 108486), (108417, 108440, 108463));
5;0.976562500000000;108463;0;132.85;((108394, 108486), (108417, 108440, 108463));
5;0.972656250000000;108463;0;188.79;((108394, 108486), (108417, 108440, 108463));
5;0.970703125000000;108463;10;313.40;((108394, 108486), (108417, 108440, 108463));
5;0.971679687500000;108463;7;302.22;((108394, 108486), (108417, 108440, 108463));
5;0.972167968750000;108463;5;300.17;((108394, 108486), (108417, 108440, 108463));
5;0.971923828125000;108463;4;296.47;((108394, 108486), (108417, 108440, 108463));
5;0.971801757812500;108463;8;302.88;((108394, 108486), (108417, 108440, 108463));
5;0.971862792968750;108463;4;297.00;((108394, 108486), (108417, 108440, 108463));
5;0.971832275390625;108463;4;303.32;((108394, 108486), (108417, 108440, 108463));
5;0.971817016601562;108463;5;311.12;((108394, 108486), (108417, 108440, 108463));
5;0.971809387207031;108463;4;296.15;((108394, 108486), (108417, 108440, 108463));
5;0.971805572509766;108463;7;301.79;((108394, 108486), (108417, 108440, 108463));
5;0.971807479858398;108463;4;299.94;((108394, 108486), (108417, 108440, 108463));
5;0.971806526184082;108463;8;305.44;((108394, 108486), (108417, 108440, 108463));
