5;0.500000000000000;1250000;11;70.08;((0, 5000000), (1250000, 2500000, 3750000));
5;0.750000000000000;1250000;0;61.97;((0, 5000000), (1250000, 2500000, 3750000));
5;0.625000000000000;1250000;11;84.07;((0, 5000000), (1250000, 2500000, 3750000));
5;0.687500000000000;1250000;11;92.98;((0, 5000000), (1250000, 2500000, 3750000));
5;0.718750000000000;1250000;11;96.96;((0, 5000000), (1250000, 2500000, 3750000));
5;0.734375000000000;1250000;11;101.40;((0, 5000000), (1250000, 2500000, 3750000));
5;0.742187500000000;1250000;1;93.35;((0, 5000000), (1250000, 2500000, 3750000));
5;0.738281250000000;1250000;11;99.97;((0, 5000000), (1250000, 2500000, 3750000));
5;0.740234375000000;1250000;11;98.68;((0, 5000000), (1250000, 2500000, 3750000));
5;0.741210937500000;1250000;6;96.89;((0, 5000000), (1250000, 2500000, 3750000));
5;0.741699218750000;1250000;6;96.75;((0, 5000000), (1250000, 2500000, 3750000));
5;0.741943359375000;1250000;1;93.70;((0, 5000000), (1250000, 2500000, 3750000));
5;0.741821289062500;1250000;0;56.31;((0, 5000000), (1250000, 2500000, 3750000));
5;0.741760253906250;1250000;5;96.43;((0, 5000000), (1250000, 2500000, 3750000));
5;0.741729736328125;1250000;4;95.32;((0, 5000000), (1250000, 2500000, 3750000));
5;0.741714477539062;1250000;3;94.52;((0, 5000000), (1250000, 2500000, 3750000));
5;0.741706848144531;1250000;1;92.94;((0, 5000000), (1250000, 2500000, 3750000));
5;0.741703033447266;1250000;2;93.49;((0, 5000000), (1250000, 2500000, 3750000));
5;0.741701126098633;1250000;5;96.45;((0, 5000000), (1250000, 2500000, 3750000));
5;0.741700172424316;1250000;3;94.71;((0, 5000000), (1250000, 2500000, 3750000));
5;0.500000000000000;2500000;11;69.29;((0, 5000000), (1250000, 2500000, 3750000));
5;0.750000000000000;2500000;0;47.70;((0, 5000000), (1250000, 2500000, 3750000));
5;0.625000000000000;2500000;0;46.68;((0, 5000000), (1250000, 2500000, 3750000));
5;0.562500000000000;2500000;11;77.02;((0, 5000000), (1250000, 2500000, 3750000));
5;0.593750000000000;2500000;11;80.83;((0, 5000000), (1250000, 2500000, 3750000));
5;0.609375000000000;2500000;11;83.69;((0, 5000000), (1250000, 2500000, 3750000));
5;0.617187500000000;2500000;0;48.06;((0, 5000000), (1250000, 2500000, 3750000));
5;0.613281250000000;2500000;11;83.33;((0, 5000000), (1250000, 2500000, 3750000));
5;0.615234375000000;2500000;11;83.84;((0, 5000000), (1250000, 2500000, 3750000));
5;0.616210937500000;2500000;1;78.87;((0, 5000000), (1250000, 2500000, 3750000));
5;0.615722656250000;2500000;10;83.17;((0, 5000000), (1250000, 2500000, 3750000));
5;0.615966796875000;2500000;6;82.57;((0, 5000000), (1250000, 2500000, 3750000));
5;0.616088867187500;2500000;3;86.73;((0, 5000000), (1250000, 2500000, 3750000));
5;0.616027832031250;2500000;1;83.42;((0, 5000000), (1250000, 2500000, 3750000));
5;0.615997314453125;2500000;2;82.13;((0, 5000000), (1250000, 2500000, 3750000));
5;0.615982055664062;2500000;6;82.44;((0, 5000000), (1250000, 2500000, 3750000));
5;0.615989685058594;2500000;5;82.76;((0, 5000000), (1250000, 2500000, 3750000));
5;0.615985870361328;2500000;7;83.42;((0, 5000000), (1250000, 2500000, 3750000));
5;0.615987777709961;2500000;5;83.28;((0, 5000000), (1250000, 2500000, 3750000));
5;0.615986824035645;2500000;4;82.94;((0, 5000000), (1250000, 2500000, 3750000));
5;0.500000000000000;3750000;11;71.83;((0, 5000000), (1250000, 2500000, 3750000));
5;0.750000000000000;3750000;0;46.21;((0, 5000000), (1250000, 2500000, 3750000));
5;0.625000000000000;3750000;0;45.11;((0, 5000000), (1250000, 2500000, 3750000));
5;0.562500000000000;3750000;11;79.79;((0, 5000000), (1250000, 2500000, 3750000));
5;0.593750000000000;3750000;11;86.43;((0, 5000000), (1250000, 2500000, 3750000));
5;0.609375000000000;3750000;0;46.12;((0, 5000000), (1250000, 2500000, 3750000));
5;0.601562500000000;3750000;11;84.25;((0, 5000000), (1250000, 2500000, 3750000));
5;0.605468750000000;3750000;11;86.34;((0, 5000000), (1250000, 2500000, 3750000));
5;0.607421875000000;3750000;5;81.35;((0, 5000000), (1250000, 2500000, 3750000));
5;0.606445312500000;3750000;11;84.36;((0, 5000000), (1250000, 2500000, 3750000));
5;0.606933593750000;3750000;11;84.19;((0, 5000000), (1250000, 2500000, 3750000));
5;0.607177734375000;3750000;11;84.54;((0, 5000000), (1250000, 2500000, 3750000));
5;0.607299804687500;3750000;7;83.29;((0, 5000000), (1250000, 2500000, 3750000));
5;0.607360839843750;3750000;6;81.35;((0, 5000000), (1250000, 2500000, 3750000));
5;0.607391357421875;3750000;6;81.39;((0, 5000000), (1250000, 2500000, 3750000));
5;0.607406616210938;3750000;4;80.56;((0, 5000000), (1250000, 2500000, 3750000));
5;0.607398986816406;3750000;5;81.89;((0, 5000000), (1250000, 2500000, 3750000));
5;0.607395172119141;3750000;3;81.16;((0, 5000000), (1250000, 2500000, 3750000));
5;0.607393264770508;3750000;6;85.27;((0, 5000000), (1250000, 2500000, 3750000));
5;0.607394218444824;3750000;1;81.00;((0, 5000000), (1250000, 2500000, 3750000));
5;0.500000000000000;625000;11;69.82;((0, 2500000), (625000, 1250000, 1875000));
5;0.750000000000000;625000;11;101.30;((0, 2500000), (625000, 1250000, 1875000));
5;0.875000000000000;625000;0;53.25;((0, 2500000), (625000, 1250000, 1875000));
5;0.812500000000000;625000;11;110.81;((0, 2500000), (625000, 1250000, 1875000));
5;0.843750000000000;625000;11;113.90;((0, 2500000), (625000, 1250000, 1875000));
5;0.859375000000000;625000;11;116.29;((0, 2500000), (625000, 1250000, 1875000));
5;0.867187500000000;625000;0;53.95;((0, 2500000), (625000, 1250000, 1875000));
5;0.863281250000000;625000;0;65.71;((0, 2500000), (625000, 1250000, 1875000));
5;0.861328125000000;625000;10;114.24;((0, 2500000), (625000, 1250000, 1875000));
5;0.862304687500000;625000;3;111.31;((0, 2500000), (625000, 1250000, 1875000));
5;0.861816406250000;625000;7;112.18;((0, 2500000), (625000, 1250000, 1875000));
5;0.862060546875000;625000;6;111.86;((0, 2500000), (625000, 1250000, 1875000));
5;0.862182617187500;625000;8;112.26;((0, 2500000), (625000, 1250000, 1875000));
5;0.862243652343750;625000;4;111.36;((0, 2500000), (625000, 1250000, 1875000));
5;0.862213134765625;625000;6;112.14;((0, 2500000), (625000, 1250000, 1875000));
5;0.862228393554688;625000;4;112.20;((0, 2500000), (625000, 1250000, 1875000));
5;0.862220764160156;625000;9;112.94;((0, 2500000), (625000, 1250000, 1875000));
5;0.862224578857422;625000;3;109.96;((0, 2500000), (625000, 1250000, 1875000));
5;0.862222671508789;625000;2;110.68;((0, 2500000), (625000, 1250000, 1875000));
5;0.862221717834473;625000;3;111.07;((0, 2500000), (625000, 1250000, 1875000));
5;0.500000000000000;1875000;11;70.91;((0, 2500000), (625000, 1250000, 1875000));
5;0.750000000000000;1875000;0;49.78;((0, 2500000), (625000, 1250000, 1875000));
5;0.625000000000000;1875000;11;85.94;((0, 2500000), (625000, 1250000, 1875000));
5;0.687500000000000;1875000;0;48.83;((0, 2500000), (625000, 1250000, 1875000));
5;0.656250000000000;1875000;0;50.27;((0, 2500000), (625000, 1250000, 1875000));
5;0.640625000000000;1875000;11;89.54;((0, 2500000), (625000, 1250000, 1875000));
5;0.648437500000000;1875000;10;90.30;((0, 2500000), (625000, 1250000, 1875000));
5;0.652343750000000;1875000;0;50.98;((0, 2500000), (625000, 1250000, 1875000));
5;0.650390625000000;1875000;0;53.32;((0, 2500000), (625000, 1250000, 1875000));
5;0.649414062500000;1875000;0;51.40;((0, 2500000), (625000, 1250000, 1875000));
5;0.648925781250000;1875000;3;86.47;((0, 2500000), (625000, 1250000, 1875000));
5;0.648681640625000;1875000;7;87.81;((0, 2500000), (625000, 1250000, 1875000));
5;0.648803710937500;1875000;5;86.94;((0, 2500000), (625000, 1250000, 1875000));
5;0.648742675781250;1875000;6;87.36;((0, 2500000), (625000, 1250000, 1875000));
5;0.648773193359375;1875000;6;87.43;((0, 2500000), (625000, 1250000, 1875000));
5;0.648788452148438;1875000;6;87.03;((0, 2500000), (625000, 1250000, 1875000));
5;0.648796081542969;1875000;5;87.27;((0, 2500000), (625000, 1250000, 1875000));
5;0.648792266845703;1875000;6;87.46;((0, 2500000), (625000, 1250000, 1875000));
5;0.648794174194336;1875000;7;88.05;((0, 2500000), (625000, 1250000, 1875000));
5;0.648795127868652;1875000;6;87.63;((0, 2500000), (625000, 1250000, 1875000));
5;0.500000000000000;312500;11;71.08;((0, 1250000), (312500, 625000, 937500));
5;0.750000000000000;312500;11;101.74;((0, 1250000), (312500, 625000, 937500));
5;0.875000000000000;312500;11;117.09;((0, 1250000), (312500, 625000, 937500));
5;0.937500000000000;312500;0;53.42;((0, 1250000), (312500, 625000, 937500));
5;0.906250000000000;312500;11;126.54;((0, 1250000), (312500, 625000, 937500));
5;0.921875000000000;312500;2;116.00;((0, 1250000), (312500, 625000, 937500));
5;0.914062500000000;312500;11;122.83;((0, 1250000), (312500, 625000, 937500));
5;0.917968750000000;312500;11;122.25;((0, 1250000), (312500, 625000, 937500));
5;0.919921875000000;312500;10;120.87;((0, 1250000), (312500, 625000, 937500));
5;0.920898437500000;312500;4;117.71;((0, 1250000), (312500, 625000, 937500));
5;0.920410156250000;312500;10;121.27;((0, 1250000), (312500, 625000, 937500));
5;0.920654296875000;312500;8;119.56;((0, 1250000), (312500, 625000, 937500));
5;0.920776367187500;312500;8;120.12;((0, 1250000), (312500, 625000, 937500));
5;0.920837402343750;312500;9;119.42;((0, 1250000), (312500, 625000, 937500));
5;0.920867919921875;312500;9;119.84;((0, 1250000), (312500, 625000, 937500));
5;0.920883178710938;312500;8;119.58;((0, 1250000), (312500, 625000, 937500));
5;0.920890808105469;312500;6;130.52;((0, 1250000), (312500, 625000, 937500));
5;0.920894622802734;312500;9;120.35;((0, 1250000), (312500, 625000, 937500));
5;0.920896530151367;312500;9;120.42;((0, 1250000), (312500, 625000, 937500));
5;0.920897483825684;312500;9;119.86;((0, 1250000), (312500, 625000, 937500));
5;0.500000000000000;937500;11;71.76;((0, 1250000), (312500, 625000, 937500));
5;0.750000000000000;937500;11;102.60;((0, 1250000), (312500, 625000, 937500));
5;0.875000000000000;937500;0;52.05;((0, 1250000), (312500, 625000, 937500));
5;0.812500000000000;937500;0;52.58;((0, 1250000), (312500, 625000, 937500));
5;0.781250000000000;937500;11;106.59;((0, 1250000), (312500, 625000, 937500));
5;0.796875000000000;937500;11;124.68;((0, 1250000), (312500, 625000, 937500));
5;0.804687500000000;937500;0;54.02;((0, 1250000), (312500, 625000, 937500));
5;0.800781250000000;937500;10;107.14;((0, 1250000), (312500, 625000, 937500));
5;0.802734375000000;937500;0;62.14;((0, 1250000), (312500, 625000, 937500));
5;0.801757812500000;937500;6;104.72;((0, 1250000), (312500, 625000, 937500));
5;0.802246093750000;937500;1;103.37;((0, 1250000), (312500, 625000, 937500));
5;0.802001953125000;937500;4;104.21;((0, 1250000), (312500, 625000, 937500));
5;0.801879882812500;937500;7;105.55;((0, 1250000), (312500, 625000, 937500));
5;0.801940917968750;937500;3;104.05;((0, 1250000), (312500, 625000, 937500));
5;0.801910400390625;937500;2;103.08;((0, 1250000), (312500, 625000, 937500));
5;0.801895141601562;937500;4;104.22;((0, 1250000), (312500, 625000, 937500));
5;0.801887512207031;937500;5;104.73;((0, 1250000), (312500, 625000, 937500));
5;0.801883697509766;937500;5;104.09;((0, 1250000), (312500, 625000, 937500));
5;0.801881790161133;937500;3;103.02;((0, 1250000), (312500, 625000, 937500));
5;0.801880836486816;937500;5;104.76;((0, 1250000), (312500, 625000, 937500));
5;0.500000000000000;156250;11;70.52;((0, 625000), (156250, 312500, 468750));
5;0.750000000000000;156250;11;100.60;((0, 625000), (156250, 312500, 468750));
5;0.875000000000000;156250;11;115.93;((0, 625000), (156250, 312500, 468750));
5;0.937500000000000;156250;11;124.17;((0, 625000), (156250, 312500, 468750));
5;0.968750000000000;156250;0;52.85;((0, 625000), (156250, 312500, 468750));
5;0.953125000000000;156250;0;60.09;((0, 625000), (156250, 312500, 468750));
5;0.945312500000000;156250;11;125.37;((0, 625000), (156250, 312500, 468750));
5;0.949218750000000;156250;2;120.18;((0, 625000), (156250, 312500, 468750));
5;0.947265625000000;156250;9;123.34;((0, 625000), (156250, 312500, 468750));
5;0.948242187500000;156250;4;120.14;((0, 625000), (156250, 312500, 468750));
5;0.947753906250000;156250;7;122.55;((0, 625000), (156250, 312500, 468750));
5;0.947998046875000;156250;9;122.81;((0, 625000), (156250, 312500, 468750));
5;0.948120117187500;156250;7;120.35;((0, 625000), (156250, 312500, 468750));
5;0.948181152343750;156250;11;123.90;((0, 625000), (156250, 312500, 468750));
5;0.948211669921875;156250;7;126.82;((0, 625000), (156250, 312500, 468750));
5;0.948226928710938;156250;7;121.38;((0, 625000), (156250, 312500, 468750));
5;0.948234558105469;156250;8;122.26;((0, 625000), (156250, 312500, 468750));
5;0.948238372802734;156250;9;122.15;((0, 625000), (156250, 312500, 468750));
5;0.948240280151367;156250;8;121.61;((0, 625000), (156250, 312500, 468750));
5;0.948241233825684;156250;9;122.99;((0, 625000), (156250, 312500, 468750));
5;0.500000000000000;468750;11;70.26;((0, 625000), (156250, 312500, 468750));
5;0.750000000000000;468750;11;102.55;((0, 625000), (156250, 312500, 468750));
5;0.875000000000000;468750;11;119.76;((0, 625000), (156250, 312500, 468750));
5;0.937500000000000;468750;0;53.37;((0, 625000), (156250, 312500, 468750));
5;0.906250000000000;468750;0;53.36;((0, 625000), (156250, 312500, 468750));
5;0.890625000000000;468750;11;119.63;((0, 625000), (156250, 312500, 468750));
5;0.898437500000000;468750;0;53.11;((0, 625000), (156250, 312500, 468750));
5;0.894531250000000;468750;0;61.72;((0, 625000), (156250, 312500, 468750));
5;0.892578125000000;468750;1;113.48;((0, 625000), (156250, 312500, 468750));
5;0.891601562500000;468750;8;116.34;((0, 625000), (156250, 312500, 468750));
5;0.892089843750000;468750;6;115.86;((0, 625000), (156250, 312500, 468750));
5;0.892333984375000;468750;3;113.75;((0, 625000), (156250, 312500, 468750));
5;0.892211914062500;468750;3;115.04;((0, 625000), (156250, 312500, 468750));
5;0.892150878906250;468750;1;111.94;((0, 625000), (156250, 312500, 468750));
5;0.892120361328125;468750;3;114.22;((0, 625000), (156250, 312500, 468750));
5;0.892105102539062;468750;6;115.30;((0, 625000), (156250, 312500, 468750));
5;0.892112731933594;468750;5;115.06;((0, 625000), (156250, 312500, 468750));
5;0.892108917236328;468750;5;115.47;((0, 625000), (156250, 312500, 468750));
5;0.892107009887695;468750;4;114.50;((0, 625000), (156250, 312500, 468750));
5;0.892106056213379;468750;3;113.88;((0, 625000), (156250, 312500, 468750));
5;0.500000000000000;78125;11;69.45;((0, 312500), (78125, 156250, 234375));
5;0.750000000000000;78125;11;99.66;((0, 312500), (78125, 156250, 234375));
5;0.875000000000000;78125;11;114.60;((0, 312500), (78125, 156250, 234375));
5;0.937500000000000;78125;11;124.28;((0, 312500), (78125, 156250, 234375));
5;0.968750000000000;78125;0;58.60;((0, 312500), (78125, 156250, 234375));
5;0.953125000000000;78125;11;125.95;((0, 312500), (78125, 156250, 234375));
5;0.960937500000000;78125;11;126.22;((0, 312500), (78125, 156250, 234375));
5;0.964843750000000;78125;1;120.27;((0, 312500), (78125, 156250, 234375));
5;0.962890625000000;78125;11;125.69;((0, 312500), (78125, 156250, 234375));
5;0.963867187500000;78125;7;122.51;((0, 312500), (78125, 156250, 234375));
5;0.964355468750000;78125;5;121.98;((0, 312500), (78125, 156250, 234375));
5;0.964111328125000;78125;4;123.46;((0, 312500), (78125, 156250, 234375));
5;0.963989257812500;78125;6;121.34;((0, 312500), (78125, 156250, 234375));
5;0.964050292968750;78125;6;124.78;((0, 312500), (78125, 156250, 234375));
5;0.964080810546875;78125;5;121.50;((0, 312500), (78125, 156250, 234375));
5;0.964065551757812;78125;5;120.30;((0, 312500), (78125, 156250, 234375));
5;0.964057922363281;78125;5;121.40;((0, 312500), (78125, 156250, 234375));
5;0.964054107666016;78125;6;122.22;((0, 312500), (78125, 156250, 234375));
5;0.964056015014648;78125;6;122.68;((0, 312500), (78125, 156250, 234375));
5;0.964056968688965;78125;3;128.78;((0, 312500), (78125, 156250, 234375));
5;0.500000000000000;234375;11;70.09;((0, 312500), (78125, 156250, 234375));
5;0.750000000000000;234375;11;100.13;((0, 312500), (78125, 156250, 234375));
5;0.875000000000000;234375;11;117.10;((0, 312500), (78125, 156250, 234375));
5;0.937500000000000;234375;11;127.92;((0, 312500), (78125, 156250, 234375));
5;0.968750000000000;234375;0;52.82;((0, 312500), (78125, 156250, 234375));
5;0.953125000000000;234375;0;52.92;((0, 312500), (78125, 156250, 234375));
5;0.945312500000000;234375;0;55.03;((0, 312500), (78125, 156250, 234375));
5;0.941406250000000;234375;1;117.95;((0, 312500), (78125, 156250, 234375));
5;0.939453125000000;234375;8;120.56;((0, 312500), (78125, 156250, 234375));
5;0.940429687500000;234375;2;118.44;((0, 312500), (78125, 156250, 234375));
5;0.939941406250000;234375;8;125.50;((0, 312500), (78125, 156250, 234375));
5;0.940185546875000;234375;3;119.66;((0, 312500), (78125, 156250, 234375));
5;0.940063476562500;234375;5;119.52;((0, 312500), (78125, 156250, 234375));
5;0.940002441406250;234375;2;118.49;((0, 312500), (78125, 156250, 234375));
5;0.939971923828125;234375;3;119.73;((0, 312500), (78125, 156250, 234375));
5;0.939956665039062;234375;7;120.33;((0, 312500), (78125, 156250, 234375));
5;0.939964294433594;234375;6;121.15;((0, 312500), (78125, 156250, 234375));
5;0.939968109130859;234375;7;120.68;((0, 312500), (78125, 156250, 234375));
5;0.939970016479492;234375;4;119.07;((0, 312500), (78125, 156250, 234375));
5;0.939969062805176;234375;5;120.99;((0, 312500), (78125, 156250, 234375));
5;0.500000000000000;39062;11;68.59;((0, 156250), (39062, 78124, 117186));
5;0.750000000000000;39062;11;98.60;((0, 156250), (39062, 78124, 117186));
5;0.875000000000000;39062;11;113.26;((0, 156250), (39062, 78124, 117186));
5;0.937500000000000;39062;11;122.51;((0, 156250), (39062, 78124, 117186));
5;0.968750000000000;39062;0;55.50;((0, 156250), (39062, 78124, 117186));
5;0.953125000000000;39062;11;124.07;((0, 156250), (39062, 78124, 117186));
5;0.960937500000000;39062;1;117.40;((0, 156250), (39062, 78124, 117186));
5;0.957031250000000;39062;11;123.51;((0, 156250), (39062, 78124, 117186));
5;0.958984375000000;39062;9;120.48;((0, 156250), (39062, 78124, 117186));
5;0.959960937500000;39062;5;118.75;((0, 156250), (39062, 78124, 117186));
5;0.959472656250000;39062;5;120.21;((0, 156250), (39062, 78124, 117186));
5;0.959228515625000;39062;6;119.77;((0, 156250), (39062, 78124, 117186));
5;0.959350585937500;39062;5;119.98;((0, 156250), (39062, 78124, 117186));
5;0.959289550781250;39062;4;121.13;((0, 156250), (39062, 78124, 117186));
5;0.959259033203125;39062;5;123.11;((0, 156250), (39062, 78124, 117186));
5;0.959243774414062;39062;7;125.97;((0, 156250), (39062, 78124, 117186));
5;0.959251403808594;39062;8;120.84;((0, 156250), (39062, 78124, 117186));
5;0.959255218505859;39062;6;121.34;((0, 156250), (39062, 78124, 117186));
5;0.959257125854492;39062;8;122.54;((0, 156250), (39062, 78124, 117186));
5;0.959258079528809;39062;7;121.39;((0, 156250), (39062, 78124, 117186));
5;0.500000000000000;78124;11;67.96;((0, 156250), (39062, 78124, 117186));
5;0.750000000000000;78124;11;98.95;((0, 156250), (39062, 78124, 117186));
5;0.875000000000000;78124;11;115.64;((0, 156250), (39062, 78124, 117186));
5;0.937500000000000;78124;11;122.47;((0, 156250), (39062, 78124, 117186));
5;0.968750000000000;78124;0;54.21;((0, 156250), (39062, 78124, 117186));
5;0.953125000000000;78124;11;124.36;((0, 156250), (39062, 78124, 117186));
5;0.960937500000000;78124;0;65.67;((0, 156250), (39062, 78124, 117186));
5;0.957031250000000;78124;11;126.61;((0, 156250), (39062, 78124, 117186));
5;0.958984375000000;78124;7;122.10;((0, 156250), (39062, 78124, 117186));
5;0.959960937500000;78124;2;119.80;((0, 156250), (39062, 78124, 117186));
5;0.959472656250000;78124;2;121.19;((0, 156250), (39062, 78124, 117186));
5;0.959228515625000;78124;7;121.61;((0, 156250), (39062, 78124, 117186));
5;0.959350585937500;78124;3;120.41;((0, 156250), (39062, 78124, 117186));
5;0.959289550781250;78124;7;121.70;((0, 156250), (39062, 78124, 117186));
5;0.959320068359375;78124;4;121.64;((0, 156250), (39062, 78124, 117186));
5;0.959304809570312;78124;6;121.58;((0, 156250), (39062, 78124, 117186));
5;0.959312438964844;78124;6;120.41;((0, 156250), (39062, 78124, 117186));
5;0.959316253662109;78124;6;121.93;((0, 156250), (39062, 78124, 117186));
5;0.959318161010742;78124;6;121.03;((0, 156250), (39062, 78124, 117186));
5;0.959319114685059;78124;4;120.31;((0, 156250), (39062, 78124, 117186));
5;0.500000000000000;117186;11;69.46;((0, 156250), (39062, 78124, 117186));
5;0.750000000000000;117186;11;100.63;((0, 156250), (39062, 78124, 117186));
5;0.875000000000000;117186;11;115.58;((0, 156250), (39062, 78124, 117186));
5;0.937500000000000;117186;11;123.82;((0, 156250), (39062, 78124, 117186));
5;0.968750000000000;117186;0;52.45;((0, 156250), (39062, 78124, 117186));
5;0.953125000000000;117186;11;125.61;((0, 156250), (39062, 78124, 117186));
5;0.960937500000000;117186;0;78.06;((0, 156250), (39062, 78124, 117186));
5;0.957031250000000;117186;11;125.54;((0, 156250), (39062, 78124, 117186));
5;0.958984375000000;117186;6;121.72;((0, 156250), (39062, 78124, 117186));
5;0.959960937500000;117186;3;120.62;((0, 156250), (39062, 78124, 117186));
5;0.959472656250000;117186;6;123.61;((0, 156250), (39062, 78124, 117186));
5;0.959716796875000;117186;4;121.25;((0, 156250), (39062, 78124, 117186));
5;0.959594726562500;117186;8;123.34;((0, 156250), (39062, 78124, 117186));
5;0.959655761718750;117186;3;120.47;((0, 156250), (39062, 78124, 117186));
5;0.959625244140625;117186;5;120.65;((0, 156250), (39062, 78124, 117186));
5;0.959609985351562;117186;0;85.54;((0, 156250), (39062, 78124, 117186));
5;0.959602355957031;117186;3;120.97;((0, 156250), (39062, 78124, 117186));
5;0.959598541259766;117186;4;119.66;((0, 156250), (39062, 78124, 117186));
5;0.959596633911133;117186;4;120.93;((0, 156250), (39062, 78124, 117186));
5;0.959595680236816;117186;4;121.35;((0, 156250), (39062, 78124, 117186));
5;0.500000000000000;97655;11;69.40;((78124, 156250), (97655, 117186, 136717));
5;0.750000000000000;97655;11;100.69;((78124, 156250), (97655, 117186, 136717));
5;0.875000000000000;97655;11;114.60;((78124, 156250), (97655, 117186, 136717));
5;0.937500000000000;97655;11;123.71;((78124, 156250), (97655, 117186, 136717));
5;0.968750000000000;97655;0;60.66;((78124, 156250), (97655, 117186, 136717));
5;0.953125000000000;97655;11;126.06;((78124, 156250), (97655, 117186, 136717));
5;0.960937500000000;97655;9;123.14;((78124, 156250), (97655, 117186, 136717));
5;0.964843750000000;97655;0;78.55;((78124, 156250), (97655, 117186, 136717));
5;0.962890625000000;97655;3;119.47;((78124, 156250), (97655, 117186, 136717));
5;0.961914062500000;97655;9;123.39;((78124, 156250), (97655, 117186, 136717));
5;0.962402343750000;97655;3;121.21;((78124, 156250), (97655, 117186, 136717));
5;0.962158203125000;97655;5;121.21;((78124, 156250), (97655, 117186, 136717));
5;0.962036132812500;97655;7;124.60;((78124, 156250), (97655, 117186, 136717));
5;0.962097167968750;97655;4;121.77;((78124, 156250), (97655, 117186, 136717));
5;0.962066650390625;97655;3;120.54;((78124, 156250), (97655, 117186, 136717));
5;0.962051391601562;97655;7;121.79;((78124, 156250), (97655, 117186, 136717));
5;0.962059020996094;97655;8;124.18;((78124, 156250), (97655, 117186, 136717));
5;0.962062835693359;97655;5;122.24;((78124, 156250), (97655, 117186, 136717));
5;0.962060928344727;97655;6;122.79;((78124, 156250), (97655, 117186, 136717));
5;0.962061882019043;97655;7;121.91;((78124, 156250), (97655, 117186, 136717));
5;0.500000000000000;136717;11;69.87;((78124, 156250), (97655, 117186, 136717));
5;0.750000000000000;136717;11;99.81;((78124, 156250), (97655, 117186, 136717));
5;0.875000000000000;136717;11;116.11;((78124, 156250), (97655, 117186, 136717));
5;0.937500000000000;136717;11;123.59;((78124, 156250), (97655, 117186, 136717));
5;0.968750000000000;136717;0;52.52;((78124, 156250), (97655, 117186, 136717));
5;0.953125000000000;136717;11;127.06;((78124, 156250), (97655, 117186, 136717));
5;0.960937500000000;136717;0;56.53;((78124, 156250), (97655, 117186, 136717));
5;0.957031250000000;136717;2;120.00;((78124, 156250), (97655, 117186, 136717));
5;0.955078125000000;136717;11;125.97;((78124, 156250), (97655, 117186, 136717));
5;0.956054687500000;136717;7;121.13;((78124, 156250), (97655, 117186, 136717));
5;0.956542968750000;136717;9;123.38;((78124, 156250), (97655, 117186, 136717));
5;0.956787109375000;136717;5;121.55;((78124, 156250), (97655, 117186, 136717));
5;0.956665039062500;136717;3;120.20;((78124, 156250), (97655, 117186, 136717));
5;0.956604003906250;136717;7;122.18;((78124, 156250), (97655, 117186, 136717));
5;0.956634521484375;136717;5;121.55;((78124, 156250), (97655, 117186, 136717));
5;0.956619262695312;136717;5;122.37;((78124, 156250), (97655, 117186, 136717));
5;0.956611633300781;136717;6;121.18;((78124, 156250), (97655, 117186, 136717));
5;0.956615447998047;136717;9;122.99;((78124, 156250), (97655, 117186, 136717));
5;0.956617355346680;136717;8;121.33;((78124, 156250), (97655, 117186, 136717));
5;0.956618309020996;136717;6;122.16;((78124, 156250), (97655, 117186, 136717));
5;0.500000000000000;87889;11;70.33;((78124, 117186), (87889, 97654, 107419));
5;0.750000000000000;87889;11;99.99;((78124, 117186), (87889, 97654, 107419));
5;0.875000000000000;87889;11;114.78;((78124, 117186), (87889, 97654, 107419));
5;0.937500000000000;87889;11;123.53;((78124, 117186), (87889, 97654, 107419));
5;0.968750000000000;87889;0;58.51;((78124, 117186), (87889, 97654, 107419));
5;0.953125000000000;87889;11;153.45;((78124, 117186), (87889, 97654, 107419));
5;0.960937500000000;87889;11;127.15;((78124, 117186), (87889, 97654, 107419));
5;0.964843750000000;87889;0;82.83;((78124, 117186), (87889, 97654, 107419));
5;0.962890625000000;87889;5;121.81;((78124, 117186), (87889, 97654, 107419));
5;0.961914062500000;87889;10;123.24;((78124, 117186), (87889, 97654, 107419));
5;0.962402343750000;87889;9;127.87;((78124, 117186), (87889, 97654, 107419));
5;0.962646484375000;87889;8;122.22;((78124, 117186), (87889, 97654, 107419));
5;0.962768554687500;87889;9;123.32;((78124, 117186), (87889, 97654, 107419));
5;0.962829589843750;87889;6;121.51;((78124, 117186), (87889, 97654, 107419));
5;0.962860107421875;87889;6;121.56;((78124, 117186), (87889, 97654, 107419));
5;0.962875366210938;87889;9;121.87;((78124, 117186), (87889, 97654, 107419));
5;0.962882995605469;87889;6;121.64;((78124, 117186), (87889, 97654, 107419));
5;0.962886810302734;87889;5;121.77;((78124, 117186), (87889, 97654, 107419));
5;0.962884902954102;87889;7;121.73;((78124, 117186), (87889, 97654, 107419));
5;0.962885856628418;87889;6;121.91;((78124, 117186), (87889, 97654, 107419));
5;0.500000000000000;97654;11;70.02;((78124, 117186), (87889, 97654, 107419));
5;0.750000000000000;97654;11;100.24;((78124, 117186), (87889, 97654, 107419));
5;0.875000000000000;97654;11;116.27;((78124, 117186), (87889, 97654, 107419));
5;0.937500000000000;97654;11;122.95;((78124, 117186), (87889, 97654, 107419));
5;0.968750000000000;97654;0;53.30;((78124, 117186), (87889, 97654, 107419));
5;0.953125000000000;97654;11;125.60;((78124, 117186), (87889, 97654, 107419));
5;0.960937500000000;97654;0;59.60;((78124, 117186), (87889, 97654, 107419));
5;0.957031250000000;97654;6;121.45;((78124, 117186), (87889, 97654, 107419));
5;0.958984375000000;97654;0;78.22;((78124, 117186), (87889, 97654, 107419));
5;0.958007812500000;97654;3;119.86;((78124, 117186), (87889, 97654, 107419));
5;0.957519531250000;97654;3;121.35;((78124, 117186), (87889, 97654, 107419));
5;0.957275390625000;97654;4;121.37;((78124, 117186), (87889, 97654, 107419));
5;0.957153320312500;97654;4;120.13;((78124, 117186), (87889, 97654, 107419));
5;0.957092285156250;97654;7;121.29;((78124, 117186), (87889, 97654, 107419));
5;0.957122802734375;97654;6;123.56;((78124, 117186), (87889, 97654, 107419));
5;0.957138061523438;97654;8;121.77;((78124, 117186), (87889, 97654, 107419));
5;0.957145690917969;97654;8;120.86;((78124, 117186), (87889, 97654, 107419));
5;0.957149505615234;97654;2;119.28;((78124, 117186), (87889, 97654, 107419));
5;0.957147598266602;97654;3;121.05;((78124, 117186), (87889, 97654, 107419));
5;0.957146644592285;97654;7;121.41;((78124, 117186), (87889, 97654, 107419));
5;0.500000000000000;107419;11;70.93;((78124, 117186), (87889, 97654, 107419));
5;0.750000000000000;107419;11;100.45;((78124, 117186), (87889, 97654, 107419));
5;0.875000000000000;107419;11;115.11;((78124, 117186), (87889, 97654, 107419));
5;0.937500000000000;107419;11;124.65;((78124, 117186), (87889, 97654, 107419));
5;0.968750000000000;107419;0;54.38;((78124, 117186), (87889, 97654, 107419));
5;0.953125000000000;107419;11;124.78;((78124, 117186), (87889, 97654, 107419));
5;0.960937500000000;107419;6;123.07;((78124, 117186), (87889, 97654, 107419));
5;0.964843750000000;107419;0;58.37;((78124, 117186), (87889, 97654, 107419));
5;0.962890625000000;107419;0;80.41;((78124, 117186), (87889, 97654, 107419));
5;0.961914062500000;107419;1;119.04;((78124, 117186), (87889, 97654, 107419));
5;0.961425781250000;107419;3;119.64;((78124, 117186), (87889, 97654, 107419));
5;0.961181640625000;107419;1;120.24;((78124, 117186), (87889, 97654, 107419));
5;0.961059570312500;107419;2;120.90;((78124, 117186), (87889, 97654, 107419));
5;0.960998535156250;107419;1;122.00;((78124, 117186), (87889, 97654, 107419));
5;0.960968017578125;107419;4;124.54;((78124, 117186), (87889, 97654, 107419));
5;0.960952758789062;107419;5;123.07;((78124, 117186), (87889, 97654, 107419));
5;0.960945129394531;107419;7;124.40;((78124, 117186), (87889, 97654, 107419));
5;0.960948944091797;107419;5;123.33;((78124, 117186), (87889, 97654, 107419));
5;0.960947036743164;107419;6;124.80;((78124, 117186), (87889, 97654, 107419));
5;0.960947990417480;107419;3;122.19;((78124, 117186), (87889, 97654, 107419));
5;0.500000000000000;83006;11;70.97;((78124, 97654), (83006, 87888, 92770));
5;0.750000000000000;83006;11;103.96;((78124, 97654), (83006, 87888, 92770));
5;0.875000000000000;83006;11;118.26;((78124, 97654), (83006, 87888, 92770));
5;0.937500000000000;83006;11;126.48;((78124, 97654), (83006, 87888, 92770));
5;0.968750000000000;83006;0;62.10;((78124, 97654), (83006, 87888, 92770));
5;0.953125000000000;83006;11;126.74;((78124, 97654), (83006, 87888, 92770));
5;0.960937500000000;83006;11;128.27;((78124, 97654), (83006, 87888, 92770));
5;0.964843750000000;83006;0;84.75;((78124, 97654), (83006, 87888, 92770));
5;0.962890625000000;83006;8;124.66;((78124, 97654), (83006, 87888, 92770));
5;0.963867187500000;83006;4;121.43;((78124, 97654), (83006, 87888, 92770));
5;0.963378906250000;83006;8;124.03;((78124, 97654), (83006, 87888, 92770));
5;0.963623046875000;83006;6;122.18;((78124, 97654), (83006, 87888, 92770));
5;0.963745117187500;83006;4;123.46;((78124, 97654), (83006, 87888, 92770));
5;0.963684082031250;83006;2;127.46;((78124, 97654), (83006, 87888, 92770));
5;0.963653564453125;83006;6;125.05;((78124, 97654), (83006, 87888, 92770));
5;0.963668823242188;83006;5;122.15;((78124, 97654), (83006, 87888, 92770));
5;0.963661193847656;83006;7;123.87;((78124, 97654), (83006, 87888, 92770));
5;0.963665008544922;83006;4;123.35;((78124, 97654), (83006, 87888, 92770));
5;0.963663101196289;83006;7;126.73;((78124, 97654), (83006, 87888, 92770));
5;0.963664054870605;83006;5;126.34;((78124, 97654), (83006, 87888, 92770));
5;0.500000000000000;87888;11;74.93;((78124, 97654), (83006, 87888, 92770));
5;0.750000000000000;87888;11;111.80;((78124, 97654), (83006, 87888, 92770));
5;0.875000000000000;87888;11;124.73;((78124, 97654), (83006, 87888, 92770));
5;0.937500000000000;87888;11;131.10;((78124, 97654), (83006, 87888, 92770));
5;0.968750000000000;87888;0;66.08;((78124, 97654), (83006, 87888, 92770));
5;0.953125000000000;87888;11;132.46;((78124, 97654), (83006, 87888, 92770));
5;0.960937500000000;87888;11;132.56;((78124, 97654), (83006, 87888, 92770));
5;0.964843750000000;87888;0;80.56;((78124, 97654), (83006, 87888, 92770));
5;0.962890625000000;87888;10;141.02;((78124, 97654), (83006, 87888, 92770));
5;0.963867187500000;87888;4;126.11;((78124, 97654), (83006, 87888, 92770));
5;0.963378906250000;87888;2;127.08;((78124, 97654), (83006, 87888, 92770));
5;0.963134765625000;87888;7;128.60;((78124, 97654), (83006, 87888, 92770));
5;0.963256835937500;87888;3;126.93;((78124, 97654), (83006, 87888, 92770));
5;0.963195800781250;87888;6;126.04;((78124, 97654), (83006, 87888, 92770));
5;0.963226318359375;87888;6;125.46;((78124, 97654), (83006, 87888, 92770));
5;0.963241577148438;87888;6;127.12;((78124, 97654), (83006, 87888, 92770));
5;0.963249206542969;87888;8;130.28;((78124, 97654), (83006, 87888, 92770));
5;0.963253021240234;87888;6;130.73;((78124, 97654), (83006, 87888, 92770));
5;0.963254928588867;87888;2;128.74;((78124, 97654), (83006, 87888, 92770));
5;0.963253974914551;87888;5;131.15;((78124, 97654), (83006, 87888, 92770));
5;0.500000000000000;92770;11;76.30;((78124, 97654), (83006, 87888, 92770));
5;0.750000000000000;92770;11;111.30;((78124, 97654), (83006, 87888, 92770));
5;0.875000000000000;92770;11;127.15;((78124, 97654), (83006, 87888, 92770));
5;0.937500000000000;92770;11;136.22;((78124, 97654), (83006, 87888, 92770));
5;0.968750000000000;92770;0;58.55;((78124, 97654), (83006, 87888, 92770));
5;0.953125000000000;92770;11;136.45;((78124, 97654), (83006, 87888, 92770));
5;0.960937500000000;92770;0;74.14;((78124, 97654), (83006, 87888, 92770));
5;0.957031250000000;92770;7;128.86;((78124, 97654), (83006, 87888, 92770));
5;0.958984375000000;92770;0;87.96;((78124, 97654), (83006, 87888, 92770));
5;0.958007812500000;92770;3;124.90;((78124, 97654), (83006, 87888, 92770));
5;0.957519531250000;92770;8;130.90;((78124, 97654), (83006, 87888, 92770));
5;0.957763671875000;92770;5;129.43;((78124, 97654), (83006, 87888, 92770));
5;0.957641601562500;92770;7;129.91;((78124, 97654), (83006, 87888, 92770));
5;0.957702636718750;92770;7;132.36;((78124, 97654), (83006, 87888, 92770));
5;0.957733154296875;92770;6;131.19;((78124, 97654), (83006, 87888, 92770));
5;0.957748413085938;92770;7;127.16;((78124, 97654), (83006, 87888, 92770));
5;0.957756042480469;92770;3;123.20;((78124, 97654), (83006, 87888, 92770));
5;0.957752227783203;92770;8;133.08;((78124, 97654), (83006, 87888, 92770));
5;0.957754135131836;92770;3;127.77;((78124, 97654), (83006, 87888, 92770));
5;0.957753181457520;92770;5;132.50;((78124, 97654), (83006, 87888, 92770));
5;0.500000000000000;80565;11;77.79;((78124, 87888), (80565, 83006, 85447));
5;0.750000000000000;80565;11;110.43;((78124, 87888), (80565, 83006, 85447));
5;0.875000000000000;80565;11;126.06;((78124, 87888), (80565, 83006, 85447));
5;0.937500000000000;80565;11;133.46;((78124, 87888), (80565, 83006, 85447));
5;0.968750000000000;80565;0;64.81;((78124, 87888), (80565, 83006, 85447));
5;0.953125000000000;80565;11;135.70;((78124, 87888), (80565, 83006, 85447));
5;0.960937500000000;80565;11;136.91;((78124, 87888), (80565, 83006, 85447));
5;0.964843750000000;80565;5;127.18;((78124, 87888), (80565, 83006, 85447));
5;0.962890625000000;80565;8;129.00;((78124, 87888), (80565, 83006, 85447));
5;0.963867187500000;80565;4;126.91;((78124, 87888), (80565, 83006, 85447));
5;0.963378906250000;80565;6;129.06;((78124, 87888), (80565, 83006, 85447));
5;0.963623046875000;80565;6;127.44;((78124, 87888), (80565, 83006, 85447));
5;0.963745117187500;80565;9;137.12;((78124, 87888), (80565, 83006, 85447));
5;0.963806152343750;80565;6;131.05;((78124, 87888), (80565, 83006, 85447));
5;0.963836669921875;80565;9;131.24;((78124, 87888), (80565, 83006, 85447));
5;0.963851928710938;80565;5;125.62;((78124, 87888), (80565, 83006, 85447));
5;0.963844299316406;80565;7;124.41;((78124, 87888), (80565, 83006, 85447));
5;0.963848114013672;80565;6;123.62;((78124, 87888), (80565, 83006, 85447));
5;0.963850021362305;80565;5;125.42;((78124, 87888), (80565, 83006, 85447));
5;0.963849067687988;80565;8;125.79;((78124, 87888), (80565, 83006, 85447));
5;0.500000000000000;85447;11;72.68;((78124, 87888), (80565, 83006, 85447));
5;0.750000000000000;85447;11;103.01;((78124, 87888), (80565, 83006, 85447));
5;0.875000000000000;85447;11;120.45;((78124, 87888), (80565, 83006, 85447));
5;0.937500000000000;85447;11;127.50;((78124, 87888), (80565, 83006, 85447));
5;0.968750000000000;85447;0;60.48;((78124, 87888), (80565, 83006, 85447));
5;0.953125000000000;85447;11;129.69;((78124, 87888), (80565, 83006, 85447));
5;0.960937500000000;85447;11;130.50;((78124, 87888), (80565, 83006, 85447));
5;0.964843750000000;85447;1;120.34;((78124, 87888), (80565, 83006, 85447));
5;0.962890625000000;85447;6;134.81;((78124, 87888), (80565, 83006, 85447));
5;0.963867187500000;85447;2;120.71;((78124, 87888), (80565, 83006, 85447));
5;0.963378906250000;85447;9;126.17;((78124, 87888), (80565, 83006, 85447));
5;0.963623046875000;85447;4;122.78;((78124, 87888), (80565, 83006, 85447));
5;0.963500976562500;85447;4;125.34;((78124, 87888), (80565, 83006, 85447));
5;0.963439941406250;85447;4;123.29;((78124, 87888), (80565, 83006, 85447));
5;0.963409423828125;85447;7;124.87;((78124, 87888), (80565, 83006, 85447));
5;0.963424682617188;85447;4;136.66;((78124, 87888), (80565, 83006, 85447));
5;0.963417053222656;85447;6;123.61;((78124, 87888), (80565, 83006, 85447));
5;0.963420867919922;85447;4;122.31;((78124, 87888), (80565, 83006, 85447));
5;0.963418960571289;85447;5;122.79;((78124, 87888), (80565, 83006, 85447));
5;0.963418006896973;85447;3;123.92;((78124, 87888), (80565, 83006, 85447));
5;0.500000000000000;79344;11;70.83;((78124, 83006), (79344, 80564, 81784));
5;0.750000000000000;79344;11;105.52;((78124, 83006), (79344, 80564, 81784));
5;0.875000000000000;79344;11;122.26;((78124, 83006), (79344, 80564, 81784));
5;0.937500000000000;79344;11;124.49;((78124, 83006), (79344, 80564, 81784));
5;0.968750000000000;79344;0;54.58;((78124, 83006), (79344, 80564, 81784));
5;0.953125000000000;79344;11;126.61;((78124, 83006), (79344, 80564, 81784));
5;0.960937500000000;79344;0;83.43;((78124, 83006), (79344, 80564, 81784));
5;0.957031250000000;79344;11;126.64;((78124, 83006), (79344, 80564, 81784));
5;0.958984375000000;79344;6;122.96;((78124, 83006), (79344, 80564, 81784));
5;0.959960937500000;79344;1;119.63;((78124, 83006), (79344, 80564, 81784));
5;0.959472656250000;79344;3;122.49;((78124, 83006), (79344, 80564, 81784));
5;0.959228515625000;79344;4;121.46;((78124, 83006), (79344, 80564, 81784));
5;0.959106445312500;79344;3;121.43;((78124, 83006), (79344, 80564, 81784));
5;0.959045410156250;79344;4;122.77;((78124, 83006), (79344, 80564, 81784));
5;0.959014892578125;79344;7;123.64;((78124, 83006), (79344, 80564, 81784));
5;0.959030151367188;79344;4;122.43;((78124, 83006), (79344, 80564, 81784));
5;0.959022521972656;79344;5;122.38;((78124, 83006), (79344, 80564, 81784));
5;0.959018707275391;79344;3;126.96;((78124, 83006), (79344, 80564, 81784));
5;0.959016799926758;79344;6;124.28;((78124, 83006), (79344, 80564, 81784));
5;0.959017753601074;79344;3;124.20;((78124, 83006), (79344, 80564, 81784));
5;0.500000000000000;80564;11;71.67;((78124, 83006), (79344, 80564, 81784));
5;0.750000000000000;80564;11;101.20;((78124, 83006), (79344, 80564, 81784));
5;0.875000000000000;80564;11;116.59;((78124, 83006), (79344, 80564, 81784));
5;0.937500000000000;80564;11;125.38;((78124, 83006), (79344, 80564, 81784));
5;0.968750000000000;80564;0;54.27;((78124, 83006), (79344, 80564, 81784));
5;0.953125000000000;80564;11;129.73;((78124, 83006), (79344, 80564, 81784));
5;0.960937500000000;80564;1;116.33;((78124, 83006), (79344, 80564, 81784));
5;0.957031250000000;80564;10;124.78;((78124, 83006), (79344, 80564, 81784));
5;0.958984375000000;80564;4;121.47;((78124, 83006), (79344, 80564, 81784));
5;0.958007812500000;80564;8;126.34;((78124, 83006), (79344, 80564, 81784));
5;0.958496093750000;80564;4;120.91;((78124, 83006), (79344, 80564, 81784));
5;0.958251953125000;80564;10;124.83;((78124, 83006), (79344, 80564, 81784));
5;0.958374023437500;80564;9;124.28;((78124, 83006), (79344, 80564, 81784));
5;0.958435058593750;80564;7;122.83;((78124, 83006), (79344, 80564, 81784));
5;0.958465576171875;80564;7;124.14;((78124, 83006), (79344, 80564, 81784));
5;0.958480834960938;80564;7;123.39;((78124, 83006), (79344, 80564, 81784));
5;0.958488464355469;80564;6;121.98;((78124, 83006), (79344, 80564, 81784));
5;0.958492279052734;80564;7;123.72;((78124, 83006), (79344, 80564, 81784));
5;0.958494186401367;80564;8;154.68;((78124, 83006), (79344, 80564, 81784));
5;0.958495140075684;80564;5;121.80;((78124, 83006), (79344, 80564, 81784));
5;0.500000000000000;81784;11;69.98;((78124, 83006), (79344, 80564, 81784));
5;0.750000000000000;81784;11;101.56;((78124, 83006), (79344, 80564, 81784));
5;0.875000000000000;81784;11;117.49;((78124, 83006), (79344, 80564, 81784));
5;0.937500000000000;81784;11;124.87;((78124, 83006), (79344, 80564, 81784));
5;0.968750000000000;81784;0;55.87;((78124, 83006), (79344, 80564, 81784));
5;0.953125000000000;81784;11;128.13;((78124, 83006), (79344, 80564, 81784));
5;0.960937500000000;81784;0;77.73;((78124, 83006), (79344, 80564, 81784));
5;0.957031250000000;81784;9;123.90;((78124, 83006), (79344, 80564, 81784));
5;0.958984375000000;81784;2;119.72;((78124, 83006), (79344, 80564, 81784));
5;0.958007812500000;81784;7;122.48;((78124, 83006), (79344, 80564, 81784));
5;0.958496093750000;81784;6;121.97;((78124, 83006), (79344, 80564, 81784));
5;0.958740234375000;81784;4;120.86;((78124, 83006), (79344, 80564, 81784));
5;0.958618164062500;81784;6;122.80;((78124, 83006), (79344, 80564, 81784));
5;0.958679199218750;81784;5;122.25;((78124, 83006), (79344, 80564, 81784));
5;0.958648681640625;81784;6;121.90;((78124, 83006), (79344, 80564, 81784));
5;0.958663940429688;81784;8;125.72;((78124, 83006), (79344, 80564, 81784));
5;0.958671569824219;81784;4;120.73;((78124, 83006), (79344, 80564, 81784));
5;0.958667755126953;81784;7;123.16;((78124, 83006), (79344, 80564, 81784));
5;0.958669662475586;81784;5;121.10;((78124, 83006), (79344, 80564, 81784));
5;0.958668708801270;81784;7;122.45;((78124, 83006), (79344, 80564, 81784));
5;0.500000000000000;78734;11;69.62;((78124, 80564), (78734, 79344, 79954));
5;0.750000000000000;78734;11;102.18;((78124, 80564), (78734, 79344, 79954));
5;0.875000000000000;78734;11;125.58;((78124, 80564), (78734, 79344, 79954));
5;0.937500000000000;78734;11;125.58;((78124, 80564), (78734, 79344, 79954));
5;0.968750000000000;78734;0;55.22;((78124, 80564), (78734, 79344, 79954));
5;0.953125000000000;78734;11;126.83;((78124, 80564), (78734, 79344, 79954));
5;0.960937500000000;78734;0;79.91;((78124, 80564), (78734, 79344, 79954));
5;0.957031250000000;78734;10;125.18;((78124, 80564), (78734, 79344, 79954));
5;0.958984375000000;78734;3;120.38;((78124, 80564), (78734, 79344, 79954));
5;0.958007812500000;78734;10;124.80;((78124, 80564), (78734, 79344, 79954));
5;0.958496093750000;78734;8;125.03;((78124, 80564), (78734, 79344, 79954));
5;0.958740234375000;78734;6;121.52;((78124, 80564), (78734, 79344, 79954));
5;0.958862304687500;78734;5;123.08;((78124, 80564), (78734, 79344, 79954));
5;0.958801269531250;78734;6;123.02;((78124, 80564), (78734, 79344, 79954));
5;0.958831787109375;78734;6;121.95;((78124, 80564), (78734, 79344, 79954));
5;0.958847045898438;78734;4;121.10;((78124, 80564), (78734, 79344, 79954));
5;0.958839416503906;78734;5;121.63;((78124, 80564), (78734, 79344, 79954));
5;0.958835601806641;78734;8;124.02;((78124, 80564), (78734, 79344, 79954));
5;0.958837509155273;78734;7;122.42;((78124, 80564), (78734, 79344, 79954));
5;0.958838462829590;78734;7;122.81;((78124, 80564), (78734, 79344, 79954));
5;0.500000000000000;79954;11;70.21;((78124, 80564), (78734, 79344, 79954));
5;0.750000000000000;79954;11;100.92;((78124, 80564), (78734, 79344, 79954));
5;0.875000000000000;79954;11;116.92;((78124, 80564), (78734, 79344, 79954));
5;0.937500000000000;79954;11;124.43;((78124, 80564), (78734, 79344, 79954));
5;0.968750000000000;79954;0;55.29;((78124, 80564), (78734, 79344, 79954));
5;0.953125000000000;79954;11;126.83;((78124, 80564), (78734, 79344, 79954));
5;0.960937500000000;79954;0;83.27;((78124, 80564), (78734, 79344, 79954));
5;0.957031250000000;79954;11;127.23;((78124, 80564), (78734, 79344, 79954));
5;0.958984375000000;79954;4;120.58;((78124, 80564), (78734, 79344, 79954));
5;0.958007812500000;79954;9;124.98;((78124, 80564), (78734, 79344, 79954));
5;0.958496093750000;79954;4;120.87;((78124, 80564), (78734, 79344, 79954));
5;0.958251953125000;79954;8;123.61;((78124, 80564), (78734, 79344, 79954));
5;0.958374023437500;79954;7;124.53;((78124, 80564), (78734, 79344, 79954));
5;0.958435058593750;79954;5;121.85;((78124, 80564), (78734, 79344, 79954));
5;0.958404541015625;79954;8;125.74;((78124, 80564), (78734, 79344, 79954));
5;0.958419799804688;79954;8;123.50;((78124, 80564), (78734, 79344, 79954));
5;0.958427429199219;79954;8;123.14;((78124, 80564), (78734, 79344, 79954));
5;0.958431243896484;79954;10;126.27;((78124, 80564), (78734, 79344, 79954));
5;0.958433151245117;79954;7;122.70;((78124, 80564), (78734, 79344, 79954));
5;0.958434104919434;79954;4;121.29;((78124, 80564), (78734, 79344, 79954));
5;0.500000000000000;79039;11;69.97;((78734, 79954), (79039, 79344, 79649));
5;0.750000000000000;79039;11;101.07;((78734, 79954), (79039, 79344, 79649));
5;0.875000000000000;79039;11;117.31;((78734, 79954), (79039, 79344, 79649));
5;0.937500000000000;79039;11;128.75;((78734, 79954), (79039, 79344, 79649));
5;0.968750000000000;79039;0;60.32;((78734, 79954), (79039, 79344, 79649));
5;0.953125000000000;79039;11;127.23;((78734, 79954), (79039, 79344, 79649));
5;0.960937500000000;79039;11;128.85;((78734, 79954), (79039, 79344, 79649));
5;0.964843750000000;79039;2;119.00;((78734, 79954), (79039, 79344, 79649));
5;0.962890625000000;79039;8;123.38;((78734, 79954), (79039, 79344, 79649));
5;0.963867187500000;79039;5;122.37;((78734, 79954), (79039, 79344, 79649));
5;0.963378906250000;79039;9;124.02;((78734, 79954), (79039, 79344, 79649));
5;0.963623046875000;79039;9;125.91;((78734, 79954), (79039, 79344, 79649));
5;0.963745117187500;79039;6;123.35;((78734, 79954), (79039, 79344, 79649));
5;0.963806152343750;79039;8;126.60;((78734, 79954), (79039, 79344, 79649));
5;0.963836669921875;79039;8;127.89;((78734, 79954), (79039, 79344, 79649));
5;0.963851928710938;79039;6;123.02;((78734, 79954), (79039, 79344, 79649));
5;0.963859558105469;79039;9;126.39;((78734, 79954), (79039, 79344, 79649));
5;0.963863372802734;79039;6;123.79;((78734, 79954), (79039, 79344, 79649));
5;0.963865280151367;79039;7;123.70;((78734, 79954), (79039, 79344, 79649));
5;0.963866233825684;79039;4;122.83;((78734, 79954), (79039, 79344, 79649));
5;0.500000000000000;79649;11;69.60;((78734, 79954), (79039, 79344, 79649));
5;0.750000000000000;79649;11;101.19;((78734, 79954), (79039, 79344, 79649));
5;0.875000000000000;79649;11;117.39;((78734, 79954), (79039, 79344, 79649));
5;0.937500000000000;79649;11;125.55;((78734, 79954), (79039, 79344, 79649));
5;0.968750000000000;79649;0;60.33;((78734, 79954), (79039, 79344, 79649));
5;0.953125000000000;79649;11;128.04;((78734, 79954), (79039, 79344, 79649));
5;0.960937500000000;79649;11;127.93;((78734, 79954), (79039, 79344, 79649));
5;0.964843750000000;79649;3;121.81;((78734, 79954), (79039, 79344, 79649));
5;0.962890625000000;79649;11;127.93;((78734, 79954), (79039, 79344, 79649));
5;0.963867187500000;79649;6;125.35;((78734, 79954), (79039, 79344, 79649));
5;0.964355468750000;79649;4;121.71;((78734, 79954), (79039, 79344, 79649));
5;0.964111328125000;79649;5;122.17;((78734, 79954), (79039, 79344, 79649));
5;0.963989257812500;79649;6;124.37;((78734, 79954), (79039, 79344, 79649));
5;0.964050292968750;79649;6;123.51;((78734, 79954), (79039, 79344, 79649));
5;0.964080810546875;79649;2;122.90;((78734, 79954), (79039, 79344, 79649));
5;0.964065551757812;79649;2;117.75;((78734, 79954), (79039, 79344, 79649));
5;0.964057922363281;79649;6;120.46;((78734, 79954), (79039, 79344, 79649));
5;0.964061737060547;79649;6;120.62;((78734, 79954), (79039, 79344, 79649));
5;0.964063644409180;79649;6;120.52;((78734, 79954), (79039, 79344, 79649));
5;0.964064598083496;79649;7;121.35;((78734, 79954), (79039, 79344, 79649));
5;0.500000000000000;79496;11;67.45;((79344, 79954), (79496, 79648, 79800));
5;0.750000000000000;79496;11;97.55;((79344, 79954), (79496, 79648, 79800));
5;0.875000000000000;79496;11;115.14;((79344, 79954), (79496, 79648, 79800));
5;0.937500000000000;79496;11;121.20;((79344, 79954), (79496, 79648, 79800));
5;0.968750000000000;79496;0;56.74;((79344, 79954), (79496, 79648, 79800));
5;0.953125000000000;79496;11;125.82;((79344, 79954), (79496, 79648, 79800));
5;0.960937500000000;79496;11;124.11;((79344, 79954), (79496, 79648, 79800));
5;0.964843750000000;79496;3;119.00;((79344, 79954), (79496, 79648, 79800));
5;0.962890625000000;79496;11;123.23;((79344, 79954), (79496, 79648, 79800));
5;0.963867187500000;79496;5;119.46;((79344, 79954), (79496, 79648, 79800));
5;0.963378906250000;79496;10;122.89;((79344, 79954), (79496, 79648, 79800));
5;0.963623046875000;79496;5;119.11;((79344, 79954), (79496, 79648, 79800));
5;0.963500976562500;79496;7;120.94;((79344, 79954), (79496, 79648, 79800));
5;0.963562011718750;79496;8;122.14;((79344, 79954), (79496, 79648, 79800));
5;0.963592529296875;79496;7;120.87;((79344, 79954), (79496, 79648, 79800));
5;0.963607788085938;79496;9;121.95;((79344, 79954), (79496, 79648, 79800));
5;0.963615417480469;79496;10;122.74;((79344, 79954), (79496, 79648, 79800));
5;0.963619232177734;79496;5;119.98;((79344, 79954), (79496, 79648, 79800));
5;0.963617324829102;79496;8;120.54;((79344, 79954), (79496, 79648, 79800));
5;0.963618278503418;79496;9;123.26;((79344, 79954), (79496, 79648, 79800));
5;0.500000000000000;79648;11;67.45;((79344, 79954), (79496, 79648, 79800));
5;0.750000000000000;79648;11;98.69;((79344, 79954), (79496, 79648, 79800));
5;0.875000000000000;79648;11;118.02;((79344, 79954), (79496, 79648, 79800));
5;0.937500000000000;79648;11;120.93;((79344, 79954), (79496, 79648, 79800));
5;0.968750000000000;79648;0;58.12;((79344, 79954), (79496, 79648, 79800));
5;0.953125000000000;79648;11;123.31;((79344, 79954), (79496, 79648, 79800));
5;0.960937500000000;79648;11;123.17;((79344, 79954), (79496, 79648, 79800));
5;0.964843750000000;79648;3;118.55;((79344, 79954), (79496, 79648, 79800));
5;0.962890625000000;79648;9;123.54;((79344, 79954), (79496, 79648, 79800));
5;0.963867187500000;79648;8;121.45;((79344, 79954), (79496, 79648, 79800));
5;0.964355468750000;79648;5;120.74;((79344, 79954), (79496, 79648, 79800));
5;0.964111328125000;79648;2;120.20;((79344, 79954), (79496, 79648, 79800));
5;0.963989257812500;79648;6;125.51;((79344, 79954), (79496, 79648, 79800));
5;0.964050292968750;79648;6;120.61;((79344, 79954), (79496, 79648, 79800));
5;0.964080810546875;79648;6;120.12;((79344, 79954), (79496, 79648, 79800));
5;0.964096069335938;79648;5;119.95;((79344, 79954), (79496, 79648, 79800));
5;0.964088439941406;79648;5;119.93;((79344, 79954), (79496, 79648, 79800));
5;0.964084625244141;79648;4;120.14;((79344, 79954), (79496, 79648, 79800));
5;0.964082717895508;79648;8;121.65;((79344, 79954), (79496, 79648, 79800));
5;0.964083671569824;79648;5;120.37;((79344, 79954), (79496, 79648, 79800));
5;0.500000000000000;79800;11;69.62;((79344, 79954), (79496, 79648, 79800));
5;0.750000000000000;79800;11;97.66;((79344, 79954), (79496, 79648, 79800));
5;0.875000000000000;79800;11;117.77;((79344, 79954), (79496, 79648, 79800));
5;0.937500000000000;79800;11;122.06;((79344, 79954), (79496, 79648, 79800));
5;0.968750000000000;79800;0;52.92;((79344, 79954), (79496, 79648, 79800));
5;0.953125000000000;79800;11;122.41;((79344, 79954), (79496, 79648, 79800));
5;0.960937500000000;79800;0;74.73;((79344, 79954), (79496, 79648, 79800));
5;0.957031250000000;79800;9;123.01;((79344, 79954), (79496, 79648, 79800));
5;0.958984375000000;79800;4;119.59;((79344, 79954), (79496, 79648, 79800));
5;0.958007812500000;79800;9;121.42;((79344, 79954), (79496, 79648, 79800));
5;0.958496093750000;79800;9;128.21;((79344, 79954), (79496, 79648, 79800));
5;0.958740234375000;79800;6;123.38;((79344, 79954), (79496, 79648, 79800));
5;0.958862304687500;79800;5;120.06;((79344, 79954), (79496, 79648, 79800));
5;0.958801269531250;79800;5;119.65;((79344, 79954), (79496, 79648, 79800));
5;0.958770751953125;79800;5;119.08;((79344, 79954), (79496, 79648, 79800));
5;0.958755493164062;79800;8;120.28;((79344, 79954), (79496, 79648, 79800));
5;0.958763122558594;79800;5;119.74;((79344, 79954), (79496, 79648, 79800));
5;0.958759307861328;79800;6;119.93;((79344, 79954), (79496, 79648, 79800));
5;0.958761215209961;79800;6;120.32;((79344, 79954), (79496, 79648, 79800));
5;0.958762168884277;79800;7;120.62;((79344, 79954), (79496, 79648, 79800));
5;0.500000000000000;79572;11;68.92;((79496, 79800), (79572, 79648, 79724));
5;0.750000000000000;79572;11;97.79;((79496, 79800), (79572, 79648, 79724));
5;0.875000000000000;79572;11;113.07;((79496, 79800), (79572, 79648, 79724));
5;0.937500000000000;79572;11;123.83;((79496, 79800), (79572, 79648, 79724));
5;0.968750000000000;79572;0;53.18;((79496, 79800), (79572, 79648, 79724));
5;0.953125000000000;79572;11;122.09;((79496, 79800), (79572, 79648, 79724));
5;0.960937500000000;79572;0;78.42;((79496, 79800), (79572, 79648, 79724));
5;0.957031250000000;79572;9;121.48;((79496, 79800), (79572, 79648, 79724));
5;0.958984375000000;79572;4;119.44;((79496, 79800), (79572, 79648, 79724));
5;0.958007812500000;79572;9;121.67;((79496, 79800), (79572, 79648, 79724));
5;0.958496093750000;79572;11;122.89;((79496, 79800), (79572, 79648, 79724));
5;0.958740234375000;79572;7;120.96;((79496, 79800), (79572, 79648, 79724));
5;0.958862304687500;79572;5;119.79;((79496, 79800), (79572, 79648, 79724));
5;0.958801269531250;79572;8;121.23;((79496, 79800), (79572, 79648, 79724));
5;0.958831787109375;79572;6;120.65;((79496, 79800), (79572, 79648, 79724));
5;0.958847045898438;79572;8;120.16;((79496, 79800), (79572, 79648, 79724));
5;0.958854675292969;79572;2;117.79;((79496, 79800), (79572, 79648, 79724));
5;0.958850860595703;79572;5;118.91;((79496, 79800), (79572, 79648, 79724));
5;0.958848953247070;79572;7;119.80;((79496, 79800), (79572, 79648, 79724));
5;0.958849906921387;79572;5;119.78;((79496, 79800), (79572, 79648, 79724));
5;0.500000000000000;79724;11;67.30;((79496, 79800), (79572, 79648, 79724));
5;0.750000000000000;79724;11;97.50;((79496, 79800), (79572, 79648, 79724));
5;0.875000000000000;79724;11;112.62;((79496, 79800), (79572, 79648, 79724));
5;0.937500000000000;79724;11;120.64;((79496, 79800), (79572, 79648, 79724));
5;0.968750000000000;79724;0;55.46;((79496, 79800), (79572, 79648, 79724));
5;0.953125000000000;79724;11;125.13;((79496, 79800), (79572, 79648, 79724));
5;0.960937500000000;79724;0;76.26;((79496, 79800), (79572, 79648, 79724));
5;0.957031250000000;79724;11;127.55;((79496, 79800), (79572, 79648, 79724));
5;0.958984375000000;79724;7;121.75;((79496, 79800), (79572, 79648, 79724));
5;0.959960937500000;79724;1;120.26;((79496, 79800), (79572, 79648, 79724));
5;0.959472656250000;79724;2;120.97;((79496, 79800), (79572, 79648, 79724));
5;0.959228515625000;79724;3;117.41;((79496, 79800), (79572, 79648, 79724));
5;0.959106445312500;79724;6;120.02;((79496, 79800), (79572, 79648, 79724));
5;0.959167480468750;79724;3;118.23;((79496, 79800), (79572, 79648, 79724));
5;0.959136962890625;79724;6;119.99;((79496, 79800), (79572, 79648, 79724));
5;0.959152221679688;79724;3;117.89;((79496, 79800), (79572, 79648, 79724));
5;0.959144592285156;79724;3;117.52;((79496, 79800), (79572, 79648, 79724));
5;0.959140777587891;79724;6;119.17;((79496, 79800), (79572, 79648, 79724));
5;0.959142684936523;79724;2;118.03;((79496, 79800), (79572, 79648, 79724));
5;0.959141731262207;79724;5;119.77;((79496, 79800), (79572, 79648, 79724));
5;0.500000000000000;79610;11;67.67;((79572, 79724), (79610, 79648, 79686));
5;0.750000000000000;79610;11;97.94;((79572, 79724), (79610, 79648, 79686));
5;0.875000000000000;79610;11;113.57;((79572, 79724), (79610, 79648, 79686));
5;0.937500000000000;79610;11;119.94;((79572, 79724), (79610, 79648, 79686));
5;0.968750000000000;79610;0;52.75;((79572, 79724), (79610, 79648, 79686));
5;0.953125000000000;79610;11;123.96;((79572, 79724), (79610, 79648, 79686));
5;0.960937500000000;79610;0;72.58;((79572, 79724), (79610, 79648, 79686));
5;0.957031250000000;79610;11;126.83;((79572, 79724), (79610, 79648, 79686));
5;0.958984375000000;79610;7;126.23;((79572, 79724), (79610, 79648, 79686));
5;0.959960937500000;79610;1;116.86;((79572, 79724), (79610, 79648, 79686));
5;0.959472656250000;79610;4;120.14;((79572, 79724), (79610, 79648, 79686));
5;0.959228515625000;79610;4;118.33;((79572, 79724), (79610, 79648, 79686));
5;0.959106445312500;79610;5;118.33;((79572, 79724), (79610, 79648, 79686));
5;0.959045410156250;79610;2;118.00;((79572, 79724), (79610, 79648, 79686));
5;0.959014892578125;79610;4;119.36;((79572, 79724), (79610, 79648, 79686));
5;0.958999633789062;79610;6;120.11;((79572, 79724), (79610, 79648, 79686));
5;0.959007263183594;79610;6;120.43;((79572, 79724), (79610, 79648, 79686));
5;0.959011077880859;79610;5;119.65;((79572, 79724), (79610, 79648, 79686));
5;0.959009170532227;79610;6;149.85;((79572, 79724), (79610, 79648, 79686));
5;0.959010124206543;79610;6;122.79;((79572, 79724), (79610, 79648, 79686));
5;0.500000000000000;79686;11;67.46;((79572, 79724), (79610, 79648, 79686));
5;0.750000000000000;79686;11;98.01;((79572, 79724), (79610, 79648, 79686));
5;0.875000000000000;79686;11;112.73;((79572, 79724), (79610, 79648, 79686));
5;0.937500000000000;79686;11;119.71;((79572, 79724), (79610, 79648, 79686));
5;0.968750000000000;79686;0;58.10;((79572, 79724), (79610, 79648, 79686));
5;0.953125000000000;79686;11;122.11;((79572, 79724), (79610, 79648, 79686));
5;0.960937500000000;79686;11;123.63;((79572, 79724), (79610, 79648, 79686));
5;0.964843750000000;79686;2;117.88;((79572, 79724), (79610, 79648, 79686));
5;0.962890625000000;79686;9;120.91;((79572, 79724), (79610, 79648, 79686));
5;0.963867187500000;79686;7;120.57;((79572, 79724), (79610, 79648, 79686));
5;0.964355468750000;79686;3;118.60;((79572, 79724), (79610, 79648, 79686));
5;0.964111328125000;79686;5;120.16;((79572, 79724), (79610, 79648, 79686));
5;0.963989257812500;79686;5;120.02;((79572, 79724), (79610, 79648, 79686));
5;0.963928222656250;79686;5;119.51;((79572, 79724), (79610, 79648, 79686));
5;0.963897705078125;79686;2;117.57;((79572, 79724), (79610, 79648, 79686));
5;0.963882446289062;79686;5;119.80;((79572, 79724), (79610, 79648, 79686));
5;0.963874816894531;79686;7;120.89;((79572, 79724), (79610, 79648, 79686));
5;0.963878631591797;79686;8;121.27;((79572, 79724), (79610, 79648, 79686));
5;0.963880538940430;79686;6;121.18;((79572, 79724), (79610, 79648, 79686));
5;0.963881492614746;79686;6;121.11;((79572, 79724), (79610, 79648, 79686));
5;0.500000000000000;79629;11;67.85;((79610, 79686), (79629, 79648, 79667));
5;0.750000000000000;79629;11;97.69;((79610, 79686), (79629, 79648, 79667));
5;0.875000000000000;79629;11;112.47;((79610, 79686), (79629, 79648, 79667));
5;0.937500000000000;79629;11;120.11;((79610, 79686), (79629, 79648, 79667));
5;0.968750000000000;79629;0;56.97;((79610, 79686), (79629, 79648, 79667));
5;0.953125000000000;79629;11;122.61;((79610, 79686), (79629, 79648, 79667));
5;0.960937500000000;79629;11;124.64;((79610, 79686), (79629, 79648, 79667));
5;0.964843750000000;79629;4;119.13;((79610, 79686), (79629, 79648, 79667));
5;0.962890625000000;79629;7;141.61;((79610, 79686), (79629, 79648, 79667));
5;0.963867187500000;79629;5;120.16;((79610, 79686), (79629, 79648, 79667));
5;0.963378906250000;79629;11;122.71;((79610, 79686), (79629, 79648, 79667));
5;0.963623046875000;79629;6;120.92;((79610, 79686), (79629, 79648, 79667));
5;0.963745117187500;79629;6;119.98;((79610, 79686), (79629, 79648, 79667));
5;0.963806152343750;79629;7;120.48;((79610, 79686), (79629, 79648, 79667));
5;0.963836669921875;79629;7;121.04;((79610, 79686), (79629, 79648, 79667));
5;0.963851928710938;79629;6;120.28;((79610, 79686), (79629, 79648, 79667));
5;0.963859558105469;79629;4;120.23;((79610, 79686), (79629, 79648, 79667));
5;0.963855743408203;79629;7;121.36;((79610, 79686), (79629, 79648, 79667));
5;0.963857650756836;79629;4;119.02;((79610, 79686), (79629, 79648, 79667));
5;0.963856697082520;79629;7;120.58;((79610, 79686), (79629, 79648, 79667));
5;0.500000000000000;79667;11;67.91;((79610, 79686), (79629, 79648, 79667));
5;0.750000000000000;79667;11;99.08;((79610, 79686), (79629, 79648, 79667));
5;0.875000000000000;79667;11;116.67;((79610, 79686), (79629, 79648, 79667));
5;0.937500000000000;79667;11;121.74;((79610, 79686), (79629, 79648, 79667));
5;0.968750000000000;79667;0;57.35;((79610, 79686), (79629, 79648, 79667));
5;0.953125000000000;79667;11;121.85;((79610, 79686), (79629, 79648, 79667));
5;0.960937500000000;79667;11;123.93;((79610, 79686), (79629, 79648, 79667));
5;0.964843750000000;79667;5;119.32;((79610, 79686), (79629, 79648, 79667));
5;0.962890625000000;79667;10;122.45;((79610, 79686), (79629, 79648, 79667));
5;0.963867187500000;79667;8;121.63;((79610, 79686), (79629, 79648, 79667));
5;0.964355468750000;79667;5;119.77;((79610, 79686), (79629, 79648, 79667));
5;0.964111328125000;79667;3;118.37;((79610, 79686), (79629, 79648, 79667));
5;0.963989257812500;79667;6;120.73;((79610, 79686), (79629, 79648, 79667));
5;0.964050292968750;79667;6;120.37;((79610, 79686), (79629, 79648, 79667));
5;0.964080810546875;79667;3;118.93;((79610, 79686), (79629, 79648, 79667));
5;0.964065551757812;79667;3;118.66;((79610, 79686), (79629, 79648, 79667));
5;0.964057922363281;79667;5;119.92;((79610, 79686), (79629, 79648, 79667));
5;0.964054107666016;79667;6;119.80;((79610, 79686), (79629, 79648, 79667));
5;0.964056015014648;79667;5;120.21;((79610, 79686), (79629, 79648, 79667));
5;0.964055061340332;79667;4;119.28;((79610, 79686), (79629, 79648, 79667));
