5;0.500000000000000;1625000;11;92.09;((0, 6500000), (1625000, 3250000, 4875000));
5;0.750000000000000;1625000;0;69.87;((0, 6500000), (1625000, 3250000, 4875000));
5;0.625000000000000;1625000;11;113.02;((0, 6500000), (1625000, 3250000, 4875000));
5;0.687500000000000;1625000;11;124.23;((0, 6500000), (1625000, 3250000, 4875000));
5;0.718750000000000;1625000;11;129.66;((0, 6500000), (1625000, 3250000, 4875000));
5;0.734375000000000;1625000;11;131.99;((0, 6500000), (1625000, 3250000, 4875000));
5;0.742187500000000;1625000;2;125.87;((0, 6500000), (1625000, 3250000, 4875000));
5;0.738281250000000;1625000;11;132.87;((0, 6500000), (1625000, 3250000, 4875000));
5;0.740234375000000;1625000;11;133.67;((0, 6500000), (1625000, 3250000, 4875000));
5;0.741210937500000;1625000;11;133.91;((0, 6500000), (1625000, 3250000, 4875000));
5;0.741699218750000;1625000;6;128.73;((0, 6500000), (1625000, 3250000, 4875000));
5;0.741943359375000;1625000;2;128.58;((0, 6500000), (1625000, 3250000, 4875000));
5;0.741821289062500;1625000;1;124.76;((0, 6500000), (1625000, 3250000, 4875000));
5;0.741760253906250;1625000;3;127.04;((0, 6500000), (1625000, 3250000, 4875000));
5;0.741729736328125;1625000;3;125.96;((0, 6500000), (1625000, 3250000, 4875000));
5;0.741714477539062;1625000;2;125.92;((0, 6500000), (1625000, 3250000, 4875000));
5;0.741706848144531;1625000;4;130.18;((0, 6500000), (1625000, 3250000, 4875000));
5;0.741703033447266;1625000;4;127.79;((0, 6500000), (1625000, 3250000, 4875000));
5;0.741701126098633;1625000;7;128.11;((0, 6500000), (1625000, 3250000, 4875000));
5;0.741702079772949;1625000;1;125.12;((0, 6500000), (1625000, 3250000, 4875000));
5;0.500000000000000;3250000;11;92.96;((0, 6500000), (1625000, 3250000, 4875000));
5;0.750000000000000;3250000;0;63.83;((0, 6500000), (1625000, 3250000, 4875000));
5;0.625000000000000;3250000;0;64.14;((0, 6500000), (1625000, 3250000, 4875000));
5;0.562500000000000;3250000;11;104.25;((0, 6500000), (1625000, 3250000, 4875000));
5;0.593750000000000;3250000;11;109.16;((0, 6500000), (1625000, 3250000, 4875000));
5;0.609375000000000;3250000;11;112.54;((0, 6500000), (1625000, 3250000, 4875000));
5;0.617187500000000;3250000;0;66.55;((0, 6500000), (1625000, 3250000, 4875000));
5;0.613281250000000;3250000;11;113.13;((0, 6500000), (1625000, 3250000, 4875000));
5;0.615234375000000;3250000;11;113.62;((0, 6500000), (1625000, 3250000, 4875000));
5;0.616210937500000;3250000;1;106.91;((0, 6500000), (1625000, 3250000, 4875000));
5;0.615722656250000;3250000;9;111.07;((0, 6500000), (1625000, 3250000, 4875000));
5;0.615966796875000;3250000;8;109.67;((0, 6500000), (1625000, 3250000, 4875000));
5;0.616088867187500;3250000;6;109.04;((0, 6500000), (1625000, 3250000, 4875000));
5;0.616149902343750;3250000;4;108.96;((0, 6500000), (1625000, 3250000, 4875000));
5;0.616119384765625;3250000;2;107.40;((0, 6500000), (1625000, 3250000, 4875000));
5;0.616104125976562;3250000;3;107.35;((0, 6500000), (1625000, 3250000, 4875000));
5;0.616096496582031;3250000;3;106.98;((0, 6500000), (1625000, 3250000, 4875000));
5;0.616092681884766;3250000;4;108.19;((0, 6500000), (1625000, 3250000, 4875000));
5;0.616090774536133;3250000;5;109.64;((0, 6500000), (1625000, 3250000, 4875000));
5;0.616089820861816;3250000;5;109.48;((0, 6500000), (1625000, 3250000, 4875000));
5;0.500000000000000;4875000;11;93.20;((0, 6500000), (1625000, 3250000, 4875000));
5;0.750000000000000;4875000;0;60.35;((0, 6500000), (1625000, 3250000, 4875000));
5;0.625000000000000;4875000;0;59.78;((0, 6500000), (1625000, 3250000, 4875000));
5;0.562500000000000;4875000;11;104.30;((0, 6500000), (1625000, 3250000, 4875000));
5;0.593750000000000;4875000;11;109.43;((0, 6500000), (1625000, 3250000, 4875000));
5;0.609375000000000;4875000;0;60.76;((0, 6500000), (1625000, 3250000, 4875000));
5;0.601562500000000;4875000;11;112.01;((0, 6500000), (1625000, 3250000, 4875000));
5;0.605468750000000;4875000;11;110.82;((0, 6500000), (1625000, 3250000, 4875000));
5;0.607421875000000;4875000;8;108.20;((0, 6500000), (1625000, 3250000, 4875000));
5;0.608398437500000;4875000;0;61.03;((0, 6500000), (1625000, 3250000, 4875000));
5;0.607910156250000;4875000;0;62.46;((0, 6500000), (1625000, 3250000, 4875000));
5;0.607666015625000;4875000;0;61.79;((0, 6500000), (1625000, 3250000, 4875000));
5;0.607543945312500;4875000;2;106.14;((0, 6500000), (1625000, 3250000, 4875000));
5;0.607482910156250;4875000;4;107.66;((0, 6500000), (1625000, 3250000, 4875000));
5;0.607452392578125;4875000;3;105.91;((0, 6500000), (1625000, 3250000, 4875000));
5;0.607437133789062;4875000;3;106.98;((0, 6500000), (1625000, 3250000, 4875000));
5;0.607429504394531;4875000;4;106.84;((0, 6500000), (1625000, 3250000, 4875000));
5;0.607425689697266;4875000;2;105.98;((0, 6500000), (1625000, 3250000, 4875000));
5;0.607423782348633;4875000;6;106.98;((0, 6500000), (1625000, 3250000, 4875000));
5;0.607424736022949;4875000;4;106.52;((0, 6500000), (1625000, 3250000, 4875000));
5;0.500000000000000;812500;11;92.84;((0, 3250000), (812500, 1625000, 2437500));
5;0.750000000000000;812500;11;134.10;((0, 3250000), (812500, 1625000, 2437500));
5;0.875000000000000;812500;0;71.36;((0, 3250000), (812500, 1625000, 2437500));
5;0.812500000000000;812500;11;144.28;((0, 3250000), (812500, 1625000, 2437500));
5;0.843750000000000;812500;11;155.46;((0, 3250000), (812500, 1625000, 2437500));
5;0.859375000000000;812500;11;152.70;((0, 3250000), (812500, 1625000, 2437500));
5;0.867187500000000;812500;0;71.82;((0, 3250000), (812500, 1625000, 2437500));
5;0.863281250000000;812500;0;91.87;((0, 3250000), (812500, 1625000, 2437500));
5;0.861328125000000;812500;11;153.86;((0, 3250000), (812500, 1625000, 2437500));
5;0.862304687500000;812500;9;151.31;((0, 3250000), (812500, 1625000, 2437500));
5;0.862792968750000;812500;2;145.61;((0, 3250000), (812500, 1625000, 2437500));
5;0.862548828125000;812500;3;146.00;((0, 3250000), (812500, 1625000, 2437500));
5;0.862426757812500;812500;5;146.61;((0, 3250000), (812500, 1625000, 2437500));
5;0.862365722656250;812500;5;149.35;((0, 3250000), (812500, 1625000, 2437500));
5;0.862335205078125;812500;6;148.26;((0, 3250000), (812500, 1625000, 2437500));
5;0.862350463867188;812500;6;150.03;((0, 3250000), (812500, 1625000, 2437500));
5;0.862358093261719;812500;3;144.78;((0, 3250000), (812500, 1625000, 2437500));
5;0.862354278564453;812500;7;148.07;((0, 3250000), (812500, 1625000, 2437500));
5;0.862356185913086;812500;6;146.56;((0, 3250000), (812500, 1625000, 2437500));
5;0.862357139587402;812500;7;148.09;((0, 3250000), (812500, 1625000, 2437500));
5;0.500000000000000;2437500;11;94.13;((0, 3250000), (812500, 1625000, 2437500));
5;0.750000000000000;2437500;0;65.05;((0, 3250000), (812500, 1625000, 2437500));
5;0.625000000000000;2437500;11;114.27;((0, 3250000), (812500, 1625000, 2437500));
5;0.687500000000000;2437500;0;65.44;((0, 3250000), (812500, 1625000, 2437500));
5;0.656250000000000;2437500;0;66.02;((0, 3250000), (812500, 1625000, 2437500));
5;0.640625000000000;2437500;11;116.24;((0, 3250000), (812500, 1625000, 2437500));
5;0.648437500000000;2437500;10;115.87;((0, 3250000), (812500, 1625000, 2437500));
5;0.652343750000000;2437500;0;66.17;((0, 3250000), (812500, 1625000, 2437500));
5;0.650390625000000;2437500;0;68.10;((0, 3250000), (812500, 1625000, 2437500));
5;0.649414062500000;2437500;0;67.82;((0, 3250000), (812500, 1625000, 2437500));
5;0.648925781250000;2437500;6;114.13;((0, 3250000), (812500, 1625000, 2437500));
5;0.649169921875000;2437500;0;68.12;((0, 3250000), (812500, 1625000, 2437500));
5;0.649047851562500;2437500;4;113.52;((0, 3250000), (812500, 1625000, 2437500));
5;0.648986816406250;2437500;4;113.11;((0, 3250000), (812500, 1625000, 2437500));
5;0.648956298828125;2437500;4;115.01;((0, 3250000), (812500, 1625000, 2437500));
5;0.648941040039062;2437500;1;112.19;((0, 3250000), (812500, 1625000, 2437500));
5;0.648933410644531;2437500;4;113.63;((0, 3250000), (812500, 1625000, 2437500));
5;0.648929595947266;2437500;3;112.63;((0, 3250000), (812500, 1625000, 2437500));
5;0.648927688598633;2437500;3;112.55;((0, 3250000), (812500, 1625000, 2437500));
5;0.648926734924316;2437500;4;113.50;((0, 3250000), (812500, 1625000, 2437500));
5;0.500000000000000;406250;11;90.83;((0, 1625000), (406250, 812500, 1218750));
5;0.750000000000000;406250;11;132.73;((0, 1625000), (406250, 812500, 1218750));
5;0.875000000000000;406250;11;154.38;((0, 1625000), (406250, 812500, 1218750));
5;0.937500000000000;406250;0;70.34;((0, 1625000), (406250, 812500, 1218750));
5;0.906250000000000;406250;11;159.16;((0, 1625000), (406250, 812500, 1218750));
5;0.921875000000000;406250;3;154.07;((0, 1625000), (406250, 812500, 1218750));
5;0.914062500000000;406250;11;162.22;((0, 1625000), (406250, 812500, 1218750));
5;0.917968750000000;406250;11;164.25;((0, 1625000), (406250, 812500, 1218750));
5;0.919921875000000;406250;11;161.49;((0, 1625000), (406250, 812500, 1218750));
5;0.920898437500000;406250;10;157.69;((0, 1625000), (406250, 812500, 1218750));
5;0.921386718750000;406250;7;156.51;((0, 1625000), (406250, 812500, 1218750));
5;0.921630859375000;406250;8;156.87;((0, 1625000), (406250, 812500, 1218750));
5;0.921752929687500;406250;4;155.42;((0, 1625000), (406250, 812500, 1218750));
5;0.921691894531250;406250;8;155.51;((0, 1625000), (406250, 812500, 1218750));
5;0.921722412109375;406250;9;158.33;((0, 1625000), (406250, 812500, 1218750));
5;0.921737670898438;406250;6;155.78;((0, 1625000), (406250, 812500, 1218750));
5;0.921745300292969;406250;6;154.86;((0, 1625000), (406250, 812500, 1218750));
5;0.921749114990234;406250;7;156.98;((0, 1625000), (406250, 812500, 1218750));
5;0.921751022338867;406250;7;157.49;((0, 1625000), (406250, 812500, 1218750));
5;0.921751976013184;406250;5;154.89;((0, 1625000), (406250, 812500, 1218750));
5;0.500000000000000;1218750;11;92.10;((0, 1625000), (406250, 812500, 1218750));
5;0.750000000000000;1218750;11;134.53;((0, 1625000), (406250, 812500, 1218750));
5;0.875000000000000;1218750;0;69.89;((0, 1625000), (406250, 812500, 1218750));
5;0.812500000000000;1218750;0;69.33;((0, 1625000), (406250, 812500, 1218750));
5;0.781250000000000;1218750;11;139.22;((0, 1625000), (406250, 812500, 1218750));
5;0.796875000000000;1218750;11;142.51;((0, 1625000), (406250, 812500, 1218750));
5;0.804687500000000;1218750;0;72.49;((0, 1625000), (406250, 812500, 1218750));
5;0.800781250000000;1218750;11;145.71;((0, 1625000), (406250, 812500, 1218750));
5;0.802734375000000;1218750;1;133.22;((0, 1625000), (406250, 812500, 1218750));
5;0.801757812500000;1218750;5;136.70;((0, 1625000), (406250, 812500, 1218750));
5;0.801269531250000;1218750;10;141.11;((0, 1625000), (406250, 812500, 1218750));
5;0.801513671875000;1218750;10;140.79;((0, 1625000), (406250, 812500, 1218750));
5;0.801635742187500;1218750;8;137.91;((0, 1625000), (406250, 812500, 1218750));
5;0.801696777343750;1218750;9;139.26;((0, 1625000), (406250, 812500, 1218750));
5;0.801727294921875;1218750;6;137.39;((0, 1625000), (406250, 812500, 1218750));
5;0.801742553710938;1218750;6;139.82;((0, 1625000), (406250, 812500, 1218750));
5;0.801750183105469;1218750;7;139.10;((0, 1625000), (406250, 812500, 1218750));
5;0.801753997802734;1218750;6;138.65;((0, 1625000), (406250, 812500, 1218750));
5;0.801755905151367;1218750;5;138.60;((0, 1625000), (406250, 812500, 1218750));
5;0.801754951477051;1218750;8;139.20;((0, 1625000), (406250, 812500, 1218750));
5;0.500000000000000;203125;11;91.58;((0, 812500), (203125, 406250, 609375));
5;0.750000000000000;203125;11;132.53;((0, 812500), (203125, 406250, 609375));
5;0.875000000000000;203125;11;151.75;((0, 812500), (203125, 406250, 609375));
5;0.937500000000000;203125;11;163.76;((0, 812500), (203125, 406250, 609375));
5;0.968750000000000;203125;0;69.06;((0, 812500), (203125, 406250, 609375));
5;0.953125000000000;203125;10;165.66;((0, 812500), (203125, 406250, 609375));
5;0.960937500000000;203125;0;70.66;((0, 812500), (203125, 406250, 609375));
5;0.957031250000000;203125;0;89.00;((0, 812500), (203125, 406250, 609375));
5;0.955078125000000;203125;1;154.59;((0, 812500), (203125, 406250, 609375));
5;0.954101562500000;203125;7;160.76;((0, 812500), (203125, 406250, 609375));
5;0.954589843750000;203125;5;159.04;((0, 812500), (203125, 406250, 609375));
5;0.954345703125000;203125;6;160.79;((0, 812500), (203125, 406250, 609375));
5;0.954467773437500;203125;5;158.96;((0, 812500), (203125, 406250, 609375));
5;0.954406738281250;203125;6;159.52;((0, 812500), (203125, 406250, 609375));
5;0.954437255859375;203125;5;157.97;((0, 812500), (203125, 406250, 609375));
5;0.954421997070312;203125;6;160.41;((0, 812500), (203125, 406250, 609375));
5;0.954429626464844;203125;4;158.76;((0, 812500), (203125, 406250, 609375));
5;0.954425811767578;203125;7;161.29;((0, 812500), (203125, 406250, 609375));
5;0.954427719116211;203125;6;159.15;((0, 812500), (203125, 406250, 609375));
5;0.954428672790527;203125;7;160.28;((0, 812500), (203125, 406250, 609375));
5;0.500000000000000;609375;11;92.53;((0, 812500), (203125, 406250, 609375));
5;0.750000000000000;609375;11;134.40;((0, 812500), (203125, 406250, 609375));
5;0.875000000000000;609375;11;155.22;((0, 812500), (203125, 406250, 609375));
5;0.937500000000000;609375;0;70.28;((0, 812500), (203125, 406250, 609375));
5;0.906250000000000;609375;0;70.66;((0, 812500), (203125, 406250, 609375));
5;0.890625000000000;609375;11;163.27;((0, 812500), (203125, 406250, 609375));
5;0.898437500000000;609375;0;94.43;((0, 812500), (203125, 406250, 609375));
5;0.894531250000000;609375;11;158.59;((0, 812500), (203125, 406250, 609375));
5;0.896484375000000;609375;9;153.42;((0, 812500), (203125, 406250, 609375));
5;0.897460937500000;609375;0;90.29;((0, 812500), (203125, 406250, 609375));
5;0.896972656250000;609375;2;147.93;((0, 812500), (203125, 406250, 609375));
5;0.896728515625000;609375;7;152.15;((0, 812500), (203125, 406250, 609375));
5;0.896850585937500;609375;3;150.36;((0, 812500), (203125, 406250, 609375));
5;0.896789550781250;609375;3;151.22;((0, 812500), (203125, 406250, 609375));
5;0.896759033203125;609375;1;146.89;((0, 812500), (203125, 406250, 609375));
5;0.896743774414062;609375;2;151.68;((0, 812500), (203125, 406250, 609375));
5;0.896736145019531;609375;6;150.90;((0, 812500), (203125, 406250, 609375));
5;0.896739959716797;609375;6;156.09;((0, 812500), (203125, 406250, 609375));
5;0.896741867065430;609375;6;152.09;((0, 812500), (203125, 406250, 609375));
5;0.896742820739746;609375;4;152.35;((0, 812500), (203125, 406250, 609375));
5;0.500000000000000;101562;11;96.02;((0, 406250), (101562, 203124, 304686));
5;0.750000000000000;101562;11;132.45;((0, 406250), (101562, 203124, 304686));
5;0.875000000000000;101562;11;153.54;((0, 406250), (101562, 203124, 304686));
5;0.937500000000000;101562;11;163.47;((0, 406250), (101562, 203124, 304686));
5;0.968750000000000;101562;0;71.82;((0, 406250), (101562, 203124, 304686));
5;0.953125000000000;101562;11;167.05;((0, 406250), (101562, 203124, 304686));
5;0.960937500000000;101562;7;164.74;((0, 406250), (101562, 203124, 304686));
5;0.964843750000000;101562;0;82.23;((0, 406250), (101562, 203124, 304686));
5;0.962890625000000;101562;0;98.28;((0, 406250), (101562, 203124, 304686));
5;0.961914062500000;101562;2;155.54;((0, 406250), (101562, 203124, 304686));
5;0.961425781250000;101562;2;155.30;((0, 406250), (101562, 203124, 304686));
5;0.961181640625000;101562;4;158.22;((0, 406250), (101562, 203124, 304686));
5;0.961059570312500;101562;2;156.76;((0, 406250), (101562, 203124, 304686));
5;0.960998535156250;101562;7;167.17;((0, 406250), (101562, 203124, 304686));
5;0.961029052734375;101562;5;157.64;((0, 406250), (101562, 203124, 304686));
5;0.961013793945312;101562;6;158.30;((0, 406250), (101562, 203124, 304686));
5;0.961021423339844;101562;4;159.69;((0, 406250), (101562, 203124, 304686));
5;0.961017608642578;101562;2;156.48;((0, 406250), (101562, 203124, 304686));
5;0.961015701293945;101562;3;158.27;((0, 406250), (101562, 203124, 304686));
5;0.961014747619629;101562;4;157.15;((0, 406250), (101562, 203124, 304686));
5;0.500000000000000;203124;11;90.91;((0, 406250), (101562, 203124, 304686));
5;0.750000000000000;203124;11;132.47;((0, 406250), (101562, 203124, 304686));
5;0.875000000000000;203124;11;152.51;((0, 406250), (101562, 203124, 304686));
5;0.937500000000000;203124;11;164.68;((0, 406250), (101562, 203124, 304686));
5;0.968750000000000;203124;0;69.90;((0, 406250), (101562, 203124, 304686));
5;0.953125000000000;203124;0;84.62;((0, 406250), (101562, 203124, 304686));
5;0.945312500000000;203124;11;181.61;((0, 406250), (101562, 203124, 304686));
5;0.949218750000000;203124;7;161.46;((0, 406250), (101562, 203124, 304686));
5;0.951171875000000;203124;2;159.37;((0, 406250), (101562, 203124, 304686));
5;0.950195312500000;203124;4;158.36;((0, 406250), (101562, 203124, 304686));
5;0.949707031250000;203124;2;156.55;((0, 406250), (101562, 203124, 304686));
5;0.949462890625000;203124;4;156.60;((0, 406250), (101562, 203124, 304686));
5;0.949340820312500;203124;7;159.93;((0, 406250), (101562, 203124, 304686));
5;0.949401855468750;203124;8;158.49;((0, 406250), (101562, 203124, 304686));
5;0.949432373046875;203124;9;162.32;((0, 406250), (101562, 203124, 304686));
5;0.949447631835938;203124;6;160.88;((0, 406250), (101562, 203124, 304686));
5;0.949455261230469;203124;5;160.79;((0, 406250), (101562, 203124, 304686));
5;0.949451446533203;203124;8;159.86;((0, 406250), (101562, 203124, 304686));
5;0.949453353881836;203124;4;157.65;((0, 406250), (101562, 203124, 304686));
5;0.949452400207520;203124;9;161.25;((0, 406250), (101562, 203124, 304686));
5;0.500000000000000;304686;11;90.63;((0, 406250), (101562, 203124, 304686));
5;0.750000000000000;304686;11;132.78;((0, 406250), (101562, 203124, 304686));
5;0.875000000000000;304686;11;152.86;((0, 406250), (101562, 203124, 304686));
5;0.937500000000000;304686;11;175.60;((0, 406250), (101562, 203124, 304686));
5;0.968750000000000;304686;0;69.56;((0, 406250), (101562, 203124, 304686));
5;0.953125000000000;304686;0;69.37;((0, 406250), (101562, 203124, 304686));
5;0.945312500000000;304686;0;73.83;((0, 406250), (101562, 203124, 304686));
5;0.941406250000000;304686;2;154.59;((0, 406250), (101562, 203124, 304686));
5;0.939453125000000;304686;11;165.04;((0, 406250), (101562, 203124, 304686));
5;0.940429687500000;304686;9;158.60;((0, 406250), (101562, 203124, 304686));
5;0.940917968750000;304686;4;157.95;((0, 406250), (101562, 203124, 304686));
5;0.940673828125000;304686;6;157.98;((0, 406250), (101562, 203124, 304686));
5;0.940795898437500;304686;5;159.00;((0, 406250), (101562, 203124, 304686));
5;0.940734863281250;304686;3;156.69;((0, 406250), (101562, 203124, 304686));
5;0.940704345703125;304686;5;157.30;((0, 406250), (101562, 203124, 304686));
5;0.940689086914062;304686;6;159.39;((0, 406250), (101562, 203124, 304686));
5;0.940696716308594;304686;9;162.14;((0, 406250), (101562, 203124, 304686));
5;0.940700531005859;304686;3;155.49;((0, 406250), (101562, 203124, 304686));
5;0.940698623657227;304686;6;157.57;((0, 406250), (101562, 203124, 304686));
5;0.940699577331543;304686;7;159.32;((0, 406250), (101562, 203124, 304686));
5;0.500000000000000;50781;11;88.59;((0, 203124), (50781, 101562, 152343));
5;0.750000000000000;50781;11;130.78;((0, 203124), (50781, 101562, 152343));
5;0.875000000000000;50781;11;151.52;((0, 203124), (50781, 101562, 152343));
5;0.937500000000000;50781;11;160.74;((0, 203124), (50781, 101562, 152343));
5;0.968750000000000;50781;2;163.93;((0, 203124), (50781, 101562, 152343));
5;0.953125000000000;50781;11;163.96;((0, 203124), (50781, 101562, 152343));
5;0.960937500000000;50781;11;165.83;((0, 203124), (50781, 101562, 152343));
5;0.964843750000000;50781;11;165.13;((0, 203124), (50781, 101562, 152343));
5;0.966796875000000;50781;8;160.40;((0, 203124), (50781, 101562, 152343));
5;0.967773437500000;50781;4;157.67;((0, 203124), (50781, 101562, 152343));
5;0.967285156250000;50781;8;158.82;((0, 203124), (50781, 101562, 152343));
5;0.967529296875000;50781;6;160.39;((0, 203124), (50781, 101562, 152343));
5;0.967651367187500;50781;2;157.95;((0, 203124), (50781, 101562, 152343));
5;0.967590332031250;50781;4;158.17;((0, 203124), (50781, 101562, 152343));
5;0.967559814453125;50781;4;156.93;((0, 203124), (50781, 101562, 152343));
5;0.967544555664062;50781;4;159.46;((0, 203124), (50781, 101562, 152343));
5;0.967536926269531;50781;6;163.92;((0, 203124), (50781, 101562, 152343));
5;0.967540740966797;50781;5;158.31;((0, 203124), (50781, 101562, 152343));
5;0.967538833618164;50781;6;159.27;((0, 203124), (50781, 101562, 152343));
5;0.967539787292480;50781;6;160.86;((0, 203124), (50781, 101562, 152343));
5;0.500000000000000;152343;11;91.43;((0, 203124), (50781, 101562, 152343));
5;0.750000000000000;152343;11;130.99;((0, 203124), (50781, 101562, 152343));
5;0.875000000000000;152343;11;153.51;((0, 203124), (50781, 101562, 152343));
5;0.937500000000000;152343;11;163.57;((0, 203124), (50781, 101562, 152343));
5;0.968750000000000;152343;0;71.41;((0, 203124), (50781, 101562, 152343));
5;0.953125000000000;152343;11;167.99;((0, 203124), (50781, 101562, 152343));
5;0.960937500000000;152343;3;158.41;((0, 203124), (50781, 101562, 152343));
5;0.957031250000000;152343;11;165.12;((0, 203124), (50781, 101562, 152343));
5;0.958984375000000;152343;11;168.61;((0, 203124), (50781, 101562, 152343));
5;0.959960937500000;152343;9;162.55;((0, 203124), (50781, 101562, 152343));
5;0.960449218750000;152343;6;159.61;((0, 203124), (50781, 101562, 152343));
5;0.960693359375000;152343;4;160.31;((0, 203124), (50781, 101562, 152343));
5;0.960571289062500;152343;5;157.29;((0, 203124), (50781, 101562, 152343));
5;0.960510253906250;152343;5;160.29;((0, 203124), (50781, 101562, 152343));
5;0.960479736328125;152343;5;161.29;((0, 203124), (50781, 101562, 152343));
5;0.960464477539062;152343;6;159.36;((0, 203124), (50781, 101562, 152343));
5;0.960472106933594;152343;10;163.69;((0, 203124), (50781, 101562, 152343));
5;0.960475921630859;152343;7;159.96;((0, 203124), (50781, 101562, 152343));
5;0.960477828979492;152343;7;160.34;((0, 203124), (50781, 101562, 152343));
5;0.960478782653809;152343;6;158.39;((0, 203124), (50781, 101562, 152343));
5;0.500000000000000;25390;11;90.22;((0, 101562), (25390, 50780, 76170));
5;0.750000000000000;25390;11;130.93;((0, 101562), (25390, 50780, 76170));
5;0.875000000000000;25390;11;147.79;((0, 101562), (25390, 50780, 76170));
5;0.937500000000000;25390;11;159.60;((0, 101562), (25390, 50780, 76170));
5;0.968750000000000;25390;0;71.27;((0, 101562), (25390, 50780, 76170));
5;0.953125000000000;25390;9;155.77;((0, 101562), (25390, 50780, 76170));
5;0.960937500000000;25390;0;108.68;((0, 101562), (25390, 50780, 76170));
5;0.957031250000000;25390;4;154.95;((0, 101562), (25390, 50780, 76170));
5;0.955078125000000;25390;7;158.12;((0, 101562), (25390, 50780, 76170));
5;0.956054687500000;25390;9;157.78;((0, 101562), (25390, 50780, 76170));
5;0.956542968750000;25390;3;153.98;((0, 101562), (25390, 50780, 76170));
5;0.956298828125000;25390;7;155.48;((0, 101562), (25390, 50780, 76170));
5;0.956420898437500;25390;5;155.97;((0, 101562), (25390, 50780, 76170));
5;0.956359863281250;25390;8;157.32;((0, 101562), (25390, 50780, 76170));
5;0.956390380859375;25390;7;155.85;((0, 101562), (25390, 50780, 76170));
5;0.956405639648438;25390;8;156.94;((0, 101562), (25390, 50780, 76170));
5;0.956413269042969;25390;3;190.36;((0, 101562), (25390, 50780, 76170));
5;0.956409454345703;25390;8;157.76;((0, 101562), (25390, 50780, 76170));
5;0.956411361694336;25390;5;154.89;((0, 101562), (25390, 50780, 76170));
5;0.956410408020020;25390;4;154.00;((0, 101562), (25390, 50780, 76170));
5;0.500000000000000;50780;11;91.15;((0, 101562), (25390, 50780, 76170));
5;0.750000000000000;50780;11;130.44;((0, 101562), (25390, 50780, 76170));
5;0.875000000000000;50780;11;150.23;((0, 101562), (25390, 50780, 76170));
5;0.937500000000000;50780;11;162.30;((0, 101562), (25390, 50780, 76170));
5;0.968750000000000;50780;0;76.40;((0, 101562), (25390, 50780, 76170));
5;0.953125000000000;50780;11;164.00;((0, 101562), (25390, 50780, 76170));
5;0.960937500000000;50780;8;159.10;((0, 101562), (25390, 50780, 76170));
5;0.964843750000000;50780;0;99.50;((0, 101562), (25390, 50780, 76170));
5;0.962890625000000;50780;3;156.57;((0, 101562), (25390, 50780, 76170));
5;0.961914062500000;50780;7;157.23;((0, 101562), (25390, 50780, 76170));
5;0.962402343750000;50780;5;157.62;((0, 101562), (25390, 50780, 76170));
5;0.962158203125000;50780;6;157.43;((0, 101562), (25390, 50780, 76170));
5;0.962280273437500;50780;4;156.83;((0, 101562), (25390, 50780, 76170));
5;0.962219238281250;50780;6;159.03;((0, 101562), (25390, 50780, 76170));
5;0.962249755859375;50780;5;156.88;((0, 101562), (25390, 50780, 76170));
5;0.962234497070312;50780;4;159.03;((0, 101562), (25390, 50780, 76170));
5;0.962226867675781;50780;4;158.18;((0, 101562), (25390, 50780, 76170));
5;0.962223052978516;50780;4;156.35;((0, 101562), (25390, 50780, 76170));
5;0.962221145629883;50780;4;157.92;((0, 101562), (25390, 50780, 76170));
5;0.962220191955566;50780;8;159.73;((0, 101562), (25390, 50780, 76170));
5;0.500000000000000;76170;11;91.16;((0, 101562), (25390, 50780, 76170));
5;0.750000000000000;76170;11;132.14;((0, 101562), (25390, 50780, 76170));
5;0.875000000000000;76170;11;152.74;((0, 101562), (25390, 50780, 76170));
5;0.937500000000000;76170;11;161.05;((0, 101562), (25390, 50780, 76170));
5;0.968750000000000;76170;0;77.74;((0, 101562), (25390, 50780, 76170));
5;0.953125000000000;76170;11;163.73;((0, 101562), (25390, 50780, 76170));
5;0.960937500000000;76170;11;166.12;((0, 101562), (25390, 50780, 76170));
5;0.964843750000000;76170;0;85.61;((0, 101562), (25390, 50780, 76170));
5;0.962890625000000;76170;6;164.16;((0, 101562), (25390, 50780, 76170));
5;0.963867187500000;76170;2;156.48;((0, 101562), (25390, 50780, 76170));
5;0.963378906250000;76170;4;157.97;((0, 101562), (25390, 50780, 76170));
5;0.963134765625000;76170;0;102.13;((0, 101562), (25390, 50780, 76170));
5;0.963012695312500;76170;1;156.40;((0, 101562), (25390, 50780, 76170));
5;0.962951660156250;76170;0;113.50;((0, 101562), (25390, 50780, 76170));
5;0.962921142578125;76170;4;157.34;((0, 101562), (25390, 50780, 76170));
5;0.962905883789062;76170;7;159.31;((0, 101562), (25390, 50780, 76170));
5;0.962913513183594;76170;5;158.45;((0, 101562), (25390, 50780, 76170));
5;0.962909698486328;76170;1;154.18;((0, 101562), (25390, 50780, 76170));
5;0.962907791137695;76170;2;156.15;((0, 101562), (25390, 50780, 76170));
5;0.962906837463379;76170;5;158.65;((0, 101562), (25390, 50780, 76170));
5;0.500000000000000;63475;11;91.01;((50780, 101562), (63475, 76170, 88865));
5;0.750000000000000;63475;11;131.58;((50780, 101562), (63475, 76170, 88865));
5;0.875000000000000;63475;11;152.55;((50780, 101562), (63475, 76170, 88865));
5;0.937500000000000;63475;11;161.98;((50780, 101562), (63475, 76170, 88865));
5;0.968750000000000;63475;2;155.73;((50780, 101562), (63475, 76170, 88865));
5;0.953125000000000;63475;11;164.81;((50780, 101562), (63475, 76170, 88865));
5;0.960937500000000;63475;11;165.90;((50780, 101562), (63475, 76170, 88865));
5;0.964843750000000;63475;11;165.35;((50780, 101562), (63475, 76170, 88865));
5;0.966796875000000;63475;6;159.65;((50780, 101562), (63475, 76170, 88865));
5;0.967773437500000;63475;7;159.87;((50780, 101562), (63475, 76170, 88865));
5;0.968261718750000;63475;4;160.29;((50780, 101562), (63475, 76170, 88865));
5;0.968017578125000;63475;6;159.47;((50780, 101562), (63475, 76170, 88865));
5;0.968139648437500;63475;4;159.06;((50780, 101562), (63475, 76170, 88865));
5;0.968078613281250;63475;4;159.30;((50780, 101562), (63475, 76170, 88865));
5;0.968048095703125;63475;3;157.30;((50780, 101562), (63475, 76170, 88865));
5;0.968032836914062;63475;2;156.72;((50780, 101562), (63475, 76170, 88865));
5;0.968025207519531;63475;4;158.66;((50780, 101562), (63475, 76170, 88865));
5;0.968021392822266;63475;4;159.12;((50780, 101562), (63475, 76170, 88865));
5;0.968019485473633;63475;2;158.01;((50780, 101562), (63475, 76170, 88865));
5;0.968018531799316;63475;4;157.67;((50780, 101562), (63475, 76170, 88865));
5;0.500000000000000;88865;11;91.94;((50780, 101562), (63475, 76170, 88865));
5;0.750000000000000;88865;11;131.25;((50780, 101562), (63475, 76170, 88865));
5;0.875000000000000;88865;11;153.21;((50780, 101562), (63475, 76170, 88865));
5;0.937500000000000;88865;11;160.79;((50780, 101562), (63475, 76170, 88865));
5;0.968750000000000;88865;0;102.14;((50780, 101562), (63475, 76170, 88865));
5;0.953125000000000;88865;11;164.54;((50780, 101562), (63475, 76170, 88865));
5;0.960937500000000;88865;11;165.50;((50780, 101562), (63475, 76170, 88865));
5;0.964843750000000;88865;10;163.42;((50780, 101562), (63475, 76170, 88865));
5;0.966796875000000;88865;6;161.14;((50780, 101562), (63475, 76170, 88865));
5;0.967773437500000;88865;3;157.84;((50780, 101562), (63475, 76170, 88865));
5;0.967285156250000;88865;2;158.89;((50780, 101562), (63475, 76170, 88865));
5;0.967041015625000;88865;5;162.61;((50780, 101562), (63475, 76170, 88865));
5;0.966918945312500;88865;4;158.86;((50780, 101562), (63475, 76170, 88865));
5;0.966857910156250;88865;3;159.95;((50780, 101562), (63475, 76170, 88865));
5;0.966827392578125;88865;6;162.38;((50780, 101562), (63475, 76170, 88865));
5;0.966842651367188;88865;6;160.64;((50780, 101562), (63475, 76170, 88865));
5;0.966850280761719;88865;5;158.82;((50780, 101562), (63475, 76170, 88865));
5;0.966846466064453;88865;7;159.70;((50780, 101562), (63475, 76170, 88865));
5;0.966848373413086;88865;2;158.23;((50780, 101562), (63475, 76170, 88865));
5;0.966847419738770;88865;4;159.95;((50780, 101562), (63475, 76170, 88865));
5;0.500000000000000;57127;11;89.32;((50780, 76170), (57127, 63474, 69821));
5;0.750000000000000;57127;11;130.06;((50780, 76170), (57127, 63474, 69821));
5;0.875000000000000;57127;11;149.71;((50780, 76170), (57127, 63474, 69821));
5;0.937500000000000;57127;11;161.13;((50780, 76170), (57127, 63474, 69821));
5;0.968750000000000;57127;3;156.33;((50780, 76170), (57127, 63474, 69821));
5;0.953125000000000;57127;11;162.99;((50780, 76170), (57127, 63474, 69821));
5;0.960937500000000;57127;11;166.39;((50780, 76170), (57127, 63474, 69821));
5;0.964843750000000;57127;11;165.71;((50780, 76170), (57127, 63474, 69821));
5;0.966796875000000;57127;7;159.00;((50780, 76170), (57127, 63474, 69821));
5;0.967773437500000;57127;4;158.36;((50780, 76170), (57127, 63474, 69821));
5;0.967285156250000;57127;2;159.91;((50780, 76170), (57127, 63474, 69821));
5;0.967041015625000;57127;9;160.58;((50780, 76170), (57127, 63474, 69821));
5;0.967163085937500;57127;8;162.23;((50780, 76170), (57127, 63474, 69821));
5;0.967224121093750;57127;6;159.99;((50780, 76170), (57127, 63474, 69821));
5;0.967254638671875;57127;7;161.08;((50780, 76170), (57127, 63474, 69821));
5;0.967269897460938;57127;6;158.72;((50780, 76170), (57127, 63474, 69821));
5;0.967277526855469;57127;3;159.01;((50780, 76170), (57127, 63474, 69821));
5;0.967273712158203;57127;9;162.34;((50780, 76170), (57127, 63474, 69821));
5;0.967275619506836;57127;5;162.46;((50780, 76170), (57127, 63474, 69821));
5;0.967274665832520;57127;7;160.10;((50780, 76170), (57127, 63474, 69821));
5;0.500000000000000;63474;11;91.38;((50780, 76170), (57127, 63474, 69821));
5;0.750000000000000;63474;11;132.01;((50780, 76170), (57127, 63474, 69821));
5;0.875000000000000;63474;11;152.62;((50780, 76170), (57127, 63474, 69821));
5;0.937500000000000;63474;11;161.58;((50780, 76170), (57127, 63474, 69821));
5;0.968750000000000;63474;0;74.29;((50780, 76170), (57127, 63474, 69821));
5;0.953125000000000;63474;11;162.83;((50780, 76170), (57127, 63474, 69821));
5;0.960937500000000;63474;8;160.13;((50780, 76170), (57127, 63474, 69821));
5;0.964843750000000;63474;0;99.79;((50780, 76170), (57127, 63474, 69821));
5;0.962890625000000;63474;2;158.16;((50780, 76170), (57127, 63474, 69821));
5;0.961914062500000;63474;7;159.05;((50780, 76170), (57127, 63474, 69821));
5;0.962402343750000;63474;4;158.63;((50780, 76170), (57127, 63474, 69821));
5;0.962158203125000;63474;7;160.34;((50780, 76170), (57127, 63474, 69821));
5;0.962280273437500;63474;4;158.48;((50780, 76170), (57127, 63474, 69821));
5;0.962219238281250;63474;5;158.79;((50780, 76170), (57127, 63474, 69821));
5;0.962188720703125;63474;6;157.82;((50780, 76170), (57127, 63474, 69821));
5;0.962203979492188;63474;4;159.76;((50780, 76170), (57127, 63474, 69821));
5;0.962196350097656;63474;8;159.38;((50780, 76170), (57127, 63474, 69821));
5;0.962200164794922;63474;8;162.43;((50780, 76170), (57127, 63474, 69821));
5;0.962202072143555;63474;6;160.29;((50780, 76170), (57127, 63474, 69821));
5;0.962203025817871;63474;4;158.35;((50780, 76170), (57127, 63474, 69821));
5;0.500000000000000;69821;11;90.80;((50780, 76170), (57127, 63474, 69821));
5;0.750000000000000;69821;11;130.50;((50780, 76170), (57127, 63474, 69821));
5;0.875000000000000;69821;11;152.53;((50780, 76170), (57127, 63474, 69821));
5;0.937500000000000;69821;11;162.92;((50780, 76170), (57127, 63474, 69821));
5;0.968750000000000;69821;0;99.84;((50780, 76170), (57127, 63474, 69821));
5;0.953125000000000;69821;11;163.75;((50780, 76170), (57127, 63474, 69821));
5;0.960937500000000;69821;11;174.58;((50780, 76170), (57127, 63474, 69821));
5;0.964843750000000;69821;10;163.84;((50780, 76170), (57127, 63474, 69821));
5;0.966796875000000;69821;7;160.55;((50780, 76170), (57127, 63474, 69821));
5;0.967773437500000;69821;2;157.31;((50780, 76170), (57127, 63474, 69821));
5;0.967285156250000;69821;5;161.15;((50780, 76170), (57127, 63474, 69821));
5;0.967041015625000;69821;5;159.77;((50780, 76170), (57127, 63474, 69821));
5;0.966918945312500;69821;6;159.01;((50780, 76170), (57127, 63474, 69821));
5;0.966979980468750;69821;9;161.90;((50780, 76170), (57127, 63474, 69821));
5;0.967010498046875;69821;9;161.31;((50780, 76170), (57127, 63474, 69821));
5;0.967025756835938;69821;10;164.08;((50780, 76170), (57127, 63474, 69821));
5;0.967033386230469;69821;6;162.35;((50780, 76170), (57127, 63474, 69821));
5;0.967037200927734;69821;7;160.55;((50780, 76170), (57127, 63474, 69821));
5;0.967039108276367;69821;8;162.21;((50780, 76170), (57127, 63474, 69821));
5;0.967040061950684;69821;8;159.78;((50780, 76170), (57127, 63474, 69821));
5;0.500000000000000;53953;11;90.66;((50780, 63474), (53953, 57126, 60299));
5;0.750000000000000;53953;11;130.58;((50780, 63474), (53953, 57126, 60299));
5;0.875000000000000;53953;11;149.81;((50780, 63474), (53953, 57126, 60299));
5;0.937500000000000;53953;11;162.46;((50780, 63474), (53953, 57126, 60299));
5;0.968750000000000;53953;2;156.09;((50780, 63474), (53953, 57126, 60299));
5;0.953125000000000;53953;11;164.13;((50780, 63474), (53953, 57126, 60299));
5;0.960937500000000;53953;11;165.00;((50780, 63474), (53953, 57126, 60299));
5;0.964843750000000;53953;11;164.78;((50780, 63474), (53953, 57126, 60299));
5;0.966796875000000;53953;6;161.38;((50780, 63474), (53953, 57126, 60299));
5;0.967773437500000;53953;2;159.35;((50780, 63474), (53953, 57126, 60299));
5;0.967285156250000;53953;8;160.92;((50780, 63474), (53953, 57126, 60299));
5;0.967529296875000;53953;7;162.75;((50780, 63474), (53953, 57126, 60299));
5;0.967651367187500;53953;5;158.81;((50780, 63474), (53953, 57126, 60299));
5;0.967590332031250;53953;5;157.79;((50780, 63474), (53953, 57126, 60299));
5;0.967559814453125;53953;4;159.06;((50780, 63474), (53953, 57126, 60299));
5;0.967544555664062;53953;7;159.62;((50780, 63474), (53953, 57126, 60299));
5;0.967552185058594;53953;5;168.83;((50780, 63474), (53953, 57126, 60299));
5;0.967548370361328;53953;3;158.23;((50780, 63474), (53953, 57126, 60299));
5;0.967546463012695;53953;6;159.72;((50780, 63474), (53953, 57126, 60299));
5;0.967547416687012;53953;7;161.70;((50780, 63474), (53953, 57126, 60299));
5;0.500000000000000;57126;11;91.42;((50780, 63474), (53953, 57126, 60299));
5;0.750000000000000;57126;11;130.41;((50780, 63474), (53953, 57126, 60299));
5;0.875000000000000;57126;11;152.57;((50780, 63474), (53953, 57126, 60299));
5;0.937500000000000;57126;11;159.38;((50780, 63474), (53953, 57126, 60299));
5;0.968750000000000;57126;2;157.30;((50780, 63474), (53953, 57126, 60299));
5;0.953125000000000;57126;11;162.82;((50780, 63474), (53953, 57126, 60299));
5;0.960937500000000;57126;11;164.23;((50780, 63474), (53953, 57126, 60299));
5;0.964843750000000;57126;11;165.07;((50780, 63474), (53953, 57126, 60299));
5;0.966796875000000;57126;7;160.03;((50780, 63474), (53953, 57126, 60299));
5;0.967773437500000;57126;3;157.43;((50780, 63474), (53953, 57126, 60299));
5;0.967285156250000;57126;6;159.48;((50780, 63474), (53953, 57126, 60299));
5;0.967529296875000;57126;6;159.61;((50780, 63474), (53953, 57126, 60299));
5;0.967651367187500;57126;6;158.19;((50780, 63474), (53953, 57126, 60299));
5;0.967712402343750;57126;5;160.19;((50780, 63474), (53953, 57126, 60299));
5;0.967681884765625;57126;5;159.75;((50780, 63474), (53953, 57126, 60299));
5;0.967666625976562;57126;6;162.69;((50780, 63474), (53953, 57126, 60299));
5;0.967674255371094;57126;6;158.95;((50780, 63474), (53953, 57126, 60299));
5;0.967678070068359;57126;4;160.54;((50780, 63474), (53953, 57126, 60299));
5;0.967676162719727;57126;4;157.86;((50780, 63474), (53953, 57126, 60299));
5;0.967675209045410;57126;5;165.19;((50780, 63474), (53953, 57126, 60299));
5;0.500000000000000;60299;11;93.27;((50780, 63474), (53953, 57126, 60299));
5;0.750000000000000;60299;11;131.16;((50780, 63474), (53953, 57126, 60299));
5;0.875000000000000;60299;11;151.37;((50780, 63474), (53953, 57126, 60299));
5;0.937500000000000;60299;11;160.91;((50780, 63474), (53953, 57126, 60299));
5;0.968750000000000;60299;0;104.73;((50780, 63474), (53953, 57126, 60299));
5;0.953125000000000;60299;11;164.89;((50780, 63474), (53953, 57126, 60299));
5;0.960937500000000;60299;11;164.87;((50780, 63474), (53953, 57126, 60299));
5;0.964843750000000;60299;11;165.20;((50780, 63474), (53953, 57126, 60299));
5;0.966796875000000;60299;9;161.73;((50780, 63474), (53953, 57126, 60299));
5;0.967773437500000;60299;3;158.32;((50780, 63474), (53953, 57126, 60299));
5;0.967285156250000;60299;8;161.83;((50780, 63474), (53953, 57126, 60299));
5;0.967529296875000;60299;5;159.32;((50780, 63474), (53953, 57126, 60299));
5;0.967407226562500;60299;6;161.27;((50780, 63474), (53953, 57126, 60299));
5;0.967468261718750;60299;8;160.41;((50780, 63474), (53953, 57126, 60299));
5;0.967498779296875;60299;6;159.03;((50780, 63474), (53953, 57126, 60299));
5;0.967514038085938;60299;10;161.39;((50780, 63474), (53953, 57126, 60299));
5;0.967521667480469;60299;5;157.77;((50780, 63474), (53953, 57126, 60299));
5;0.967517852783203;60299;5;159.75;((50780, 63474), (53953, 57126, 60299));
5;0.967515945434570;60299;5;161.97;((50780, 63474), (53953, 57126, 60299));
5;0.967514991760254;60299;7;159.41;((50780, 63474), (53953, 57126, 60299));
5;0.500000000000000;55539;11;89.99;((53953, 60299), (55539, 57125, 58711));
5;0.750000000000000;55539;11;129.91;((53953, 60299), (55539, 57125, 58711));
5;0.875000000000000;55539;11;152.26;((53953, 60299), (55539, 57125, 58711));
5;0.937500000000000;55539;11;167.05;((53953, 60299), (55539, 57125, 58711));
5;0.968750000000000;55539;3;160.33;((53953, 60299), (55539, 57125, 58711));
5;0.953125000000000;55539;11;163.14;((53953, 60299), (55539, 57125, 58711));
5;0.960937500000000;55539;11;166.47;((53953, 60299), (55539, 57125, 58711));
5;0.964843750000000;55539;10;163.46;((53953, 60299), (55539, 57125, 58711));
5;0.966796875000000;55539;9;160.42;((53953, 60299), (55539, 57125, 58711));
5;0.967773437500000;55539;5;159.52;((53953, 60299), (55539, 57125, 58711));
5;0.967285156250000;55539;8;159.35;((53953, 60299), (55539, 57125, 58711));
5;0.967529296875000;55539;8;159.92;((53953, 60299), (55539, 57125, 58711));
5;0.967651367187500;55539;5;158.72;((53953, 60299), (55539, 57125, 58711));
5;0.967590332031250;55539;3;157.69;((53953, 60299), (55539, 57125, 58711));
5;0.967559814453125;55539;8;161.77;((53953, 60299), (55539, 57125, 58711));
5;0.967575073242188;55539;4;158.21;((53953, 60299), (55539, 57125, 58711));
5;0.967567443847656;55539;7;158.30;((53953, 60299), (55539, 57125, 58711));
5;0.967571258544922;55539;5;158.92;((53953, 60299), (55539, 57125, 58711));
5;0.967569351196289;55539;6;162.54;((53953, 60299), (55539, 57125, 58711));
5;0.967570304870605;55539;7;167.49;((53953, 60299), (55539, 57125, 58711));
5;0.500000000000000;57125;11;91.98;((53953, 60299), (55539, 57125, 58711));
5;0.750000000000000;57125;11;134.11;((53953, 60299), (55539, 57125, 58711));
5;0.875000000000000;57125;11;152.53;((53953, 60299), (55539, 57125, 58711));
5;0.937500000000000;57125;11;161.18;((53953, 60299), (55539, 57125, 58711));
5;0.968750000000000;57125;1;155.21;((53953, 60299), (55539, 57125, 58711));
5;0.953125000000000;57125;11;171.15;((53953, 60299), (55539, 57125, 58711));
5;0.960937500000000;57125;11;165.46;((53953, 60299), (55539, 57125, 58711));
5;0.964843750000000;57125;10;162.62;((53953, 60299), (55539, 57125, 58711));
5;0.966796875000000;57125;9;160.99;((53953, 60299), (55539, 57125, 58711));
5;0.967773437500000;57125;5;161.18;((53953, 60299), (55539, 57125, 58711));
5;0.967285156250000;57125;8;159.60;((53953, 60299), (55539, 57125, 58711));
5;0.967529296875000;57125;2;156.91;((53953, 60299), (55539, 57125, 58711));
5;0.967407226562500;57125;6;160.31;((53953, 60299), (55539, 57125, 58711));
5;0.967468261718750;57125;5;158.79;((53953, 60299), (55539, 57125, 58711));
5;0.967437744140625;57125;9;162.61;((53953, 60299), (55539, 57125, 58711));
5;0.967453002929688;57125;7;161.65;((53953, 60299), (55539, 57125, 58711));
5;0.967460632324219;57125;6;159.20;((53953, 60299), (55539, 57125, 58711));
5;0.967464447021484;57125;6;159.67;((53953, 60299), (55539, 57125, 58711));
5;0.967466354370117;57125;4;159.13;((53953, 60299), (55539, 57125, 58711));
5;0.967465400695801;57125;6;170.91;((53953, 60299), (55539, 57125, 58711));
5;0.500000000000000;58711;11;89.82;((53953, 60299), (55539, 57125, 58711));
5;0.750000000000000;58711;11;138.42;((53953, 60299), (55539, 57125, 58711));
5;0.875000000000000;58711;11;149.35;((53953, 60299), (55539, 57125, 58711));
5;0.937500000000000;58711;11;161.69;((53953, 60299), (55539, 57125, 58711));
5;0.968750000000000;58711;2;156.28;((53953, 60299), (55539, 57125, 58711));
5;0.953125000000000;58711;11;163.56;((53953, 60299), (55539, 57125, 58711));
5;0.960937500000000;58711;11;164.66;((53953, 60299), (55539, 57125, 58711));
5;0.964843750000000;58711;11;167.34;((53953, 60299), (55539, 57125, 58711));
5;0.966796875000000;58711;8;160.52;((53953, 60299), (55539, 57125, 58711));
5;0.967773437500000;58711;6;159.61;((53953, 60299), (55539, 57125, 58711));
5;0.968261718750000;58711;5;160.68;((53953, 60299), (55539, 57125, 58711));
5;0.968017578125000;58711;3;157.65;((53953, 60299), (55539, 57125, 58711));
5;0.967895507812500;58711;2;156.94;((53953, 60299), (55539, 57125, 58711));
5;0.967834472656250;58711;4;158.68;((53953, 60299), (55539, 57125, 58711));
5;0.967803955078125;58711;7;162.35;((53953, 60299), (55539, 57125, 58711));
5;0.967819213867188;58711;4;157.03;((53953, 60299), (55539, 57125, 58711));
5;0.967811584472656;58711;1;155.67;((53953, 60299), (55539, 57125, 58711));
5;0.967807769775391;58711;5;159.58;((53953, 60299), (55539, 57125, 58711));
5;0.967805862426758;58711;6;160.03;((53953, 60299), (55539, 57125, 58711));
5;0.967806816101074;58711;2;155.75;((53953, 60299), (55539, 57125, 58711));
5;0.500000000000000;57918;11;89.50;((57125, 60299), (57918, 58711, 59504));
5;0.750000000000000;57918;11;131.35;((57125, 60299), (57918, 58711, 59504));
5;0.875000000000000;57918;11;150.55;((57125, 60299), (57918, 58711, 59504));
5;0.937500000000000;57918;11;161.15;((57125, 60299), (57918, 58711, 59504));
5;0.968750000000000;57918;2;161.35;((57125, 60299), (57918, 58711, 59504));
5;0.953125000000000;57918;11;164.01;((57125, 60299), (57918, 58711, 59504));
5;0.960937500000000;57918;11;165.23;((57125, 60299), (57918, 58711, 59504));
5;0.964843750000000;57918;11;166.76;((57125, 60299), (57918, 58711, 59504));
5;0.966796875000000;57918;9;161.21;((57125, 60299), (57918, 58711, 59504));
5;0.967773437500000;57918;3;158.71;((57125, 60299), (57918, 58711, 59504));
5;0.967285156250000;57918;5;158.61;((57125, 60299), (57918, 58711, 59504));
5;0.967041015625000;57918;6;158.94;((57125, 60299), (57918, 58711, 59504));
5;0.967163085937500;57918;5;161.57;((57125, 60299), (57918, 58711, 59504));
5;0.967102050781250;57918;10;163.75;((57125, 60299), (57918, 58711, 59504));
5;0.967132568359375;57918;7;179.00;((57125, 60299), (57918, 58711, 59504));
5;0.967147827148438;57918;7;161.87;((57125, 60299), (57918, 58711, 59504));
5;0.967155456542969;57918;5;159.04;((57125, 60299), (57918, 58711, 59504));
5;0.967151641845703;57918;5;158.67;((57125, 60299), (57918, 58711, 59504));
5;0.967149734497070;57918;8;161.68;((57125, 60299), (57918, 58711, 59504));
5;0.967150688171387;57918;7;160.38;((57125, 60299), (57918, 58711, 59504));
5;0.500000000000000;59504;11;91.31;((57125, 60299), (57918, 58711, 59504));
5;0.750000000000000;59504;11;130.30;((57125, 60299), (57918, 58711, 59504));
5;0.875000000000000;59504;11;150.35;((57125, 60299), (57918, 58711, 59504));
5;0.937500000000000;59504;11;162.52;((57125, 60299), (57918, 58711, 59504));
5;0.968750000000000;59504;0;80.08;((57125, 60299), (57918, 58711, 59504));
5;0.953125000000000;59504;11;163.64;((57125, 60299), (57918, 58711, 59504));
5;0.960937500000000;59504;10;162.35;((57125, 60299), (57918, 58711, 59504));
5;0.964843750000000;59504;0;104.63;((57125, 60299), (57918, 58711, 59504));
5;0.962890625000000;59504;3;156.78;((57125, 60299), (57918, 58711, 59504));
5;0.961914062500000;59504;6;157.93;((57125, 60299), (57918, 58711, 59504));
5;0.962402343750000;59504;8;160.70;((57125, 60299), (57918, 58711, 59504));
5;0.962646484375000;59504;5;159.08;((57125, 60299), (57918, 58711, 59504));
5;0.962524414062500;59504;7;158.79;((57125, 60299), (57918, 58711, 59504));
5;0.962585449218750;59504;7;160.63;((57125, 60299), (57918, 58711, 59504));
5;0.962615966796875;59504;4;157.22;((57125, 60299), (57918, 58711, 59504));
5;0.962600708007812;59504;2;156.64;((57125, 60299), (57918, 58711, 59504));
5;0.962593078613281;59504;7;158.94;((57125, 60299), (57918, 58711, 59504));
5;0.962596893310547;59504;5;157.40;((57125, 60299), (57918, 58711, 59504));
5;0.962594985961914;59504;5;158.39;((57125, 60299), (57918, 58711, 59504));
5;0.962594032287598;59504;5;158.66;((57125, 60299), (57918, 58711, 59504));
5;0.500000000000000;58314;11;91.40;((57918, 59504), (58314, 58710, 59106));
5;0.750000000000000;58314;11;130.98;((57918, 59504), (58314, 58710, 59106));
5;0.875000000000000;58314;11;152.09;((57918, 59504), (58314, 58710, 59106));
5;0.937500000000000;58314;11;160.74;((57918, 59504), (58314, 58710, 59106));
5;0.968750000000000;58314;0;75.39;((57918, 59504), (58314, 58710, 59106));
5;0.953125000000000;58314;11;165.96;((57918, 59504), (58314, 58710, 59106));
5;0.960937500000000;58314;10;181.37;((57918, 59504), (58314, 58710, 59106));
5;0.964843750000000;58314;1;153.50;((57918, 59504), (58314, 58710, 59106));
5;0.962890625000000;58314;4;156.46;((57918, 59504), (58314, 58710, 59106));
5;0.961914062500000;58314;9;160.66;((57918, 59504), (58314, 58710, 59106));
5;0.962402343750000;58314;7;160.60;((57918, 59504), (58314, 58710, 59106));
5;0.962646484375000;58314;5;159.40;((57918, 59504), (58314, 58710, 59106));
5;0.962524414062500;58314;6;209.79;((57918, 59504), (58314, 58710, 59106));
5;0.962585449218750;58314;2;156.61;((57918, 59504), (58314, 58710, 59106));
5;0.962554931640625;58314;7;161.65;((57918, 59504), (58314, 58710, 59106));
5;0.962570190429688;58314;2;155.23;((57918, 59504), (58314, 58710, 59106));
5;0.962562561035156;58314;4;158.62;((57918, 59504), (58314, 58710, 59106));
5;0.962558746337891;58314;7;158.17;((57918, 59504), (58314, 58710, 59106));
5;0.962560653686523;58314;4;159.86;((57918, 59504), (58314, 58710, 59106));
5;0.962559700012207;58314;5;161.47;((57918, 59504), (58314, 58710, 59106));
5;0.500000000000000;58710;11;89.90;((57918, 59504), (58314, 58710, 59106));
5;0.750000000000000;58710;11;131.13;((57918, 59504), (58314, 58710, 59106));
5;0.875000000000000;58710;11;151.33;((57918, 59504), (58314, 58710, 59106));
5;0.937500000000000;58710;11;160.40;((57918, 59504), (58314, 58710, 59106));
5;0.968750000000000;58710;0;73.99;((57918, 59504), (58314, 58710, 59106));
5;0.953125000000000;58710;11;161.95;((57918, 59504), (58314, 58710, 59106));
5;0.960937500000000;58710;8;158.77;((57918, 59504), (58314, 58710, 59106));
5;0.964843750000000;58710;1;154.15;((57918, 59504), (58314, 58710, 59106));
5;0.962890625000000;58710;4;157.83;((57918, 59504), (58314, 58710, 59106));
5;0.961914062500000;58710;7;163.65;((57918, 59504), (58314, 58710, 59106));
5;0.962402343750000;58710;7;157.93;((57918, 59504), (58314, 58710, 59106));
5;0.962646484375000;58710;5;156.65;((57918, 59504), (58314, 58710, 59106));
5;0.962524414062500;58710;2;156.10;((57918, 59504), (58314, 58710, 59106));
5;0.962463378906250;58710;4;157.44;((57918, 59504), (58314, 58710, 59106));
5;0.962432861328125;58710;6;159.40;((57918, 59504), (58314, 58710, 59106));
5;0.962448120117188;58710;5;158.66;((57918, 59504), (58314, 58710, 59106));
5;0.962440490722656;58710;7;158.99;((57918, 59504), (58314, 58710, 59106));
5;0.962444305419922;58710;5;159.33;((57918, 59504), (58314, 58710, 59106));
5;0.962442398071289;58710;3;158.09;((57918, 59504), (58314, 58710, 59106));
5;0.962441444396973;58710;4;157.35;((57918, 59504), (58314, 58710, 59106));
5;0.500000000000000;59106;11;90.22;((57918, 59504), (58314, 58710, 59106));
5;0.750000000000000;59106;11;131.28;((57918, 59504), (58314, 58710, 59106));
5;0.875000000000000;59106;11;159.76;((57918, 59504), (58314, 58710, 59106));
5;0.937500000000000;59106;11;161.37;((57918, 59504), (58314, 58710, 59106));
5;0.968750000000000;59106;1;156.08;((57918, 59504), (58314, 58710, 59106));
5;0.953125000000000;59106;11;164.03;((57918, 59504), (58314, 58710, 59106));
5;0.960937500000000;59106;11;168.10;((57918, 59504), (58314, 58710, 59106));
5;0.964843750000000;59106;11;165.36;((57918, 59504), (58314, 58710, 59106));
5;0.966796875000000;59106;8;161.80;((57918, 59504), (58314, 58710, 59106));
5;0.967773437500000;59106;5;159.29;((57918, 59504), (58314, 58710, 59106));
5;0.967285156250000;59106;5;160.19;((57918, 59504), (58314, 58710, 59106));
5;0.967041015625000;59106;8;159.07;((57918, 59504), (58314, 58710, 59106));
5;0.967163085937500;59106;9;167.62;((57918, 59504), (58314, 58710, 59106));
5;0.967224121093750;59106;6;159.99;((57918, 59504), (58314, 58710, 59106));
5;0.967254638671875;59106;7;161.69;((57918, 59504), (58314, 58710, 59106));
5;0.967269897460938;59106;5;159.94;((57918, 59504), (58314, 58710, 59106));
5;0.967262268066406;59106;8;173.82;((57918, 59504), (58314, 58710, 59106));
5;0.967266082763672;59106;5;159.62;((57918, 59504), (58314, 58710, 59106));
5;0.967264175415039;59106;7;161.82;((57918, 59504), (58314, 58710, 59106));
5;0.967265129089355;59106;6;160.09;((57918, 59504), (58314, 58710, 59106));
5;0.500000000000000;58908;11;91.30;((58710, 59504), (58908, 59106, 59304));
5;0.750000000000000;58908;11;130.07;((58710, 59504), (58908, 59106, 59304));
5;0.875000000000000;58908;11;150.68;((58710, 59504), (58908, 59106, 59304));
5;0.937500000000000;58908;11;160.52;((58710, 59504), (58908, 59106, 59304));
5;0.968750000000000;58908;3;158.30;((58710, 59504), (58908, 59106, 59304));
5;0.953125000000000;58908;11;171.90;((58710, 59504), (58908, 59106, 59304));
5;0.960937500000000;58908;11;166.63;((58710, 59504), (58908, 59106, 59304));
5;0.964843750000000;58908;8;158.27;((58710, 59504), (58908, 59106, 59304));
5;0.966796875000000;58908;8;165.73;((58710, 59504), (58908, 59106, 59304));
5;0.967773437500000;58908;3;159.42;((58710, 59504), (58908, 59106, 59304));
5;0.967285156250000;58908;8;160.65;((58710, 59504), (58908, 59106, 59304));
5;0.967529296875000;58908;8;160.43;((58710, 59504), (58908, 59106, 59304));
5;0.967651367187500;58908;5;159.19;((58710, 59504), (58908, 59106, 59304));
5;0.967590332031250;58908;7;159.15;((58710, 59504), (58908, 59106, 59304));
5;0.967620849609375;58908;8;160.30;((58710, 59504), (58908, 59106, 59304));
5;0.967636108398438;58908;3;161.55;((58710, 59504), (58908, 59106, 59304));
5;0.967628479003906;58908;4;159.51;((58710, 59504), (58908, 59106, 59304));
5;0.967624664306641;58908;6;160.46;((58710, 59504), (58908, 59106, 59304));
5;0.967626571655273;58908;7;159.79;((58710, 59504), (58908, 59106, 59304));
5;0.967627525329590;58908;9;160.41;((58710, 59504), (58908, 59106, 59304));
5;0.500000000000000;59304;11;90.53;((58710, 59504), (58908, 59106, 59304));
5;0.750000000000000;59304;11;129.87;((58710, 59504), (58908, 59106, 59304));
5;0.875000000000000;59304;11;154.47;((58710, 59504), (58908, 59106, 59304));
5;0.937500000000000;59304;11;160.44;((58710, 59504), (58908, 59106, 59304));
5;0.968750000000000;59304;0;71.92;((58710, 59504), (58908, 59106, 59304));
5;0.953125000000000;59304;11;163.86;((58710, 59504), (58908, 59106, 59304));
5;0.960937500000000;59304;10;162.56;((58710, 59504), (58908, 59106, 59304));
5;0.964843750000000;59304;1;154.72;((58710, 59504), (58908, 59106, 59304));
5;0.962890625000000;59304;2;156.29;((58710, 59504), (58908, 59106, 59304));
5;0.961914062500000;59304;7;160.13;((58710, 59504), (58908, 59106, 59304));
5;0.962402343750000;59304;7;159.43;((58710, 59504), (58908, 59106, 59304));
5;0.962646484375000;59304;5;157.87;((58710, 59504), (58908, 59106, 59304));
5;0.962524414062500;59304;7;161.05;((58710, 59504), (58908, 59106, 59304));
5;0.962585449218750;59304;5;160.06;((58710, 59504), (58908, 59106, 59304));
5;0.962554931640625;59304;6;157.46;((58710, 59504), (58908, 59106, 59304));
5;0.962570190429688;59304;4;156.25;((58710, 59504), (58908, 59106, 59304));
5;0.962562561035156;59304;2;157.89;((58710, 59504), (58908, 59106, 59304));
5;0.962558746337891;59304;5;158.57;((58710, 59504), (58908, 59106, 59304));
5;0.962556838989258;59304;5;159.51;((58710, 59504), (58908, 59106, 59304));
5;0.962555885314941;59304;4;156.10;((58710, 59504), (58908, 59106, 59304));
5;0.500000000000000;58809;11;89.60;((58710, 59106), (58809, 58908, 59007));
5;0.750000000000000;58809;11;130.89;((58710, 59106), (58809, 58908, 59007));
5;0.875000000000000;58809;11;150.68;((58710, 59106), (58809, 58908, 59007));
5;0.937500000000000;58809;11;162.49;((58710, 59106), (58809, 58908, 59007));
5;0.968750000000000;58809;2;154.88;((58710, 59106), (58809, 58908, 59007));
5;0.953125000000000;58809;11;164.17;((58710, 59106), (58809, 58908, 59007));
5;0.960937500000000;58809;11;168.28;((58710, 59106), (58809, 58908, 59007));
5;0.964843750000000;58809;11;168.04;((58710, 59106), (58809, 58908, 59007));
5;0.966796875000000;58809;6;160.07;((58710, 59106), (58809, 58908, 59007));
5;0.967773437500000;58809;6;159.86;((58710, 59106), (58809, 58908, 59007));
5;0.968261718750000;58809;3;156.87;((58710, 59106), (58809, 58908, 59007));
5;0.968017578125000;58809;3;156.57;((58710, 59106), (58809, 58908, 59007));
5;0.967895507812500;58809;2;155.31;((58710, 59106), (58809, 58908, 59007));
5;0.967834472656250;58809;4;158.83;((58710, 59106), (58809, 58908, 59007));
5;0.967803955078125;58809;5;161.28;((58710, 59106), (58809, 58908, 59007));
5;0.967788696289062;58809;3;157.80;((58710, 59106), (58809, 58908, 59007));
5;0.967781066894531;58809;5;158.48;((58710, 59106), (58809, 58908, 59007));
5;0.967777252197266;58809;5;160.25;((58710, 59106), (58809, 58908, 59007));
5;0.967775344848633;58809;8;162.08;((58710, 59106), (58809, 58908, 59007));
5;0.967776298522949;58809;5;157.94;((58710, 59106), (58809, 58908, 59007));
5;0.500000000000000;59007;11;90.76;((58710, 59106), (58809, 58908, 59007));
5;0.750000000000000;59007;11;132.81;((58710, 59106), (58809, 58908, 59007));
5;0.875000000000000;59007;11;151.07;((58710, 59106), (58809, 58908, 59007));
5;0.937500000000000;59007;11;161.89;((58710, 59106), (58809, 58908, 59007));
5;0.968750000000000;59007;1;155.50;((58710, 59106), (58809, 58908, 59007));
5;0.953125000000000;59007;11;164.05;((58710, 59106), (58809, 58908, 59007));
5;0.960937500000000;59007;11;164.93;((58710, 59106), (58809, 58908, 59007));
5;0.964843750000000;59007;11;167.12;((58710, 59106), (58809, 58908, 59007));
5;0.966796875000000;59007;8;158.85;((58710, 59106), (58809, 58908, 59007));
5;0.967773437500000;59007;6;158.73;((58710, 59106), (58809, 58908, 59007));
5;0.968261718750000;59007;4;158.88;((58710, 59106), (58809, 58908, 59007));
5;0.968017578125000;59007;3;156.50;((58710, 59106), (58809, 58908, 59007));
5;0.967895507812500;59007;5;158.87;((58710, 59106), (58809, 58908, 59007));
5;0.967834472656250;59007;5;160.19;((58710, 59106), (58809, 58908, 59007));
5;0.967803955078125;59007;4;160.21;((58710, 59106), (58809, 58908, 59007));
5;0.967788696289062;59007;6;160.38;((58710, 59106), (58809, 58908, 59007));
5;0.967796325683594;59007;3;157.49;((58710, 59106), (58809, 58908, 59007));
5;0.967792510986328;59007;5;159.76;((58710, 59106), (58809, 58908, 59007));
5;0.967790603637695;59007;6;160.24;((58710, 59106), (58809, 58908, 59007));
5;0.967791557312012;59007;1;155.49;((58710, 59106), (58809, 58908, 59007));
5;0.500000000000000;58957;11;89.62;((58908, 59106), (58957, 59006, 59055));
5;0.750000000000000;58957;11;130.57;((58908, 59106), (58957, 59006, 59055));
5;0.875000000000000;58957;11;150.79;((58908, 59106), (58957, 59006, 59055));
5;0.937500000000000;58957;11;163.15;((58908, 59106), (58957, 59006, 59055));
5;0.968750000000000;58957;1;156.98;((58908, 59106), (58957, 59006, 59055));
5;0.953125000000000;58957;11;163.99;((58908, 59106), (58957, 59006, 59055));
5;0.960937500000000;58957;11;164.57;((58908, 59106), (58957, 59006, 59055));
5;0.964843750000000;58957;8;161.51;((58908, 59106), (58957, 59006, 59055));
5;0.966796875000000;58957;6;168.13;((58908, 59106), (58957, 59006, 59055));
5;0.967773437500000;58957;4;158.77;((58908, 59106), (58957, 59006, 59055));
5;0.967285156250000;58957;7;160.11;((58908, 59106), (58957, 59006, 59055));
5;0.967529296875000;58957;6;159.50;((58908, 59106), (58957, 59006, 59055));
5;0.967651367187500;58957;3;158.36;((58908, 59106), (58957, 59006, 59055));
5;0.967590332031250;58957;4;157.08;((58908, 59106), (58957, 59006, 59055));
5;0.967559814453125;58957;5;159.12;((58908, 59106), (58957, 59006, 59055));
5;0.967544555664062;58957;5;162.02;((58908, 59106), (58957, 59006, 59055));
5;0.967536926269531;58957;9;162.10;((58908, 59106), (58957, 59006, 59055));
5;0.967540740966797;58957;6;160.51;((58908, 59106), (58957, 59006, 59055));
5;0.967542648315430;58957;7;160.20;((58908, 59106), (58957, 59006, 59055));
5;0.967543601989746;58957;7;160.28;((58908, 59106), (58957, 59006, 59055));
5;0.500000000000000;59006;11;90.24;((58908, 59106), (58957, 59006, 59055));
5;0.750000000000000;59006;11;131.30;((58908, 59106), (58957, 59006, 59055));
5;0.875000000000000;59006;11;153.15;((58908, 59106), (58957, 59006, 59055));
5;0.937500000000000;59006;11;165.83;((58908, 59106), (58957, 59006, 59055));
5;0.968750000000000;59006;0;108.24;((58908, 59106), (58957, 59006, 59055));
5;0.953125000000000;59006;11;163.74;((58908, 59106), (58957, 59006, 59055));
5;0.960937500000000;59006;11;165.31;((58908, 59106), (58957, 59006, 59055));
5;0.964843750000000;59006;11;165.90;((58908, 59106), (58957, 59006, 59055));
5;0.966796875000000;59006;9;163.33;((58908, 59106), (58957, 59006, 59055));
5;0.967773437500000;59006;3;158.71;((58908, 59106), (58957, 59006, 59055));
5;0.967285156250000;59006;7;169.74;((58908, 59106), (58957, 59006, 59055));
5;0.967529296875000;59006;8;161.59;((58908, 59106), (58957, 59006, 59055));
5;0.967651367187500;59006;8;161.22;((58908, 59106), (58957, 59006, 59055));
5;0.967712402343750;59006;7;160.96;((58908, 59106), (58957, 59006, 59055));
5;0.967742919921875;59006;7;159.59;((58908, 59106), (58957, 59006, 59055));
5;0.967758178710938;59006;3;158.24;((58908, 59106), (58957, 59006, 59055));
5;0.967750549316406;59006;3;158.46;((58908, 59106), (58957, 59006, 59055));
5;0.967746734619141;59006;8;159.08;((58908, 59106), (58957, 59006, 59055));
5;0.967748641967773;59006;5;161.42;((58908, 59106), (58957, 59006, 59055));
5;0.967747688293457;59006;8;166.81;((58908, 59106), (58957, 59006, 59055));
5;0.500000000000000;59055;11;91.69;((58908, 59106), (58957, 59006, 59055));
5;0.750000000000000;59055;11;132.39;((58908, 59106), (58957, 59006, 59055));
5;0.875000000000000;59055;11;152.92;((58908, 59106), (58957, 59006, 59055));
5;0.937500000000000;59055;11;161.17;((58908, 59106), (58957, 59006, 59055));
5;0.968750000000000;59055;3;156.51;((58908, 59106), (58957, 59006, 59055));
5;0.953125000000000;59055;11;165.86;((58908, 59106), (58957, 59006, 59055));
5;0.960937500000000;59055;11;165.89;((58908, 59106), (58957, 59006, 59055));
5;0.964843750000000;59055;9;161.53;((58908, 59106), (58957, 59006, 59055));
5;0.966796875000000;59055;8;161.43;((58908, 59106), (58957, 59006, 59055));
5;0.967773437500000;59055;1;155.54;((58908, 59106), (58957, 59006, 59055));
5;0.967285156250000;59055;5;159.04;((58908, 59106), (58957, 59006, 59055));
5;0.967041015625000;59055;8;161.11;((58908, 59106), (58957, 59006, 59055));
5;0.967163085937500;59055;7;161.08;((58908, 59106), (58957, 59006, 59055));
5;0.967224121093750;59055;6;163.91;((58908, 59106), (58957, 59006, 59055));
5;0.967254638671875;59055;6;161.88;((58908, 59106), (58957, 59006, 59055));
5;0.967269897460938;59055;9;161.74;((58908, 59106), (58957, 59006, 59055));
5;0.967277526855469;59055;4;159.06;((58908, 59106), (58957, 59006, 59055));
5;0.967273712158203;59055;6;160.73;((58908, 59106), (58957, 59006, 59055));
5;0.967275619506836;59055;5;160.25;((58908, 59106), (58957, 59006, 59055));
5;0.967274665832520;59055;5;158.09;((58908, 59106), (58957, 59006, 59055));
5;0.500000000000000;58981;11;91.70;((58957, 59055), (58981, 59005, 59029));
5;0.750000000000000;58981;11;131.95;((58957, 59055), (58981, 59005, 59029));
5;0.875000000000000;58981;11;159.03;((58957, 59055), (58981, 59005, 59029));
5;0.937500000000000;58981;11;161.92;((58957, 59055), (58981, 59005, 59029));
5;0.968750000000000;58981;1;154.93;((58957, 59055), (58981, 59005, 59029));
5;0.953125000000000;58981;11;163.82;((58957, 59055), (58981, 59005, 59029));
5;0.960937500000000;58981;11;165.73;((58957, 59055), (58981, 59005, 59029));
5;0.964843750000000;58981;11;167.23;((58957, 59055), (58981, 59005, 59029));
5;0.966796875000000;58981;8;160.15;((58957, 59055), (58981, 59005, 59029));
5;0.967773437500000;58981;9;162.00;((58957, 59055), (58981, 59005, 59029));
5;0.968261718750000;58981;0;112.42;((58957, 59055), (58981, 59005, 59029));
5;0.968017578125000;58981;5;158.21;((58957, 59055), (58981, 59005, 59029));
5;0.967895507812500;58981;6;158.70;((58957, 59055), (58981, 59005, 59029));
5;0.967956542968750;58981;6;158.46;((58957, 59055), (58981, 59005, 59029));
5;0.967987060546875;58981;5;158.04;((58957, 59055), (58981, 59005, 59029));
5;0.967971801757812;58981;5;159.88;((58957, 59055), (58981, 59005, 59029));
5;0.967964172363281;58981;5;158.16;((58957, 59055), (58981, 59005, 59029));
5;0.967960357666016;58981;4;158.00;((58957, 59055), (58981, 59005, 59029));
5;0.967958450317383;58981;3;157.38;((58957, 59055), (58981, 59005, 59029));
5;0.967957496643066;58981;7;160.90;((58957, 59055), (58981, 59005, 59029));
5;0.500000000000000;59005;11;92.43;((58957, 59055), (58981, 59005, 59029));
5;0.750000000000000;59005;11;138.39;((58957, 59055), (58981, 59005, 59029));
5;0.875000000000000;59005;11;150.06;((58957, 59055), (58981, 59005, 59029));
5;0.937500000000000;59005;11;161.04;((58957, 59055), (58981, 59005, 59029));
5;0.968750000000000;59005;1;154.45;((58957, 59055), (58981, 59005, 59029));
5;0.953125000000000;59005;11;163.30;((58957, 59055), (58981, 59005, 59029));
5;0.960937500000000;59005;11;166.78;((58957, 59055), (58981, 59005, 59029));
5;0.964843750000000;59005;11;168.00;((58957, 59055), (58981, 59005, 59029));
5;0.966796875000000;59005;8;160.74;((58957, 59055), (58981, 59005, 59029));
5;0.967773437500000;59005;6;160.63;((58957, 59055), (58981, 59005, 59029));
5;0.968261718750000;59005;1;156.68;((58957, 59055), (58981, 59005, 59029));
5;0.968017578125000;59005;2;156.50;((58957, 59055), (58981, 59005, 59029));
5;0.967895507812500;59005;8;159.12;((58957, 59055), (58981, 59005, 59029));
5;0.967956542968750;59005;3;157.48;((58957, 59055), (58981, 59005, 59029));
5;0.967926025390625;59005;5;160.20;((58957, 59055), (58981, 59005, 59029));
5;0.967910766601562;59005;6;159.79;((58957, 59055), (58981, 59005, 59029));
5;0.967918395996094;59005;6;158.91;((58957, 59055), (58981, 59005, 59029));
5;0.967922210693359;59005;7;160.16;((58957, 59055), (58981, 59005, 59029));
5;0.967924118041992;59005;6;158.99;((58957, 59055), (58981, 59005, 59029));
5;0.967925071716309;59005;4;157.64;((58957, 59055), (58981, 59005, 59029));
5;0.500000000000000;59029;11;90.66;((58957, 59055), (58981, 59005, 59029));
5;0.750000000000000;59029;11;129.20;((58957, 59055), (58981, 59005, 59029));
5;0.875000000000000;59029;11;150.42;((58957, 59055), (58981, 59005, 59029));
5;0.937500000000000;59029;11;160.81;((58957, 59055), (58981, 59005, 59029));
5;0.968750000000000;59029;0;108.89;((58957, 59055), (58981, 59005, 59029));
5;0.953125000000000;59029;11;163.82;((58957, 59055), (58981, 59005, 59029));
5;0.960937500000000;59029;11;165.29;((58957, 59055), (58981, 59005, 59029));
5;0.964843750000000;59029;11;165.49;((58957, 59055), (58981, 59005, 59029));
5;0.966796875000000;59029;9;164.58;((58957, 59055), (58981, 59005, 59029));
5;0.967773437500000;59029;4;158.25;((58957, 59055), (58981, 59005, 59029));
5;0.967285156250000;59029;8;161.29;((58957, 59055), (58981, 59005, 59029));
5;0.967529296875000;59029;4;157.96;((58957, 59055), (58981, 59005, 59029));
5;0.967407226562500;59029;6;159.53;((58957, 59055), (58981, 59005, 59029));
5;0.967468261718750;59029;6;158.87;((58957, 59055), (58981, 59005, 59029));
5;0.967498779296875;59029;9;162.35;((58957, 59055), (58981, 59005, 59029));
5;0.967514038085938;59029;5;158.35;((58957, 59055), (58981, 59005, 59029));
5;0.967506408691406;59029;7;159.85;((58957, 59055), (58981, 59005, 59029));
5;0.967510223388672;59029;5;158.51;((58957, 59055), (58981, 59005, 59029));
5;0.967508316040039;59029;7;160.63;((58957, 59055), (58981, 59005, 59029));
5;0.967509269714355;59029;6;163.84;((58957, 59055), (58981, 59005, 59029));
