5;0.500000000000000;1750000;11;99.87;((0, 7000000), (1750000, 3500000, 5250000));
5;0.750000000000000;1750000;0;76.62;((0, 7000000), (1750000, 3500000, 5250000));
5;0.625000000000000;1750000;11;124.60;((0, 7000000), (1750000, 3500000, 5250000));
5;0.687500000000000;1750000;11;136.77;((0, 7000000), (1750000, 3500000, 5250000));
5;0.718750000000000;1750000;11;140.22;((0, 7000000), (1750000, 3500000, 5250000));
5;0.734375000000000;1750000;11;143.07;((0, 7000000), (1750000, 3500000, 5250000));
5;0.742187500000000;1750000;1;135.81;((0, 7000000), (1750000, 3500000, 5250000));
5;0.738281250000000;1750000;11;145.02;((0, 7000000), (1750000, 3500000, 5250000));
5;0.740234375000000;1750000;11;145.12;((0, 7000000), (1750000, 3500000, 5250000));
5;0.741210937500000;1750000;5;139.43;((0, 7000000), (1750000, 3500000, 5250000));
5;0.740722656250000;1750000;10;143.32;((0, 7000000), (1750000, 3500000, 5250000));
5;0.740966796875000;1750000;10;141.39;((0, 7000000), (1750000, 3500000, 5250000));
5;0.741088867187500;1750000;9;150.43;((0, 7000000), (1750000, 3500000, 5250000));
5;0.741149902343750;1750000;10;170.34;((0, 7000000), (1750000, 3500000, 5250000));
5;0.741180419921875;1750000;9;141.27;((0, 7000000), (1750000, 3500000, 5250000));
5;0.741195678710938;1750000;10;142.25;((0, 7000000), (1750000, 3500000, 5250000));
5;0.741203308105469;1750000;9;141.80;((0, 7000000), (1750000, 3500000, 5250000));
5;0.741207122802734;1750000;9;142.09;((0, 7000000), (1750000, 3500000, 5250000));
5;0.741209030151367;1750000;9;140.97;((0, 7000000), (1750000, 3500000, 5250000));
5;0.741209983825684;1750000;7;140.11;((0, 7000000), (1750000, 3500000, 5250000));
5;0.500000000000000;3500000;11;101.69;((0, 7000000), (1750000, 3500000, 5250000));
5;0.750000000000000;3500000;0;69.93;((0, 7000000), (1750000, 3500000, 5250000));
5;0.625000000000000;3500000;0;69.04;((0, 7000000), (1750000, 3500000, 5250000));
5;0.562500000000000;3500000;11;114.72;((0, 7000000), (1750000, 3500000, 5250000));
5;0.593750000000000;3500000;11;118.95;((0, 7000000), (1750000, 3500000, 5250000));
5;0.609375000000000;3500000;11;122.22;((0, 7000000), (1750000, 3500000, 5250000));
5;0.617187500000000;3500000;0;70.22;((0, 7000000), (1750000, 3500000, 5250000));
5;0.613281250000000;3500000;11;121.97;((0, 7000000), (1750000, 3500000, 5250000));
5;0.615234375000000;3500000;11;123.60;((0, 7000000), (1750000, 3500000, 5250000));
5;0.616210937500000;3500000;0;70.63;((0, 7000000), (1750000, 3500000, 5250000));
5;0.615722656250000;3500000;10;120.58;((0, 7000000), (1750000, 3500000, 5250000));
5;0.615966796875000;3500000;7;119.51;((0, 7000000), (1750000, 3500000, 5250000));
5;0.616088867187500;3500000;4;120.24;((0, 7000000), (1750000, 3500000, 5250000));
5;0.616027832031250;3500000;4;118.21;((0, 7000000), (1750000, 3500000, 5250000));
5;0.615997314453125;3500000;6;118.93;((0, 7000000), (1750000, 3500000, 5250000));
5;0.616012573242188;3500000;6;118.84;((0, 7000000), (1750000, 3500000, 5250000));
5;0.616020202636719;3500000;4;117.67;((0, 7000000), (1750000, 3500000, 5250000));
5;0.616016387939453;3500000;7;120.10;((0, 7000000), (1750000, 3500000, 5250000));
5;0.616018295288086;3500000;3;117.13;((0, 7000000), (1750000, 3500000, 5250000));
5;0.616017341613770;3500000;4;123.98;((0, 7000000), (1750000, 3500000, 5250000));
5;0.500000000000000;5250000;11;103.30;((0, 7000000), (1750000, 3500000, 5250000));
5;0.750000000000000;5250000;0;66.48;((0, 7000000), (1750000, 3500000, 5250000));
5;0.625000000000000;5250000;0;65.06;((0, 7000000), (1750000, 3500000, 5250000));
5;0.562500000000000;5250000;11;112.60;((0, 7000000), (1750000, 3500000, 5250000));
5;0.593750000000000;5250000;11;118.69;((0, 7000000), (1750000, 3500000, 5250000));
5;0.609375000000000;5250000;0;66.79;((0, 7000000), (1750000, 3500000, 5250000));
5;0.601562500000000;5250000;11;120.32;((0, 7000000), (1750000, 3500000, 5250000));
5;0.605468750000000;5250000;11;121.83;((0, 7000000), (1750000, 3500000, 5250000));
5;0.607421875000000;5250000;4;115.58;((0, 7000000), (1750000, 3500000, 5250000));
5;0.606445312500000;5250000;11;122.67;((0, 7000000), (1750000, 3500000, 5250000));
5;0.606933593750000;5250000;11;121.39;((0, 7000000), (1750000, 3500000, 5250000));
5;0.607177734375000;5250000;11;121.00;((0, 7000000), (1750000, 3500000, 5250000));
5;0.607299804687500;5250000;3;114.96;((0, 7000000), (1750000, 3500000, 5250000));
5;0.607238769531250;5250000;10;118.72;((0, 7000000), (1750000, 3500000, 5250000));
5;0.607269287109375;5250000;10;119.11;((0, 7000000), (1750000, 3500000, 5250000));
5;0.607284545898438;5250000;4;116.61;((0, 7000000), (1750000, 3500000, 5250000));
5;0.607276916503906;5250000;9;118.27;((0, 7000000), (1750000, 3500000, 5250000));
5;0.607280731201172;5250000;8;117.31;((0, 7000000), (1750000, 3500000, 5250000));
5;0.607282638549805;5250000;8;117.91;((0, 7000000), (1750000, 3500000, 5250000));
5;0.607283592224121;5250000;9;117.61;((0, 7000000), (1750000, 3500000, 5250000));
5;0.500000000000000;875000;11;100.24;((0, 3500000), (875000, 1750000, 2625000));
5;0.750000000000000;875000;11;147.13;((0, 3500000), (875000, 1750000, 2625000));
5;0.875000000000000;875000;0;76.84;((0, 3500000), (875000, 1750000, 2625000));
5;0.812500000000000;875000;11;158.67;((0, 3500000), (875000, 1750000, 2625000));
5;0.843750000000000;875000;11;163.40;((0, 3500000), (875000, 1750000, 2625000));
5;0.859375000000000;875000;11;166.50;((0, 3500000), (875000, 1750000, 2625000));
5;0.867187500000000;875000;0;78.15;((0, 3500000), (875000, 1750000, 2625000));
5;0.863281250000000;875000;1;156.21;((0, 3500000), (875000, 1750000, 2625000));
5;0.861328125000000;875000;9;161.71;((0, 3500000), (875000, 1750000, 2625000));
5;0.862304687500000;875000;7;161.51;((0, 3500000), (875000, 1750000, 2625000));
5;0.862792968750000;875000;2;157.16;((0, 3500000), (875000, 1750000, 2625000));
5;0.862548828125000;875000;6;159.39;((0, 3500000), (875000, 1750000, 2625000));
5;0.862670898437500;875000;3;160.85;((0, 3500000), (875000, 1750000, 2625000));
5;0.862609863281250;875000;4;159.50;((0, 3500000), (875000, 1750000, 2625000));
5;0.862579345703125;875000;4;161.15;((0, 3500000), (875000, 1750000, 2625000));
5;0.862564086914062;875000;6;159.96;((0, 3500000), (875000, 1750000, 2625000));
5;0.862571716308594;875000;5;158.87;((0, 3500000), (875000, 1750000, 2625000));
5;0.862567901611328;875000;5;160.11;((0, 3500000), (875000, 1750000, 2625000));
5;0.862565994262695;875000;3;157.11;((0, 3500000), (875000, 1750000, 2625000));
5;0.862565040588379;875000;2;156.92;((0, 3500000), (875000, 1750000, 2625000));
5;0.500000000000000;2625000;11;101.40;((0, 3500000), (875000, 1750000, 2625000));
5;0.750000000000000;2625000;0;71.60;((0, 3500000), (875000, 1750000, 2625000));
5;0.625000000000000;2625000;11;125.55;((0, 3500000), (875000, 1750000, 2625000));
5;0.687500000000000;2625000;0;72.68;((0, 3500000), (875000, 1750000, 2625000));
5;0.656250000000000;2625000;0;73.49;((0, 3500000), (875000, 1750000, 2625000));
5;0.640625000000000;2625000;11;128.87;((0, 3500000), (875000, 1750000, 2625000));
5;0.648437500000000;2625000;11;131.35;((0, 3500000), (875000, 1750000, 2625000));
5;0.652343750000000;2625000;0;73.73;((0, 3500000), (875000, 1750000, 2625000));
5;0.650390625000000;2625000;0;74.38;((0, 3500000), (875000, 1750000, 2625000));
5;0.649414062500000;2625000;0;73.86;((0, 3500000), (875000, 1750000, 2625000));
5;0.648925781250000;2625000;3;124.24;((0, 3500000), (875000, 1750000, 2625000));
5;0.648681640625000;2625000;6;126.63;((0, 3500000), (875000, 1750000, 2625000));
5;0.648803710937500;2625000;5;124.22;((0, 3500000), (875000, 1750000, 2625000));
5;0.648742675781250;2625000;7;124.29;((0, 3500000), (875000, 1750000, 2625000));
5;0.648773193359375;2625000;6;125.46;((0, 3500000), (875000, 1750000, 2625000));
5;0.648788452148438;2625000;7;125.84;((0, 3500000), (875000, 1750000, 2625000));
5;0.648796081542969;2625000;4;125.06;((0, 3500000), (875000, 1750000, 2625000));
5;0.648792266845703;2625000;7;125.25;((0, 3500000), (875000, 1750000, 2625000));
5;0.648794174194336;2625000;10;126.66;((0, 3500000), (875000, 1750000, 2625000));
5;0.648795127868652;2625000;6;130.22;((0, 3500000), (875000, 1750000, 2625000));
5;0.500000000000000;437500;11;101.03;((0, 1750000), (437500, 875000, 1312500));
5;0.750000000000000;437500;11;144.84;((0, 1750000), (437500, 875000, 1312500));
5;0.875000000000000;437500;11;168.04;((0, 1750000), (437500, 875000, 1312500));
5;0.937500000000000;437500;0;77.47;((0, 1750000), (437500, 875000, 1312500));
5;0.906250000000000;437500;11;174.04;((0, 1750000), (437500, 875000, 1312500));
5;0.921875000000000;437500;9;171.29;((0, 1750000), (437500, 875000, 1312500));
5;0.929687500000000;437500;0;77.09;((0, 1750000), (437500, 875000, 1312500));
5;0.925781250000000;437500;0;82.18;((0, 1750000), (437500, 875000, 1312500));
5;0.923828125000000;437500;0;87.74;((0, 1750000), (437500, 875000, 1312500));
5;0.922851562500000;437500;1;165.44;((0, 1750000), (437500, 875000, 1312500));
5;0.922363281250000;437500;5;168.55;((0, 1750000), (437500, 875000, 1312500));
5;0.922119140625000;437500;9;171.92;((0, 1750000), (437500, 875000, 1312500));
5;0.922241210937500;437500;5;168.95;((0, 1750000), (437500, 875000, 1312500));
5;0.922180175781250;437500;7;169.87;((0, 1750000), (437500, 875000, 1312500));
5;0.922210693359375;437500;5;171.36;((0, 1750000), (437500, 875000, 1312500));
5;0.922195434570312;437500;6;170.09;((0, 1750000), (437500, 875000, 1312500));
5;0.922203063964844;437500;2;167.09;((0, 1750000), (437500, 875000, 1312500));
5;0.922199249267578;437500;5;170.20;((0, 1750000), (437500, 875000, 1312500));
5;0.922197341918945;437500;2;166.52;((0, 1750000), (437500, 875000, 1312500));
5;0.922196388244629;437500;3;169.02;((0, 1750000), (437500, 875000, 1312500));
5;0.500000000000000;1312500;11;101.15;((0, 1750000), (437500, 875000, 1312500));
5;0.750000000000000;1312500;11;146.18;((0, 1750000), (437500, 875000, 1312500));
5;0.875000000000000;1312500;0;76.34;((0, 1750000), (437500, 875000, 1312500));
5;0.812500000000000;1312500;0;76.59;((0, 1750000), (437500, 875000, 1312500));
5;0.781250000000000;1312500;11;151.39;((0, 1750000), (437500, 875000, 1312500));
5;0.796875000000000;1312500;11;156.58;((0, 1750000), (437500, 875000, 1312500));
5;0.804687500000000;1312500;0;77.89;((0, 1750000), (437500, 875000, 1312500));
5;0.800781250000000;1312500;11;156.76;((0, 1750000), (437500, 875000, 1312500));
5;0.802734375000000;1312500;0;87.97;((0, 1750000), (437500, 875000, 1312500));
5;0.801757812500000;1312500;5;149.93;((0, 1750000), (437500, 875000, 1312500));
5;0.801269531250000;1312500;11;156.84;((0, 1750000), (437500, 875000, 1312500));
5;0.801513671875000;1312500;9;151.81;((0, 1750000), (437500, 875000, 1312500));
5;0.801635742187500;1312500;8;151.48;((0, 1750000), (437500, 875000, 1312500));
5;0.801696777343750;1312500;10;155.59;((0, 1750000), (437500, 875000, 1312500));
5;0.801727294921875;1312500;7;151.05;((0, 1750000), (437500, 875000, 1312500));
5;0.801742553710938;1312500;7;150.05;((0, 1750000), (437500, 875000, 1312500));
5;0.801750183105469;1312500;7;150.35;((0, 1750000), (437500, 875000, 1312500));
5;0.801753997802734;1312500;7;151.26;((0, 1750000), (437500, 875000, 1312500));
5;0.801755905151367;1312500;7;150.31;((0, 1750000), (437500, 875000, 1312500));
5;0.801756858825684;1312500;7;149.93;((0, 1750000), (437500, 875000, 1312500));
5;0.500000000000000;218750;11;104.33;((0, 875000), (218750, 437500, 656250));
5;0.750000000000000;218750;11;142.97;((0, 875000), (218750, 437500, 656250));
5;0.875000000000000;218750;11;167.22;((0, 875000), (218750, 437500, 656250));
5;0.937500000000000;218750;11;179.19;((0, 875000), (218750, 437500, 656250));
5;0.968750000000000;218750;0;77.08;((0, 875000), (218750, 437500, 656250));
5;0.953125000000000;218750;0;84.79;((0, 875000), (218750, 437500, 656250));
5;0.945312500000000;218750;11;179.67;((0, 875000), (218750, 437500, 656250));
5;0.949218750000000;218750;10;177.14;((0, 875000), (218750, 437500, 656250));
5;0.951171875000000;218750;1;169.10;((0, 875000), (218750, 437500, 656250));
5;0.950195312500000;218750;5;174.63;((0, 875000), (218750, 437500, 656250));
5;0.949707031250000;218750;7;173.38;((0, 875000), (218750, 437500, 656250));
5;0.949951171875000;218750;3;171.59;((0, 875000), (218750, 437500, 656250));
5;0.949829101562500;218750;7;173.37;((0, 875000), (218750, 437500, 656250));
5;0.949890136718750;218750;6;172.48;((0, 875000), (218750, 437500, 656250));
5;0.949920654296875;218750;5;172.23;((0, 875000), (218750, 437500, 656250));
5;0.949905395507812;218750;6;172.80;((0, 875000), (218750, 437500, 656250));
5;0.949913024902344;218750;6;190.92;((0, 875000), (218750, 437500, 656250));
5;0.949916839599609;218750;5;171.03;((0, 875000), (218750, 437500, 656250));
5;0.949914932250977;218750;8;176.46;((0, 875000), (218750, 437500, 656250));
5;0.949915885925293;218750;8;174.28;((0, 875000), (218750, 437500, 656250));
5;0.500000000000000;656250;11;99.94;((0, 875000), (218750, 437500, 656250));
5;0.750000000000000;656250;11;146.66;((0, 875000), (218750, 437500, 656250));
5;0.875000000000000;656250;11;167.92;((0, 875000), (218750, 437500, 656250));
5;0.937500000000000;656250;0;77.66;((0, 875000), (218750, 437500, 656250));
5;0.906250000000000;656250;0;77.61;((0, 875000), (218750, 437500, 656250));
5;0.890625000000000;656250;11;174.05;((0, 875000), (218750, 437500, 656250));
5;0.898437500000000;656250;0;80.35;((0, 875000), (218750, 437500, 656250));
5;0.894531250000000;656250;0;85.69;((0, 875000), (218750, 437500, 656250));
5;0.892578125000000;656250;6;167.47;((0, 875000), (218750, 437500, 656250));
5;0.893554687500000;656250;0;92.23;((0, 875000), (218750, 437500, 656250));
5;0.893066406250000;656250;1;161.85;((0, 875000), (218750, 437500, 656250));
5;0.892822265625000;656250;2;162.25;((0, 875000), (218750, 437500, 656250));
5;0.892700195312500;656250;4;166.19;((0, 875000), (218750, 437500, 656250));
5;0.892639160156250;656250;5;168.29;((0, 875000), (218750, 437500, 656250));
5;0.892608642578125;656250;4;162.94;((0, 875000), (218750, 437500, 656250));
5;0.892593383789062;656250;6;167.83;((0, 875000), (218750, 437500, 656250));
5;0.892601013183594;656250;7;166.39;((0, 875000), (218750, 437500, 656250));
5;0.892604827880859;656250;5;164.75;((0, 875000), (218750, 437500, 656250));
5;0.892602920532227;656250;3;161.60;((0, 875000), (218750, 437500, 656250));
5;0.892601966857910;656250;5;164.58;((0, 875000), (218750, 437500, 656250));
5;0.500000000000000;109375;11;98.97;((0, 437500), (109375, 218750, 328125));
5;0.750000000000000;109375;11;143.07;((0, 437500), (109375, 218750, 328125));
5;0.875000000000000;109375;11;167.02;((0, 437500), (109375, 218750, 328125));
5;0.937500000000000;109375;11;176.65;((0, 437500), (109375, 218750, 328125));
5;0.968750000000000;109375;0;98.59;((0, 437500), (109375, 218750, 328125));
5;0.953125000000000;109375;11;180.40;((0, 437500), (109375, 218750, 328125));
5;0.960937500000000;109375;11;182.77;((0, 437500), (109375, 218750, 328125));
5;0.964843750000000;109375;10;181.95;((0, 437500), (109375, 218750, 328125));
5;0.966796875000000;109375;3;172.88;((0, 437500), (109375, 218750, 328125));
5;0.965820312500000;109375;5;174.82;((0, 437500), (109375, 218750, 328125));
5;0.965332031250000;109375;7;178.20;((0, 437500), (109375, 218750, 328125));
5;0.965576171875000;109375;8;175.87;((0, 437500), (109375, 218750, 328125));
5;0.965698242187500;109375;8;175.46;((0, 437500), (109375, 218750, 328125));
5;0.965759277343750;109375;7;176.36;((0, 437500), (109375, 218750, 328125));
5;0.965789794921875;109375;7;177.03;((0, 437500), (109375, 218750, 328125));
5;0.965805053710938;109375;7;175.03;((0, 437500), (109375, 218750, 328125));
5;0.965812683105469;109375;8;175.76;((0, 437500), (109375, 218750, 328125));
5;0.965816497802734;109375;7;178.83;((0, 437500), (109375, 218750, 328125));
5;0.965818405151367;109375;8;175.60;((0, 437500), (109375, 218750, 328125));
5;0.965819358825684;109375;8;176.52;((0, 437500), (109375, 218750, 328125));
5;0.500000000000000;328125;11;99.84;((0, 437500), (109375, 218750, 328125));
5;0.750000000000000;328125;11;145.37;((0, 437500), (109375, 218750, 328125));
5;0.875000000000000;328125;11;167.21;((0, 437500), (109375, 218750, 328125));
5;0.937500000000000;328125;11;178.63;((0, 437500), (109375, 218750, 328125));
5;0.968750000000000;328125;0;77.34;((0, 437500), (109375, 218750, 328125));
5;0.953125000000000;328125;0;77.10;((0, 437500), (109375, 218750, 328125));
5;0.945312500000000;328125;0;79.69;((0, 437500), (109375, 218750, 328125));
5;0.941406250000000;328125;1;166.24;((0, 437500), (109375, 218750, 328125));
5;0.939453125000000;328125;11;180.37;((0, 437500), (109375, 218750, 328125));
5;0.940429687500000;328125;8;173.66;((0, 437500), (109375, 218750, 328125));
5;0.940917968750000;328125;5;172.85;((0, 437500), (109375, 218750, 328125));
5;0.940673828125000;328125;8;174.09;((0, 437500), (109375, 218750, 328125));
5;0.940795898437500;328125;8;172.34;((0, 437500), (109375, 218750, 328125));
5;0.940856933593750;328125;5;178.95;((0, 437500), (109375, 218750, 328125));
5;0.940826416015625;328125;6;174.92;((0, 437500), (109375, 218750, 328125));
5;0.940841674804688;328125;4;170.26;((0, 437500), (109375, 218750, 328125));
5;0.940834045410156;328125;4;171.18;((0, 437500), (109375, 218750, 328125));
5;0.940830230712891;328125;5;172.05;((0, 437500), (109375, 218750, 328125));
5;0.940828323364258;328125;6;172.03;((0, 437500), (109375, 218750, 328125));
5;0.940829277038574;328125;7;173.45;((0, 437500), (109375, 218750, 328125));
5;0.500000000000000;54687;11;98.58;((0, 218750), (54687, 109374, 164061));
5;0.750000000000000;54687;11;142.73;((0, 218750), (54687, 109374, 164061));
5;0.875000000000000;54687;11;189.72;((0, 218750), (54687, 109374, 164061));
5;0.937500000000000;54687;11;174.66;((0, 218750), (54687, 109374, 164061));
5;0.968750000000000;54687;0;123.57;((0, 218750), (54687, 109374, 164061));
5;0.953125000000000;54687;11;180.53;((0, 218750), (54687, 109374, 164061));
5;0.960937500000000;54687;11;179.44;((0, 218750), (54687, 109374, 164061));
5;0.964843750000000;54687;11;182.16;((0, 218750), (54687, 109374, 164061));
5;0.966796875000000;54687;8;194.82;((0, 218750), (54687, 109374, 164061));
5;0.967773437500000;54687;7;174.84;((0, 218750), (54687, 109374, 164061));
5;0.968261718750000;54687;4;170.37;((0, 218750), (54687, 109374, 164061));
5;0.968017578125000;54687;5;172.04;((0, 218750), (54687, 109374, 164061));
5;0.967895507812500;54687;5;172.53;((0, 218750), (54687, 109374, 164061));
5;0.967834472656250;54687;6;173.13;((0, 218750), (54687, 109374, 164061));
5;0.967864990234375;54687;4;172.20;((0, 218750), (54687, 109374, 164061));
5;0.967849731445312;54687;5;173.01;((0, 218750), (54687, 109374, 164061));
5;0.967842102050781;54687;5;176.97;((0, 218750), (54687, 109374, 164061));
5;0.967838287353516;54687;8;174.95;((0, 218750), (54687, 109374, 164061));
5;0.967840194702148;54687;6;173.26;((0, 218750), (54687, 109374, 164061));
5;0.967841148376465;54687;4;173.14;((0, 218750), (54687, 109374, 164061));
5;0.500000000000000;109374;11;99.19;((0, 218750), (54687, 109374, 164061));
5;0.750000000000000;109374;11;143.04;((0, 218750), (54687, 109374, 164061));
5;0.875000000000000;109374;11;175.15;((0, 218750), (54687, 109374, 164061));
5;0.937500000000000;109374;11;177.11;((0, 218750), (54687, 109374, 164061));
5;0.968750000000000;109374;0;77.43;((0, 218750), (54687, 109374, 164061));
5;0.953125000000000;109374;11;182.20;((0, 218750), (54687, 109374, 164061));
5;0.960937500000000;109374;7;175.41;((0, 218750), (54687, 109374, 164061));
5;0.964843750000000;109374;0;90.28;((0, 218750), (54687, 109374, 164061));
5;0.962890625000000;109374;0;115.69;((0, 218750), (54687, 109374, 164061));
5;0.961914062500000;109374;3;171.51;((0, 218750), (54687, 109374, 164061));
5;0.961425781250000;109374;4;171.79;((0, 218750), (54687, 109374, 164061));
5;0.961181640625000;109374;5;175.36;((0, 218750), (54687, 109374, 164061));
5;0.961059570312500;109374;6;173.65;((0, 218750), (54687, 109374, 164061));
5;0.961120605468750;109374;4;171.72;((0, 218750), (54687, 109374, 164061));
5;0.961090087890625;109374;5;172.67;((0, 218750), (54687, 109374, 164061));
5;0.961074829101562;109374;4;172.92;((0, 218750), (54687, 109374, 164061));
5;0.961067199707031;109374;8;174.87;((0, 218750), (54687, 109374, 164061));
5;0.961071014404297;109374;6;175.59;((0, 218750), (54687, 109374, 164061));
5;0.961072921752930;109374;5;176.81;((0, 218750), (54687, 109374, 164061));
5;0.961071968078613;109374;3;175.35;((0, 218750), (54687, 109374, 164061));
5;0.500000000000000;164061;11;100.51;((0, 218750), (54687, 109374, 164061));
5;0.750000000000000;164061;11;143.30;((0, 218750), (54687, 109374, 164061));
5;0.875000000000000;164061;11;166.60;((0, 218750), (54687, 109374, 164061));
5;0.937500000000000;164061;11;177.76;((0, 218750), (54687, 109374, 164061));
5;0.968750000000000;164061;0;76.85;((0, 218750), (54687, 109374, 164061));
5;0.953125000000000;164061;11;181.55;((0, 218750), (54687, 109374, 164061));
5;0.960937500000000;164061;6;175.27;((0, 218750), (54687, 109374, 164061));
5;0.964843750000000;164061;0;81.21;((0, 218750), (54687, 109374, 164061));
5;0.962890625000000;164061;0;100.07;((0, 218750), (54687, 109374, 164061));
5;0.961914062500000;164061;2;170.69;((0, 218750), (54687, 109374, 164061));
5;0.961425781250000;164061;1;171.65;((0, 218750), (54687, 109374, 164061));
5;0.961181640625000;164061;6;175.54;((0, 218750), (54687, 109374, 164061));
5;0.961303710937500;164061;5;173.58;((0, 218750), (54687, 109374, 164061));
5;0.961242675781250;164061;6;175.49;((0, 218750), (54687, 109374, 164061));
5;0.961273193359375;164061;4;175.69;((0, 218750), (54687, 109374, 164061));
5;0.961257934570312;164061;5;173.90;((0, 218750), (54687, 109374, 164061));
5;0.961250305175781;164061;4;173.96;((0, 218750), (54687, 109374, 164061));
5;0.961246490478516;164061;3;172.55;((0, 218750), (54687, 109374, 164061));
5;0.961244583129883;164061;5;175.08;((0, 218750), (54687, 109374, 164061));
5;0.961243629455566;164061;4;173.33;((0, 218750), (54687, 109374, 164061));
5;0.500000000000000;27343;11;98.87;((0, 109374), (27343, 54686, 82029));
5;0.750000000000000;27343;11;140.65;((0, 109374), (27343, 54686, 82029));
5;0.875000000000000;27343;11;163.41;((0, 109374), (27343, 54686, 82029));
5;0.937500000000000;27343;11;177.51;((0, 109374), (27343, 54686, 82029));
5;0.968750000000000;27343;0;92.00;((0, 109374), (27343, 54686, 82029));
5;0.953125000000000;27343;11;174.58;((0, 109374), (27343, 54686, 82029));
5;0.960937500000000;27343;10;173.28;((0, 109374), (27343, 54686, 82029));
5;0.964843750000000;27343;1;166.93;((0, 109374), (27343, 54686, 82029));
5;0.962890625000000;27343;3;168.28;((0, 109374), (27343, 54686, 82029));
5;0.961914062500000;27343;7;171.30;((0, 109374), (27343, 54686, 82029));
5;0.962402343750000;27343;7;171.40;((0, 109374), (27343, 54686, 82029));
5;0.962646484375000;27343;6;170.36;((0, 109374), (27343, 54686, 82029));
5;0.962768554687500;27343;7;170.58;((0, 109374), (27343, 54686, 82029));
5;0.962829589843750;27343;6;171.34;((0, 109374), (27343, 54686, 82029));
5;0.962860107421875;27343;7;171.36;((0, 109374), (27343, 54686, 82029));
5;0.962875366210938;27343;7;171.12;((0, 109374), (27343, 54686, 82029));
5;0.962882995605469;27343;7;179.14;((0, 109374), (27343, 54686, 82029));
5;0.962886810302734;27343;8;173.42;((0, 109374), (27343, 54686, 82029));
5;0.962888717651367;27343;6;170.79;((0, 109374), (27343, 54686, 82029));
5;0.962889671325684;27343;6;171.68;((0, 109374), (27343, 54686, 82029));
5;0.500000000000000;54686;11;99.55;((0, 109374), (27343, 54686, 82029));
5;0.750000000000000;54686;11;141.96;((0, 109374), (27343, 54686, 82029));
5;0.875000000000000;54686;11;163.64;((0, 109374), (27343, 54686, 82029));
5;0.937500000000000;54686;11;174.25;((0, 109374), (27343, 54686, 82029));
5;0.968750000000000;54686;4;172.67;((0, 109374), (27343, 54686, 82029));
5;0.953125000000000;54686;11;176.57;((0, 109374), (27343, 54686, 82029));
5;0.960937500000000;54686;11;179.32;((0, 109374), (27343, 54686, 82029));
5;0.964843750000000;54686;11;180.55;((0, 109374), (27343, 54686, 82029));
5;0.966796875000000;54686;10;177.93;((0, 109374), (27343, 54686, 82029));
5;0.967773437500000;54686;8;173.48;((0, 109374), (27343, 54686, 82029));
5;0.968261718750000;54686;2;171.81;((0, 109374), (27343, 54686, 82029));
5;0.968017578125000;54686;6;180.09;((0, 109374), (27343, 54686, 82029));
5;0.968139648437500;54686;3;171.45;((0, 109374), (27343, 54686, 82029));
5;0.968078613281250;54686;3;172.84;((0, 109374), (27343, 54686, 82029));
5;0.968048095703125;54686;6;176.13;((0, 109374), (27343, 54686, 82029));
5;0.968063354492188;54686;5;171.80;((0, 109374), (27343, 54686, 82029));
5;0.968055725097656;54686;5;172.61;((0, 109374), (27343, 54686, 82029));
5;0.968051910400391;54686;1;170.18;((0, 109374), (27343, 54686, 82029));
5;0.968050003051758;54686;8;177.60;((0, 109374), (27343, 54686, 82029));
5;0.968050956726074;54686;6;174.01;((0, 109374), (27343, 54686, 82029));
5;0.500000000000000;82029;11;119.95;((0, 109374), (27343, 54686, 82029));
5;0.750000000000000;82029;11;145.26;((0, 109374), (27343, 54686, 82029));
5;0.875000000000000;82029;11;164.17;((0, 109374), (27343, 54686, 82029));
5;0.937500000000000;82029;11;177.03;((0, 109374), (27343, 54686, 82029));
5;0.968750000000000;82029;2;172.04;((0, 109374), (27343, 54686, 82029));
5;0.953125000000000;82029;11;180.51;((0, 109374), (27343, 54686, 82029));
5;0.960937500000000;82029;11;178.49;((0, 109374), (27343, 54686, 82029));
5;0.964843750000000;82029;11;181.54;((0, 109374), (27343, 54686, 82029));
5;0.966796875000000;82029;8;173.94;((0, 109374), (27343, 54686, 82029));
5;0.967773437500000;82029;7;176.26;((0, 109374), (27343, 54686, 82029));
5;0.968261718750000;82029;4;173.04;((0, 109374), (27343, 54686, 82029));
5;0.968017578125000;82029;5;175.49;((0, 109374), (27343, 54686, 82029));
5;0.967895507812500;82029;6;172.38;((0, 109374), (27343, 54686, 82029));
5;0.967956542968750;82029;4;173.66;((0, 109374), (27343, 54686, 82029));
5;0.967926025390625;82029;4;174.15;((0, 109374), (27343, 54686, 82029));
5;0.967910766601562;82029;6;173.31;((0, 109374), (27343, 54686, 82029));
5;0.967918395996094;82029;2;172.55;((0, 109374), (27343, 54686, 82029));
5;0.967914581298828;82029;5;174.48;((0, 109374), (27343, 54686, 82029));
5;0.967912673950195;82029;5;174.68;((0, 109374), (27343, 54686, 82029));
5;0.967911720275879;82029;2;170.69;((0, 109374), (27343, 54686, 82029));
5;0.500000000000000;41014;11;97.87;((27343, 82029), (41014, 54685, 68356));
5;0.750000000000000;41014;11;142.29;((27343, 82029), (41014, 54685, 68356));
5;0.875000000000000;41014;11;162.49;((27343, 82029), (41014, 54685, 68356));
5;0.937500000000000;41014;11;173.50;((27343, 82029), (41014, 54685, 68356));
5;0.968750000000000;41014;0;85.34;((27343, 82029), (41014, 54685, 68356));
5;0.953125000000000;41014;11;178.80;((27343, 82029), (41014, 54685, 68356));
5;0.960937500000000;41014;7;172.07;((27343, 82029), (41014, 54685, 68356));
5;0.964843750000000;41014;0;97.88;((27343, 82029), (41014, 54685, 68356));
5;0.962890625000000;41014;0;121.06;((27343, 82029), (41014, 54685, 68356));
5;0.961914062500000;41014;4;168.90;((27343, 82029), (41014, 54685, 68356));
5;0.961425781250000;41014;4;169.54;((27343, 82029), (41014, 54685, 68356));
5;0.961181640625000;41014;5;171.77;((27343, 82029), (41014, 54685, 68356));
5;0.961059570312500;41014;9;172.95;((27343, 82029), (41014, 54685, 68356));
5;0.961120605468750;41014;5;170.96;((27343, 82029), (41014, 54685, 68356));
5;0.961090087890625;41014;6;171.62;((27343, 82029), (41014, 54685, 68356));
5;0.961105346679688;41014;7;170.72;((27343, 82029), (41014, 54685, 68356));
5;0.961112976074219;41014;8;171.15;((27343, 82029), (41014, 54685, 68356));
5;0.961116790771484;41014;7;171.87;((27343, 82029), (41014, 54685, 68356));
5;0.961118698120117;41014;7;171.38;((27343, 82029), (41014, 54685, 68356));
5;0.961119651794434;41014;4;174.21;((27343, 82029), (41014, 54685, 68356));
5;0.500000000000000;54685;11;98.69;((27343, 82029), (41014, 54685, 68356));
5;0.750000000000000;54685;11;141.35;((27343, 82029), (41014, 54685, 68356));
5;0.875000000000000;54685;11;164.16;((27343, 82029), (41014, 54685, 68356));
5;0.937500000000000;54685;11;174.41;((27343, 82029), (41014, 54685, 68356));
5;0.968750000000000;54685;9;175.96;((27343, 82029), (41014, 54685, 68356));
5;0.984375000000000;54685;0;75.83;((27343, 82029), (41014, 54685, 68356));
5;0.976562500000000;54685;0;77.68;((27343, 82029), (41014, 54685, 68356));
5;0.972656250000000;54685;0;86.38;((27343, 82029), (41014, 54685, 68356));
5;0.970703125000000;54685;0;100.50;((27343, 82029), (41014, 54685, 68356));
5;0.969726562500000;54685;0;123.90;((27343, 82029), (41014, 54685, 68356));
5;0.969238281250000;54685;1;168.08;((27343, 82029), (41014, 54685, 68356));
5;0.968994140625000;54685;2;170.11;((27343, 82029), (41014, 54685, 68356));
5;0.968872070312500;54685;2;168.58;((27343, 82029), (41014, 54685, 68356));
5;0.968811035156250;54685;2;169.04;((27343, 82029), (41014, 54685, 68356));
5;0.968780517578125;54685;2;169.54;((27343, 82029), (41014, 54685, 68356));
5;0.968765258789062;54685;2;168.06;((27343, 82029), (41014, 54685, 68356));
5;0.968757629394531;54685;5;173.75;((27343, 82029), (41014, 54685, 68356));
5;0.968753814697266;54685;3;174.08;((27343, 82029), (41014, 54685, 68356));
5;0.968751907348633;54685;3;170.76;((27343, 82029), (41014, 54685, 68356));
5;0.968750953674316;54685;2;169.19;((27343, 82029), (41014, 54685, 68356));
5;0.500000000000000;68356;11;98.03;((27343, 82029), (41014, 54685, 68356));
5;0.750000000000000;68356;11;142.61;((27343, 82029), (41014, 54685, 68356));
5;0.875000000000000;68356;11;163.06;((27343, 82029), (41014, 54685, 68356));
5;0.937500000000000;68356;11;175.94;((27343, 82029), (41014, 54685, 68356));
5;0.968750000000000;68356;4;171.06;((27343, 82029), (41014, 54685, 68356));
5;0.953125000000000;68356;11;183.75;((27343, 82029), (41014, 54685, 68356));
5;0.960937500000000;68356;11;179.93;((27343, 82029), (41014, 54685, 68356));
5;0.964843750000000;68356;11;180.62;((27343, 82029), (41014, 54685, 68356));
5;0.966796875000000;68356;10;176.67;((27343, 82029), (41014, 54685, 68356));
5;0.967773437500000;68356;7;174.29;((27343, 82029), (41014, 54685, 68356));
5;0.968261718750000;68356;2;173.99;((27343, 82029), (41014, 54685, 68356));
5;0.968017578125000;68356;6;174.67;((27343, 82029), (41014, 54685, 68356));
5;0.968139648437500;68356;5;171.62;((27343, 82029), (41014, 54685, 68356));
5;0.968078613281250;68356;5;173.17;((27343, 82029), (41014, 54685, 68356));
5;0.968048095703125;68356;8;173.46;((27343, 82029), (41014, 54685, 68356));
5;0.968063354492188;68356;6;175.89;((27343, 82029), (41014, 54685, 68356));
5;0.968070983886719;68356;6;174.49;((27343, 82029), (41014, 54685, 68356));
5;0.968074798583984;68356;4;173.44;((27343, 82029), (41014, 54685, 68356));
5;0.968072891235352;68356;7;174.89;((27343, 82029), (41014, 54685, 68356));
5;0.968073844909668;68356;5;174.37;((27343, 82029), (41014, 54685, 68356));
5;0.500000000000000;47849;11;97.99;((41014, 68356), (47849, 54684, 61519));
5;0.750000000000000;47849;11;143.37;((41014, 68356), (47849, 54684, 61519));
5;0.875000000000000;47849;11;187.15;((41014, 68356), (47849, 54684, 61519));
5;0.937500000000000;47849;11;173.84;((41014, 68356), (47849, 54684, 61519));
5;0.968750000000000;47849;0;113.24;((41014, 68356), (47849, 54684, 61519));
5;0.953125000000000;47849;11;177.73;((41014, 68356), (47849, 54684, 61519));
5;0.960937500000000;47849;11;178.58;((41014, 68356), (47849, 54684, 61519));
5;0.964843750000000;47849;10;178.10;((41014, 68356), (47849, 54684, 61519));
5;0.966796875000000;47849;8;174.70;((41014, 68356), (47849, 54684, 61519));
5;0.967773437500000;47849;1;168.55;((41014, 68356), (47849, 54684, 61519));
5;0.967285156250000;47849;5;172.32;((41014, 68356), (47849, 54684, 61519));
5;0.967041015625000;47849;5;174.31;((41014, 68356), (47849, 54684, 61519));
5;0.966918945312500;47849;3;172.28;((41014, 68356), (47849, 54684, 61519));
5;0.966857910156250;47849;11;179.74;((41014, 68356), (47849, 54684, 61519));
5;0.966888427734375;47849;10;178.92;((41014, 68356), (47849, 54684, 61519));
5;0.966903686523438;47849;6;171.11;((41014, 68356), (47849, 54684, 61519));
5;0.966911315917969;47849;6;172.23;((41014, 68356), (47849, 54684, 61519));
5;0.966915130615234;47849;7;172.88;((41014, 68356), (47849, 54684, 61519));
5;0.966917037963867;47849;11;178.04;((41014, 68356), (47849, 54684, 61519));
5;0.966917991638184;47849;8;172.67;((41014, 68356), (47849, 54684, 61519));
5;0.500000000000000;54684;11;97.45;((41014, 68356), (47849, 54684, 61519));
5;0.750000000000000;54684;11;142.39;((41014, 68356), (47849, 54684, 61519));
5;0.875000000000000;54684;11;164.19;((41014, 68356), (47849, 54684, 61519));
5;0.937500000000000;54684;11;175.58;((41014, 68356), (47849, 54684, 61519));
5;0.968750000000000;54684;0;84.29;((41014, 68356), (47849, 54684, 61519));
5;0.953125000000000;54684;11;179.12;((41014, 68356), (47849, 54684, 61519));
5;0.960937500000000;54684;9;175.63;((41014, 68356), (47849, 54684, 61519));
5;0.964843750000000;54684;0;110.23;((41014, 68356), (47849, 54684, 61519));
5;0.962890625000000;54684;3;170.92;((41014, 68356), (47849, 54684, 61519));
5;0.961914062500000;54684;7;177.69;((41014, 68356), (47849, 54684, 61519));
5;0.962402343750000;54684;9;174.97;((41014, 68356), (47849, 54684, 61519));
5;0.962646484375000;54684;4;170.80;((41014, 68356), (47849, 54684, 61519));
5;0.962524414062500;54684;6;175.06;((41014, 68356), (47849, 54684, 61519));
5;0.962585449218750;54684;6;172.55;((41014, 68356), (47849, 54684, 61519));
5;0.962615966796875;54684;4;172.56;((41014, 68356), (47849, 54684, 61519));
5;0.962600708007812;54684;6;173.14;((41014, 68356), (47849, 54684, 61519));
5;0.962608337402344;54684;5;172.53;((41014, 68356), (47849, 54684, 61519));
5;0.962604522705078;54684;7;174.45;((41014, 68356), (47849, 54684, 61519));
5;0.962606430053711;54684;8;173.61;((41014, 68356), (47849, 54684, 61519));
5;0.962607383728027;54684;3;171.43;((41014, 68356), (47849, 54684, 61519));
5;0.500000000000000;61519;11;99.17;((41014, 68356), (47849, 54684, 61519));
5;0.750000000000000;61519;11;140.73;((41014, 68356), (47849, 54684, 61519));
5;0.875000000000000;61519;11;164.58;((41014, 68356), (47849, 54684, 61519));
5;0.937500000000000;61519;11;174.70;((41014, 68356), (47849, 54684, 61519));
5;0.968750000000000;61519;6;174.46;((41014, 68356), (47849, 54684, 61519));
5;0.984375000000000;61519;0;75.59;((41014, 68356), (47849, 54684, 61519));
5;0.976562500000000;61519;0;77.37;((41014, 68356), (47849, 54684, 61519));
5;0.972656250000000;61519;0;90.87;((41014, 68356), (47849, 54684, 61519));
5;0.970703125000000;61519;0;92.73;((41014, 68356), (47849, 54684, 61519));
5;0.969726562500000;61519;0;117.34;((41014, 68356), (47849, 54684, 61519));
5;0.969238281250000;61519;3;171.93;((41014, 68356), (47849, 54684, 61519));
5;0.968994140625000;61519;2;168.71;((41014, 68356), (47849, 54684, 61519));
5;0.968872070312500;61519;2;171.65;((41014, 68356), (47849, 54684, 61519));
5;0.968811035156250;61519;5;173.43;((41014, 68356), (47849, 54684, 61519));
5;0.968780517578125;61519;6;174.09;((41014, 68356), (47849, 54684, 61519));
5;0.968795776367188;61519;4;172.45;((41014, 68356), (47849, 54684, 61519));
5;0.968788146972656;61519;4;173.18;((41014, 68356), (47849, 54684, 61519));
5;0.968784332275391;61519;6;172.89;((41014, 68356), (47849, 54684, 61519));
5;0.968786239624023;61519;2;170.03;((41014, 68356), (47849, 54684, 61519));
5;0.968785285949707;61519;4;172.55;((41014, 68356), (47849, 54684, 61519));
5;0.500000000000000;58102;11;99.67;((54684, 68356), (58102, 61520, 64938));
5;0.750000000000000;58102;11;141.98;((54684, 68356), (58102, 61520, 64938));
5;0.875000000000000;58102;11;163.66;((54684, 68356), (58102, 61520, 64938));
5;0.937500000000000;58102;11;173.47;((54684, 68356), (58102, 61520, 64938));
5;0.968750000000000;58102;0;99.64;((54684, 68356), (58102, 61520, 64938));
5;0.953125000000000;58102;11;178.09;((54684, 68356), (58102, 61520, 64938));
5;0.960937500000000;58102;10;178.30;((54684, 68356), (58102, 61520, 64938));
5;0.964843750000000;58102;3;170.54;((54684, 68356), (58102, 61520, 64938));
5;0.962890625000000;58102;5;171.52;((54684, 68356), (58102, 61520, 64938));
5;0.961914062500000;58102;9;174.44;((54684, 68356), (58102, 61520, 64938));
5;0.962402343750000;58102;8;175.59;((54684, 68356), (58102, 61520, 64938));
5;0.962646484375000;58102;2;172.30;((54684, 68356), (58102, 61520, 64938));
5;0.962524414062500;58102;7;172.27;((54684, 68356), (58102, 61520, 64938));
5;0.962585449218750;58102;6;171.43;((54684, 68356), (58102, 61520, 64938));
5;0.962615966796875;58102;7;173.63;((54684, 68356), (58102, 61520, 64938));
5;0.962631225585938;58102;6;174.49;((54684, 68356), (58102, 61520, 64938));
5;0.962638854980469;58102;6;173.48;((54684, 68356), (58102, 61520, 64938));
5;0.962642669677734;58102;4;172.32;((54684, 68356), (58102, 61520, 64938));
5;0.962640762329102;58102;7;176.68;((54684, 68356), (58102, 61520, 64938));
5;0.962641716003418;58102;4;171.60;((54684, 68356), (58102, 61520, 64938));
5;0.500000000000000;61520;11;98.93;((54684, 68356), (58102, 61520, 64938));
5;0.750000000000000;61520;11;142.61;((54684, 68356), (58102, 61520, 64938));
5;0.875000000000000;61520;11;164.97;((54684, 68356), (58102, 61520, 64938));
5;0.937500000000000;61520;11;173.89;((54684, 68356), (58102, 61520, 64938));
5;0.968750000000000;61520;0;89.02;((54684, 68356), (58102, 61520, 64938));
5;0.953125000000000;61520;11;181.96;((54684, 68356), (58102, 61520, 64938));
5;0.960937500000000;61520;7;174.29;((54684, 68356), (58102, 61520, 64938));
5;0.964843750000000;61520;2;170.59;((54684, 68356), (58102, 61520, 64938));
5;0.962890625000000;61520;7;173.27;((54684, 68356), (58102, 61520, 64938));
5;0.963867187500000;61520;1;169.03;((54684, 68356), (58102, 61520, 64938));
5;0.963378906250000;61520;2;172.22;((54684, 68356), (58102, 61520, 64938));
5;0.963134765625000;61520;5;172.83;((54684, 68356), (58102, 61520, 64938));
5;0.963012695312500;61520;4;173.23;((54684, 68356), (58102, 61520, 64938));
5;0.962951660156250;61520;7;174.77;((54684, 68356), (58102, 61520, 64938));
5;0.962982177734375;61520;7;173.90;((54684, 68356), (58102, 61520, 64938));
5;0.962997436523438;61520;6;175.56;((54684, 68356), (58102, 61520, 64938));
5;0.963005065917969;61520;3;171.15;((54684, 68356), (58102, 61520, 64938));
5;0.963001251220703;61520;6;171.69;((54684, 68356), (58102, 61520, 64938));
5;0.963003158569336;61520;4;171.41;((54684, 68356), (58102, 61520, 64938));
5;0.963002204895020;61520;4;172.79;((54684, 68356), (58102, 61520, 64938));
5;0.500000000000000;64938;11;98.29;((54684, 68356), (58102, 61520, 64938));
5;0.750000000000000;64938;11;141.75;((54684, 68356), (58102, 61520, 64938));
5;0.875000000000000;64938;11;163.02;((54684, 68356), (58102, 61520, 64938));
5;0.937500000000000;64938;11;176.89;((54684, 68356), (58102, 61520, 64938));
5;0.968750000000000;64938;2;172.02;((54684, 68356), (58102, 61520, 64938));
5;0.953125000000000;64938;11;179.44;((54684, 68356), (58102, 61520, 64938));
5;0.960937500000000;64938;11;181.40;((54684, 68356), (58102, 61520, 64938));
5;0.964843750000000;64938;11;179.41;((54684, 68356), (58102, 61520, 64938));
5;0.966796875000000;64938;8;174.62;((54684, 68356), (58102, 61520, 64938));
5;0.967773437500000;64938;8;176.78;((54684, 68356), (58102, 61520, 64938));
5;0.968261718750000;64938;4;172.67;((54684, 68356), (58102, 61520, 64938));
5;0.968017578125000;64938;6;177.29;((54684, 68356), (58102, 61520, 64938));
5;0.968139648437500;64938;8;195.70;((54684, 68356), (58102, 61520, 64938));
5;0.968200683593750;64938;5;174.30;((54684, 68356), (58102, 61520, 64938));
5;0.968170166015625;64938;4;173.89;((54684, 68356), (58102, 61520, 64938));
5;0.968154907226562;64938;6;173.15;((54684, 68356), (58102, 61520, 64938));
5;0.968162536621094;64938;4;171.70;((54684, 68356), (58102, 61520, 64938));
5;0.968158721923828;64938;8;174.93;((54684, 68356), (58102, 61520, 64938));
5;0.968160629272461;64938;6;174.37;((54684, 68356), (58102, 61520, 64938));
5;0.968161582946777;64938;4;170.93;((54684, 68356), (58102, 61520, 64938));
5;0.500000000000000;63229;11;98.86;((61520, 68356), (63229, 64938, 66647));
5;0.750000000000000;63229;11;142.43;((61520, 68356), (63229, 64938, 66647));
5;0.875000000000000;63229;11;163.53;((61520, 68356), (63229, 64938, 66647));
5;0.937500000000000;63229;11;176.86;((61520, 68356), (63229, 64938, 66647));
5;0.968750000000000;63229;6;173.03;((61520, 68356), (63229, 64938, 66647));
5;0.984375000000000;63229;0;75.07;((61520, 68356), (63229, 64938, 66647));
5;0.976562500000000;63229;0;78.47;((61520, 68356), (63229, 64938, 66647));
5;0.972656250000000;63229;0;84.94;((61520, 68356), (63229, 64938, 66647));
5;0.970703125000000;63229;0;120.75;((61520, 68356), (63229, 64938, 66647));
5;0.969726562500000;63229;0;112.94;((61520, 68356), (63229, 64938, 66647));
5;0.969238281250000;63229;2;170.92;((61520, 68356), (63229, 64938, 66647));
5;0.968994140625000;63229;4;172.88;((61520, 68356), (63229, 64938, 66647));
5;0.968872070312500;63229;3;169.67;((61520, 68356), (63229, 64938, 66647));
5;0.968811035156250;63229;7;174.48;((61520, 68356), (63229, 64938, 66647));
5;0.968841552734375;63229;2;171.02;((61520, 68356), (63229, 64938, 66647));
5;0.968826293945312;63229;2;170.82;((61520, 68356), (63229, 64938, 66647));
5;0.968818664550781;63229;5;172.13;((61520, 68356), (63229, 64938, 66647));
5;0.968814849853516;63229;4;172.71;((61520, 68356), (63229, 64938, 66647));
5;0.968812942504883;63229;4;173.02;((61520, 68356), (63229, 64938, 66647));
5;0.968811988830566;63229;4;174.01;((61520, 68356), (63229, 64938, 66647));
5;0.500000000000000;66647;11;99.60;((61520, 68356), (63229, 64938, 66647));
5;0.750000000000000;66647;11;142.44;((61520, 68356), (63229, 64938, 66647));
5;0.875000000000000;66647;11;164.97;((61520, 68356), (63229, 64938, 66647));
5;0.937500000000000;66647;11;177.65;((61520, 68356), (63229, 64938, 66647));
5;0.968750000000000;66647;1;170.48;((61520, 68356), (63229, 64938, 66647));
5;0.953125000000000;66647;11;177.14;((61520, 68356), (63229, 64938, 66647));
5;0.960937500000000;66647;11;179.25;((61520, 68356), (63229, 64938, 66647));
5;0.964843750000000;66647;11;181.04;((61520, 68356), (63229, 64938, 66647));
5;0.966796875000000;66647;10;192.97;((61520, 68356), (63229, 64938, 66647));
5;0.967773437500000;66647;6;172.38;((61520, 68356), (63229, 64938, 66647));
5;0.968261718750000;66647;6;173.22;((61520, 68356), (63229, 64938, 66647));
5;0.968505859375000;66647;4;173.87;((61520, 68356), (63229, 64938, 66647));
5;0.968383789062500;66647;4;171.30;((61520, 68356), (63229, 64938, 66647));
5;0.968322753906250;66647;7;176.43;((61520, 68356), (63229, 64938, 66647));
5;0.968353271484375;66647;5;199.07;((61520, 68356), (63229, 64938, 66647));
5;0.968338012695312;66647;3;170.06;((61520, 68356), (63229, 64938, 66647));
5;0.968330383300781;66647;4;172.63;((61520, 68356), (63229, 64938, 66647));
5;0.968326568603516;66647;8;173.68;((61520, 68356), (63229, 64938, 66647));
5;0.968328475952148;66647;2;171.36;((61520, 68356), (63229, 64938, 66647));
5;0.968327522277832;66647;6;173.42;((61520, 68356), (63229, 64938, 66647));
5;0.500000000000000;62374;11;100.66;((61520, 64938), (62374, 63228, 64082));
5;0.750000000000000;62374;11;142.81;((61520, 64938), (62374, 63228, 64082));
5;0.875000000000000;62374;11;164.74;((61520, 64938), (62374, 63228, 64082));
5;0.937500000000000;62374;11;175.33;((61520, 64938), (62374, 63228, 64082));
5;0.968750000000000;62374;0;80.52;((61520, 64938), (62374, 63228, 64082));
5;0.953125000000000;62374;11;178.90;((61520, 64938), (62374, 63228, 64082));
5;0.960937500000000;62374;11;177.86;((61520, 64938), (62374, 63228, 64082));
5;0.964843750000000;62374;1;168.08;((61520, 64938), (62374, 63228, 64082));
5;0.962890625000000;62374;5;171.65;((61520, 64938), (62374, 63228, 64082));
5;0.961914062500000;62374;10;174.96;((61520, 64938), (62374, 63228, 64082));
5;0.962402343750000;62374;6;172.37;((61520, 64938), (62374, 63228, 64082));
5;0.962646484375000;62374;8;174.04;((61520, 64938), (62374, 63228, 64082));
5;0.962768554687500;62374;7;174.78;((61520, 64938), (62374, 63228, 64082));
5;0.962829589843750;62374;6;173.32;((61520, 64938), (62374, 63228, 64082));
5;0.962860107421875;62374;4;172.21;((61520, 64938), (62374, 63228, 64082));
5;0.962844848632812;62374;5;174.24;((61520, 64938), (62374, 63228, 64082));
5;0.962837219238281;62374;4;171.42;((61520, 64938), (62374, 63228, 64082));
5;0.962833404541016;62374;8;172.80;((61520, 64938), (62374, 63228, 64082));
5;0.962835311889648;62374;5;173.43;((61520, 64938), (62374, 63228, 64082));
5;0.962834358215332;62374;8;179.96;((61520, 64938), (62374, 63228, 64082));
5;0.500000000000000;63228;11;98.60;((61520, 64938), (62374, 63228, 64082));
5;0.750000000000000;63228;11;143.24;((61520, 64938), (62374, 63228, 64082));
5;0.875000000000000;63228;11;164.67;((61520, 64938), (62374, 63228, 64082));
5;0.937500000000000;63228;11;205.99;((61520, 64938), (62374, 63228, 64082));
5;0.968750000000000;63228;6;176.86;((61520, 64938), (62374, 63228, 64082));
5;0.984375000000000;63228;0;76.88;((61520, 64938), (62374, 63228, 64082));
5;0.976562500000000;63228;0;81.62;((61520, 64938), (62374, 63228, 64082));
5;0.972656250000000;63228;0;95.20;((61520, 64938), (62374, 63228, 64082));
5;0.970703125000000;63228;0;95.46;((61520, 64938), (62374, 63228, 64082));
5;0.969726562500000;63228;1;169.67;((61520, 64938), (62374, 63228, 64082));
5;0.969238281250000;63228;1;167.99;((61520, 64938), (62374, 63228, 64082));
5;0.968994140625000;63228;0;124.48;((61520, 64938), (62374, 63228, 64082));
5;0.968872070312500;63228;2;171.42;((61520, 64938), (62374, 63228, 64082));
5;0.968811035156250;63228;3;172.52;((61520, 64938), (62374, 63228, 64082));
5;0.968780517578125;63228;4;175.03;((61520, 64938), (62374, 63228, 64082));
5;0.968765258789062;63228;1;171.48;((61520, 64938), (62374, 63228, 64082));
5;0.968757629394531;63228;2;170.97;((61520, 64938), (62374, 63228, 64082));
5;0.968753814697266;63228;4;171.66;((61520, 64938), (62374, 63228, 64082));
5;0.968751907348633;63228;5;173.18;((61520, 64938), (62374, 63228, 64082));
5;0.968750953674316;63228;1;170.34;((61520, 64938), (62374, 63228, 64082));
5;0.500000000000000;64082;11;98.12;((61520, 64938), (62374, 63228, 64082));
5;0.750000000000000;64082;11;143.39;((61520, 64938), (62374, 63228, 64082));
5;0.875000000000000;64082;11;163.53;((61520, 64938), (62374, 63228, 64082));
5;0.937500000000000;64082;11;183.13;((61520, 64938), (62374, 63228, 64082));
5;0.968750000000000;64082;0;83.68;((61520, 64938), (62374, 63228, 64082));
5;0.953125000000000;64082;11;178.83;((61520, 64938), (62374, 63228, 64082));
5;0.960937500000000;64082;10;174.98;((61520, 64938), (62374, 63228, 64082));
5;0.964843750000000;64082;2;169.47;((61520, 64938), (62374, 63228, 64082));
5;0.962890625000000;64082;6;173.49;((61520, 64938), (62374, 63228, 64082));
5;0.963867187500000;64082;4;171.11;((61520, 64938), (62374, 63228, 64082));
5;0.963378906250000;64082;5;174.30;((61520, 64938), (62374, 63228, 64082));
5;0.963134765625000;64082;2;171.06;((61520, 64938), (62374, 63228, 64082));
5;0.963012695312500;64082;5;171.82;((61520, 64938), (62374, 63228, 64082));
5;0.962951660156250;64082;7;171.92;((61520, 64938), (62374, 63228, 64082));
5;0.962982177734375;64082;5;172.29;((61520, 64938), (62374, 63228, 64082));
5;0.962966918945312;64082;4;175.08;((61520, 64938), (62374, 63228, 64082));
5;0.962959289550781;64082;8;174.84;((61520, 64938), (62374, 63228, 64082));
5;0.962963104248047;64082;5;173.05;((61520, 64938), (62374, 63228, 64082));
5;0.962961196899414;64082;6;175.09;((61520, 64938), (62374, 63228, 64082));
5;0.962962150573730;64082;9;174.21;((61520, 64938), (62374, 63228, 64082));
5;0.500000000000000;62801;11;99.71;((62374, 64082), (62801, 63228, 63655));
5;0.750000000000000;62801;11;146.43;((62374, 64082), (62801, 63228, 63655));
5;0.875000000000000;62801;11;163.50;((62374, 64082), (62801, 63228, 63655));
5;0.937500000000000;62801;11;175.34;((62374, 64082), (62801, 63228, 63655));
5;0.968750000000000;62801;3;172.53;((62374, 64082), (62801, 63228, 63655));
5;0.953125000000000;62801;11;178.76;((62374, 64082), (62801, 63228, 63655));
5;0.960937500000000;62801;11;180.08;((62374, 64082), (62801, 63228, 63655));
5;0.964843750000000;62801;10;178.01;((62374, 64082), (62801, 63228, 63655));
5;0.966796875000000;62801;9;174.81;((62374, 64082), (62801, 63228, 63655));
5;0.967773437500000;62801;7;173.01;((62374, 64082), (62801, 63228, 63655));
5;0.968261718750000;62801;6;174.79;((62374, 64082), (62801, 63228, 63655));
5;0.968505859375000;62801;2;170.84;((62374, 64082), (62801, 63228, 63655));
5;0.968383789062500;62801;3;172.59;((62374, 64082), (62801, 63228, 63655));
5;0.968322753906250;62801;5;173.70;((62374, 64082), (62801, 63228, 63655));
5;0.968292236328125;62801;7;173.26;((62374, 64082), (62801, 63228, 63655));
5;0.968307495117188;62801;2;171.46;((62374, 64082), (62801, 63228, 63655));
5;0.968299865722656;62801;4;173.33;((62374, 64082), (62801, 63228, 63655));
5;0.968296051025391;62801;4;173.16;((62374, 64082), (62801, 63228, 63655));
5;0.968294143676758;62801;5;171.67;((62374, 64082), (62801, 63228, 63655));
5;0.968293190002441;62801;4;175.00;((62374, 64082), (62801, 63228, 63655));
5;0.500000000000000;63655;11;101.14;((62374, 64082), (62801, 63228, 63655));
5;0.750000000000000;63655;11;143.59;((62374, 64082), (62801, 63228, 63655));
5;0.875000000000000;63655;11;164.47;((62374, 64082), (62801, 63228, 63655));
5;0.937500000000000;63655;11;175.01;((62374, 64082), (62801, 63228, 63655));
5;0.968750000000000;63655;5;173.34;((62374, 64082), (62801, 63228, 63655));
5;0.953125000000000;63655;11;178.66;((62374, 64082), (62801, 63228, 63655));
5;0.960937500000000;63655;11;182.88;((62374, 64082), (62801, 63228, 63655));
5;0.964843750000000;63655;11;181.37;((62374, 64082), (62801, 63228, 63655));
5;0.966796875000000;63655;10;177.14;((62374, 64082), (62801, 63228, 63655));
5;0.967773437500000;63655;6;173.71;((62374, 64082), (62801, 63228, 63655));
5;0.968261718750000;63655;8;175.17;((62374, 64082), (62801, 63228, 63655));
5;0.968505859375000;63655;3;172.55;((62374, 64082), (62801, 63228, 63655));
5;0.968383789062500;63655;5;173.67;((62374, 64082), (62801, 63228, 63655));
5;0.968322753906250;63655;6;174.43;((62374, 64082), (62801, 63228, 63655));
5;0.968353271484375;63655;6;174.43;((62374, 64082), (62801, 63228, 63655));
5;0.968368530273438;63655;4;172.78;((62374, 64082), (62801, 63228, 63655));
5;0.968360900878906;63655;4;175.25;((62374, 64082), (62801, 63228, 63655));
5;0.968357086181641;63655;7;173.78;((62374, 64082), (62801, 63228, 63655));
5;0.968358993530273;63655;8;173.61;((62374, 64082), (62801, 63228, 63655));
5;0.968359947204590;63655;3;181.51;((62374, 64082), (62801, 63228, 63655));
5;0.500000000000000;63014;11;98.51;((62801, 63655), (63014, 63227, 63440));
5;0.750000000000000;63014;11;142.57;((62801, 63655), (63014, 63227, 63440));
5;0.875000000000000;63014;11;163.92;((62801, 63655), (63014, 63227, 63440));
5;0.937500000000000;63014;11;175.63;((62801, 63655), (63014, 63227, 63440));
5;0.968750000000000;63014;0;81.93;((62801, 63655), (63014, 63227, 63440));
5;0.953125000000000;63014;11;179.04;((62801, 63655), (63014, 63227, 63440));
5;0.960937500000000;63014;10;179.00;((62801, 63655), (63014, 63227, 63440));
5;0.964843750000000;63014;2;169.79;((62801, 63655), (63014, 63227, 63440));
5;0.962890625000000;63014;3;172.03;((62801, 63655), (63014, 63227, 63440));
5;0.961914062500000;63014;9;176.09;((62801, 63655), (63014, 63227, 63440));
5;0.962402343750000;63014;8;184.23;((62801, 63655), (63014, 63227, 63440));
5;0.962646484375000;63014;6;175.37;((62801, 63655), (63014, 63227, 63440));
5;0.962768554687500;63014;6;172.28;((62801, 63655), (63014, 63227, 63440));
5;0.962829589843750;63014;7;174.31;((62801, 63655), (63014, 63227, 63440));
5;0.962860107421875;63014;4;171.30;((62801, 63655), (63014, 63227, 63440));
5;0.962844848632812;63014;7;175.24;((62801, 63655), (63014, 63227, 63440));
5;0.962852478027344;63014;8;174.42;((62801, 63655), (63014, 63227, 63440));
5;0.962856292724609;63014;9;174.20;((62801, 63655), (63014, 63227, 63440));
5;0.962858200073242;63014;6;176.15;((62801, 63655), (63014, 63227, 63440));
5;0.962859153747559;63014;6;173.02;((62801, 63655), (63014, 63227, 63440));
5;0.500000000000000;63227;11;99.43;((62801, 63655), (63014, 63227, 63440));
5;0.750000000000000;63227;11;143.44;((62801, 63655), (63014, 63227, 63440));
5;0.875000000000000;63227;11;163.76;((62801, 63655), (63014, 63227, 63440));
5;0.937500000000000;63227;11;176.81;((62801, 63655), (63014, 63227, 63440));
5;0.968750000000000;63227;1;172.66;((62801, 63655), (63014, 63227, 63440));
5;0.953125000000000;63227;11;178.43;((62801, 63655), (63014, 63227, 63440));
5;0.960937500000000;63227;11;180.99;((62801, 63655), (63014, 63227, 63440));
5;0.964843750000000;63227;11;182.08;((62801, 63655), (63014, 63227, 63440));
5;0.966796875000000;63227;10;177.55;((62801, 63655), (63014, 63227, 63440));
5;0.967773437500000;63227;7;174.96;((62801, 63655), (63014, 63227, 63440));
5;0.968261718750000;63227;5;174.02;((62801, 63655), (63014, 63227, 63440));
5;0.968017578125000;63227;3;172.22;((62801, 63655), (63014, 63227, 63440));
5;0.967895507812500;63227;8;175.92;((62801, 63655), (63014, 63227, 63440));
5;0.967956542968750;63227;9;186.47;((62801, 63655), (63014, 63227, 63440));
5;0.967987060546875;63227;10;179.06;((62801, 63655), (63014, 63227, 63440));
5;0.968002319335938;63227;7;175.37;((62801, 63655), (63014, 63227, 63440));
5;0.968009948730469;63227;8;174.44;((62801, 63655), (63014, 63227, 63440));
5;0.968013763427734;63227;5;173.14;((62801, 63655), (63014, 63227, 63440));
5;0.968011856079102;63227;6;173.85;((62801, 63655), (63014, 63227, 63440));
5;0.968012809753418;63227;5;175.14;((62801, 63655), (63014, 63227, 63440));
5;0.500000000000000;63440;11;98.41;((62801, 63655), (63014, 63227, 63440));
5;0.750000000000000;63440;11;142.36;((62801, 63655), (63014, 63227, 63440));
5;0.875000000000000;63440;11;165.86;((62801, 63655), (63014, 63227, 63440));
5;0.937500000000000;63440;11;178.56;((62801, 63655), (63014, 63227, 63440));
5;0.968750000000000;63440;0;80.90;((62801, 63655), (63014, 63227, 63440));
5;0.953125000000000;63440;11;178.58;((62801, 63655), (63014, 63227, 63440));
5;0.960937500000000;63440;11;180.30;((62801, 63655), (63014, 63227, 63440));
5;0.964843750000000;63440;1;168.75;((62801, 63655), (63014, 63227, 63440));
5;0.962890625000000;63440;5;174.36;((62801, 63655), (63014, 63227, 63440));
5;0.961914062500000;63440;9;175.60;((62801, 63655), (63014, 63227, 63440));
5;0.962402343750000;63440;8;174.93;((62801, 63655), (63014, 63227, 63440));
5;0.962646484375000;63440;8;172.75;((62801, 63655), (63014, 63227, 63440));
5;0.962768554687500;63440;5;172.94;((62801, 63655), (63014, 63227, 63440));
5;0.962707519531250;63440;9;175.13;((62801, 63655), (63014, 63227, 63440));
5;0.962738037109375;63440;7;171.69;((62801, 63655), (63014, 63227, 63440));
5;0.962753295898438;63440;6;174.21;((62801, 63655), (63014, 63227, 63440));
5;0.962760925292969;63440;6;172.09;((62801, 63655), (63014, 63227, 63440));
5;0.962764739990234;63440;7;176.66;((62801, 63655), (63014, 63227, 63440));
5;0.962766647338867;63440;7;172.92;((62801, 63655), (63014, 63227, 63440));
5;0.962767601013184;63440;7;171.91;((62801, 63655), (63014, 63227, 63440));
5;0.500000000000000;63120;11;98.72;((63014, 63440), (63120, 63226, 63332));
5;0.750000000000000;63120;11;143.25;((63014, 63440), (63120, 63226, 63332));
5;0.875000000000000;63120;11;164.08;((63014, 63440), (63120, 63226, 63332));
5;0.937500000000000;63120;11;175.17;((63014, 63440), (63120, 63226, 63332));
5;0.968750000000000;63120;0;82.94;((63014, 63440), (63120, 63226, 63332));
5;0.953125000000000;63120;11;178.34;((63014, 63440), (63120, 63226, 63332));
5;0.960937500000000;63120;11;180.58;((63014, 63440), (63120, 63226, 63332));
5;0.964843750000000;63120;0;103.96;((63014, 63440), (63120, 63226, 63332));
5;0.962890625000000;63120;7;171.87;((63014, 63440), (63120, 63226, 63332));
5;0.963867187500000;63120;2;170.69;((63014, 63440), (63120, 63226, 63332));
5;0.963378906250000;63120;2;170.13;((63014, 63440), (63120, 63226, 63332));
5;0.963134765625000;63120;5;171.15;((63014, 63440), (63120, 63226, 63332));
5;0.963012695312500;63120;7;173.99;((63014, 63440), (63120, 63226, 63332));
5;0.963073730468750;63120;5;173.31;((63014, 63440), (63120, 63226, 63332));
5;0.963043212890625;63120;6;172.46;((63014, 63440), (63120, 63226, 63332));
5;0.963058471679688;63120;5;171.53;((63014, 63440), (63120, 63226, 63332));
5;0.963050842285156;63120;3;172.48;((63014, 63440), (63120, 63226, 63332));
5;0.963047027587891;63120;5;172.07;((63014, 63440), (63120, 63226, 63332));
5;0.963045120239258;63120;2;171.10;((63014, 63440), (63120, 63226, 63332));
5;0.963044166564941;63120;5;171.07;((63014, 63440), (63120, 63226, 63332));
5;0.500000000000000;63226;11;98.48;((63014, 63440), (63120, 63226, 63332));
5;0.750000000000000;63226;11;141.20;((63014, 63440), (63120, 63226, 63332));
5;0.875000000000000;63226;11;165.39;((63014, 63440), (63120, 63226, 63332));
5;0.937500000000000;63226;11;178.26;((63014, 63440), (63120, 63226, 63332));
5;0.968750000000000;63226;5;172.59;((63014, 63440), (63120, 63226, 63332));
5;0.953125000000000;63226;11;178.54;((63014, 63440), (63120, 63226, 63332));
5;0.960937500000000;63226;11;180.75;((63014, 63440), (63120, 63226, 63332));
5;0.964843750000000;63226;11;180.97;((63014, 63440), (63120, 63226, 63332));
5;0.966796875000000;63226;8;174.27;((63014, 63440), (63120, 63226, 63332));
5;0.967773437500000;63226;10;176.65;((63014, 63440), (63120, 63226, 63332));
5;0.968261718750000;63226;6;178.26;((63014, 63440), (63120, 63226, 63332));
5;0.968505859375000;63226;6;175.02;((63014, 63440), (63120, 63226, 63332));
5;0.968627929687500;63226;4;178.92;((63014, 63440), (63120, 63226, 63332));
5;0.968566894531250;63226;4;173.48;((63014, 63440), (63120, 63226, 63332));
5;0.968536376953125;63226;5;174.42;((63014, 63440), (63120, 63226, 63332));
5;0.968521118164062;63226;4;172.45;((63014, 63440), (63120, 63226, 63332));
5;0.968513488769531;63226;3;171.15;((63014, 63440), (63120, 63226, 63332));
5;0.968509674072266;63226;8;177.45;((63014, 63440), (63120, 63226, 63332));
5;0.968511581420898;63226;5;172.60;((63014, 63440), (63120, 63226, 63332));
5;0.968510627746582;63226;3;171.16;((63014, 63440), (63120, 63226, 63332));
5;0.500000000000000;63332;11;100.42;((63014, 63440), (63120, 63226, 63332));
5;0.750000000000000;63332;11;143.07;((63014, 63440), (63120, 63226, 63332));
5;0.875000000000000;63332;11;164.05;((63014, 63440), (63120, 63226, 63332));
5;0.937500000000000;63332;11;175.19;((63014, 63440), (63120, 63226, 63332));
5;0.968750000000000;63332;0;82.61;((63014, 63440), (63120, 63226, 63332));
5;0.953125000000000;63332;11;178.91;((63014, 63440), (63120, 63226, 63332));
5;0.960937500000000;63332;11;179.28;((63014, 63440), (63120, 63226, 63332));
5;0.964843750000000;63332;1;168.29;((63014, 63440), (63120, 63226, 63332));
5;0.962890625000000;63332;8;174.91;((63014, 63440), (63120, 63226, 63332));
5;0.963867187500000;63332;1;169.82;((63014, 63440), (63120, 63226, 63332));
5;0.963378906250000;63332;3;172.05;((63014, 63440), (63120, 63226, 63332));
5;0.963134765625000;63332;5;172.74;((63014, 63440), (63120, 63226, 63332));
5;0.963012695312500;63332;6;172.85;((63014, 63440), (63120, 63226, 63332));
5;0.963073730468750;63332;5;172.98;((63014, 63440), (63120, 63226, 63332));
5;0.963043212890625;63332;4;171.24;((63014, 63440), (63120, 63226, 63332));
5;0.963027954101562;63332;4;172.19;((63014, 63440), (63120, 63226, 63332));
5;0.963020324707031;63332;6;175.77;((63014, 63440), (63120, 63226, 63332));
5;0.963024139404297;63332;5;172.79;((63014, 63440), (63120, 63226, 63332));
5;0.963022232055664;63332;2;169.46;((63014, 63440), (63120, 63226, 63332));
5;0.963021278381348;63332;7;172.19;((63014, 63440), (63120, 63226, 63332));
5;0.500000000000000;63173;11;100.73;((63120, 63332), (63173, 63226, 63279));
5;0.750000000000000;63173;11;143.04;((63120, 63332), (63173, 63226, 63279));
5;0.875000000000000;63173;11;164.25;((63120, 63332), (63173, 63226, 63279));
5;0.937500000000000;63173;11;174.59;((63120, 63332), (63173, 63226, 63279));
5;0.968750000000000;63173;2;173.40;((63120, 63332), (63173, 63226, 63279));
5;0.953125000000000;63173;11;179.60;((63120, 63332), (63173, 63226, 63279));
5;0.960937500000000;63173;11;185.18;((63120, 63332), (63173, 63226, 63279));
5;0.964843750000000;63173;11;180.01;((63120, 63332), (63173, 63226, 63279));
5;0.966796875000000;63173;11;181.94;((63120, 63332), (63173, 63226, 63279));
5;0.967773437500000;63173;6;173.20;((63120, 63332), (63173, 63226, 63279));
5;0.968261718750000;63173;8;173.96;((63120, 63332), (63173, 63226, 63279));
5;0.968505859375000;63173;4;174.38;((63120, 63332), (63173, 63226, 63279));
5;0.968383789062500;63173;7;173.17;((63120, 63332), (63173, 63226, 63279));
5;0.968444824218750;63173;6;174.11;((63120, 63332), (63173, 63226, 63279));
5;0.968475341796875;63173;5;176.33;((63120, 63332), (63173, 63226, 63279));
5;0.968460083007812;63173;4;172.86;((63120, 63332), (63173, 63226, 63279));
5;0.968452453613281;63173;3;172.78;((63120, 63332), (63173, 63226, 63279));
5;0.968448638916016;63173;4;173.54;((63120, 63332), (63173, 63226, 63279));
5;0.968446731567383;63173;4;175.79;((63120, 63332), (63173, 63226, 63279));
5;0.968445777893066;63173;3;170.35;((63120, 63332), (63173, 63226, 63279));
5;0.500000000000000;63279;11;97.32;((63120, 63332), (63173, 63226, 63279));
5;0.750000000000000;63279;11;143.75;((63120, 63332), (63173, 63226, 63279));
5;0.875000000000000;63279;11;164.66;((63120, 63332), (63173, 63226, 63279));
5;0.937500000000000;63279;11;176.94;((63120, 63332), (63173, 63226, 63279));
5;0.968750000000000;63279;2;171.98;((63120, 63332), (63173, 63226, 63279));
5;0.953125000000000;63279;11;179.49;((63120, 63332), (63173, 63226, 63279));
5;0.960937500000000;63279;11;180.88;((63120, 63332), (63173, 63226, 63279));
5;0.964843750000000;63279;11;180.36;((63120, 63332), (63173, 63226, 63279));
5;0.966796875000000;63279;10;178.14;((63120, 63332), (63173, 63226, 63279));
5;0.967773437500000;63279;8;173.15;((63120, 63332), (63173, 63226, 63279));
5;0.968261718750000;63279;4;172.22;((63120, 63332), (63173, 63226, 63279));
5;0.968017578125000;63279;6;173.52;((63120, 63332), (63173, 63226, 63279));
5;0.968139648437500;63279;6;175.35;((63120, 63332), (63173, 63226, 63279));
5;0.968200683593750;63279;6;173.74;((63120, 63332), (63173, 63226, 63279));
5;0.968231201171875;63279;6;175.74;((63120, 63332), (63173, 63226, 63279));
5;0.968246459960938;63279;6;176.64;((63120, 63332), (63173, 63226, 63279));
5;0.968254089355469;63279;6;173.13;((63120, 63332), (63173, 63226, 63279));
5;0.968257904052734;63279;4;171.45;((63120, 63332), (63173, 63226, 63279));
5;0.968255996704102;63279;3;174.38;((63120, 63332), (63173, 63226, 63279));
5;0.968255043029785;63279;4;174.34;((63120, 63332), (63173, 63226, 63279));
5;0.500000000000000;63199;11;100.19;((63173, 63279), (63199, 63225, 63251));
5;0.750000000000000;63199;11;141.55;((63173, 63279), (63199, 63225, 63251));
5;0.875000000000000;63199;11;166.93;((63173, 63279), (63199, 63225, 63251));
5;0.937500000000000;63199;11;175.99;((63173, 63279), (63199, 63225, 63251));
5;0.968750000000000;63199;1;168.95;((63173, 63279), (63199, 63225, 63251));
5;0.953125000000000;63199;11;179.32;((63173, 63279), (63199, 63225, 63251));
5;0.960937500000000;63199;11;181.01;((63173, 63279), (63199, 63225, 63251));
5;0.964843750000000;63199;11;182.39;((63173, 63279), (63199, 63225, 63251));
5;0.966796875000000;63199;10;179.05;((63173, 63279), (63199, 63225, 63251));
5;0.967773437500000;63199;10;178.94;((63173, 63279), (63199, 63225, 63251));
5;0.968261718750000;63199;7;173.56;((63173, 63279), (63199, 63225, 63251));
5;0.968505859375000;63199;5;173.43;((63173, 63279), (63199, 63225, 63251));
5;0.968383789062500;63199;1;168.32;((63173, 63279), (63199, 63225, 63251));
5;0.968322753906250;63199;5;174.60;((63173, 63279), (63199, 63225, 63251));
5;0.968292236328125;63199;7;174.47;((63173, 63279), (63199, 63225, 63251));
5;0.968307495117188;63199;4;171.67;((63173, 63279), (63199, 63225, 63251));
5;0.968299865722656;63199;5;172.89;((63173, 63279), (63199, 63225, 63251));
5;0.968296051025391;63199;8;185.15;((63173, 63279), (63199, 63225, 63251));
5;0.968297958374023;63199;3;174.00;((63173, 63279), (63199, 63225, 63251));
5;0.968297004699707;63199;2;170.81;((63173, 63279), (63199, 63225, 63251));
5;0.500000000000000;63225;11;103.56;((63173, 63279), (63199, 63225, 63251));
5;0.750000000000000;63225;11;143.12;((63173, 63279), (63199, 63225, 63251));
5;0.875000000000000;63225;11;165.13;((63173, 63279), (63199, 63225, 63251));
5;0.937500000000000;63225;11;175.86;((63173, 63279), (63199, 63225, 63251));
5;0.968750000000000;63225;3;172.34;((63173, 63279), (63199, 63225, 63251));
5;0.953125000000000;63225;11;178.78;((63173, 63279), (63199, 63225, 63251));
5;0.960937500000000;63225;11;181.98;((63173, 63279), (63199, 63225, 63251));
5;0.964843750000000;63225;10;181.08;((63173, 63279), (63199, 63225, 63251));
5;0.966796875000000;63225;8;176.25;((63173, 63279), (63199, 63225, 63251));
5;0.967773437500000;63225;8;175.36;((63173, 63279), (63199, 63225, 63251));
5;0.968261718750000;63225;3;170.38;((63173, 63279), (63199, 63225, 63251));
5;0.968017578125000;63225;7;174.25;((63173, 63279), (63199, 63225, 63251));
5;0.968139648437500;63225;5;174.62;((63173, 63279), (63199, 63225, 63251));
5;0.968078613281250;63225;6;175.14;((63173, 63279), (63199, 63225, 63251));
5;0.968109130859375;63225;4;175.08;((63173, 63279), (63199, 63225, 63251));
5;0.968093872070312;63225;10;175.84;((63173, 63279), (63199, 63225, 63251));
5;0.968101501464844;63225;5;175.08;((63173, 63279), (63199, 63225, 63251));
5;0.968097686767578;63225;6;174.57;((63173, 63279), (63199, 63225, 63251));
5;0.968099594116211;63225;4;173.20;((63173, 63279), (63199, 63225, 63251));
5;0.968098640441895;63225;5;172.07;((63173, 63279), (63199, 63225, 63251));
5;0.500000000000000;63251;11;98.76;((63173, 63279), (63199, 63225, 63251));
5;0.750000000000000;63251;11;141.76;((63173, 63279), (63199, 63225, 63251));
5;0.875000000000000;63251;11;165.51;((63173, 63279), (63199, 63225, 63251));
5;0.937500000000000;63251;11;176.61;((63173, 63279), (63199, 63225, 63251));
5;0.968750000000000;63251;3;175.12;((63173, 63279), (63199, 63225, 63251));
5;0.953125000000000;63251;11;181.65;((63173, 63279), (63199, 63225, 63251));
5;0.960937500000000;63251;11;183.54;((63173, 63279), (63199, 63225, 63251));
5;0.964843750000000;63251;11;185.84;((63173, 63279), (63199, 63225, 63251));
5;0.966796875000000;63251;9;177.26;((63173, 63279), (63199, 63225, 63251));
5;0.967773437500000;63251;4;173.48;((63173, 63279), (63199, 63225, 63251));
5;0.967285156250000;63251;8;178.12;((63173, 63279), (63199, 63225, 63251));
5;0.967529296875000;63251;7;175.31;((63173, 63279), (63199, 63225, 63251));
5;0.967651367187500;63251;5;172.20;((63173, 63279), (63199, 63225, 63251));
5;0.967590332031250;63251;8;173.72;((63173, 63279), (63199, 63225, 63251));
5;0.967620849609375;63251;7;175.40;((63173, 63279), (63199, 63225, 63251));
5;0.967636108398438;63251;6;174.48;((63173, 63279), (63199, 63225, 63251));
5;0.967643737792969;63251;8;194.12;((63173, 63279), (63199, 63225, 63251));
5;0.967647552490234;63251;6;172.62;((63173, 63279), (63199, 63225, 63251));
5;0.967649459838867;63251;8;176.31;((63173, 63279), (63199, 63225, 63251));
5;0.967650413513184;63251;9;173.91;((63173, 63279), (63199, 63225, 63251));
5;0.500000000000000;63186;11;99.55;((63173, 63225), (63186, 63199, 63212));
5;0.750000000000000;63186;11;142.46;((63173, 63225), (63186, 63199, 63212));
5;0.875000000000000;63186;11;163.56;((63173, 63225), (63186, 63199, 63212));
5;0.937500000000000;63186;11;174.11;((63173, 63225), (63186, 63199, 63212));
5;0.968750000000000;63186;1;171.56;((63173, 63225), (63186, 63199, 63212));
5;0.953125000000000;63186;11;178.21;((63173, 63225), (63186, 63199, 63212));
5;0.960937500000000;63186;11;179.40;((63173, 63225), (63186, 63199, 63212));
5;0.964843750000000;63186;11;181.38;((63173, 63225), (63186, 63199, 63212));
5;0.966796875000000;63186;9;176.83;((63173, 63225), (63186, 63199, 63212));
5;0.967773437500000;63186;8;174.76;((63173, 63225), (63186, 63199, 63212));
5;0.968261718750000;63186;6;174.18;((63173, 63225), (63186, 63199, 63212));
5;0.968505859375000;63186;5;174.35;((63173, 63225), (63186, 63199, 63212));
5;0.968383789062500;63186;5;175.44;((63173, 63225), (63186, 63199, 63212));
5;0.968322753906250;63186;4;173.22;((63173, 63225), (63186, 63199, 63212));
5;0.968292236328125;63186;7;174.22;((63173, 63225), (63186, 63199, 63212));
5;0.968307495117188;63186;2;172.31;((63173, 63225), (63186, 63199, 63212));
5;0.968299865722656;63186;5;173.68;((63173, 63225), (63186, 63199, 63212));
5;0.968296051025391;63186;5;174.08;((63173, 63225), (63186, 63199, 63212));
5;0.968294143676758;63186;4;173.09;((63173, 63225), (63186, 63199, 63212));
5;0.968293190002441;63186;2;169.32;((63173, 63225), (63186, 63199, 63212));
5;0.500000000000000;63212;11;99.78;((63173, 63225), (63186, 63199, 63212));
5;0.750000000000000;63212;11;166.94;((63173, 63225), (63186, 63199, 63212));
5;0.875000000000000;63212;11;166.14;((63173, 63225), (63186, 63199, 63212));
5;0.937500000000000;63212;11;177.85;((63173, 63225), (63186, 63199, 63212));
5;0.968750000000000;63212;0;80.96;((63173, 63225), (63186, 63199, 63212));
5;0.953125000000000;63212;11;179.41;((63173, 63225), (63186, 63199, 63212));
5;0.960937500000000;63212;10;177.99;((63173, 63225), (63186, 63199, 63212));
5;0.964843750000000;63212;0;106.46;((63173, 63225), (63186, 63199, 63212));
5;0.962890625000000;63212;7;174.84;((63173, 63225), (63186, 63199, 63212));
5;0.963867187500000;63212;3;170.02;((63173, 63225), (63186, 63199, 63212));
5;0.963378906250000;63212;2;171.00;((63173, 63225), (63186, 63199, 63212));
5;0.963134765625000;63212;6;173.44;((63173, 63225), (63186, 63199, 63212));
5;0.963256835937500;63212;5;173.84;((63173, 63225), (63186, 63199, 63212));
5;0.963195800781250;63212;3;171.41;((63173, 63225), (63186, 63199, 63212));
5;0.963165283203125;63212;3;172.37;((63173, 63225), (63186, 63199, 63212));
5;0.963150024414062;63212;5;174.22;((63173, 63225), (63186, 63199, 63212));
5;0.963142395019531;63212;2;205.05;((63173, 63225), (63186, 63199, 63212));
5;0.963138580322266;63212;4;171.20;((63173, 63225), (63186, 63199, 63212));
5;0.963136672973633;63212;2;168.50;((63173, 63225), (63186, 63199, 63212));
5;0.963135719299316;63212;5;173.87;((63173, 63225), (63186, 63199, 63212));
