5;0.500000000000000;625000;11;35.41;((0, 2500000), (625000, 1250000, 1875000));
5;0.750000000000000;625000;0;26.01;((0, 2500000), (625000, 1250000, 1875000));
5;0.625000000000000;625000;11;42.64;((0, 2500000), (625000, 1250000, 1875000));
5;0.687500000000000;625000;11;47.29;((0, 2500000), (625000, 1250000, 1875000));
5;0.718750000000000;625000;11;50.09;((0, 2500000), (625000, 1250000, 1875000));
5;0.734375000000000;625000;11;50.34;((0, 2500000), (625000, 1250000, 1875000));
5;0.742187500000000;625000;1;47.29;((0, 2500000), (625000, 1250000, 1875000));
5;0.738281250000000;625000;11;50.96;((0, 2500000), (625000, 1250000, 1875000));
5;0.740234375000000;625000;10;49.29;((0, 2500000), (625000, 1250000, 1875000));
5;0.741210937500000;625000;3;47.39;((0, 2500000), (625000, 1250000, 1875000));
5;0.740722656250000;625000;10;49.95;((0, 2500000), (625000, 1250000, 1875000));
5;0.740966796875000;625000;5;47.84;((0, 2500000), (625000, 1250000, 1875000));
5;0.740844726562500;625000;8;48.60;((0, 2500000), (625000, 1250000, 1875000));
5;0.740905761718750;625000;11;50.54;((0, 2500000), (625000, 1250000, 1875000));
5;0.740936279296875;625000;7;48.19;((0, 2500000), (625000, 1250000, 1875000));
5;0.740951538085938;625000;9;49.20;((0, 2500000), (625000, 1250000, 1875000));
5;0.740959167480469;625000;8;48.34;((0, 2500000), (625000, 1250000, 1875000));
5;0.740962982177734;625000;7;49.28;((0, 2500000), (625000, 1250000, 1875000));
5;0.740964889526367;625000;7;48.44;((0, 2500000), (625000, 1250000, 1875000));
5;0.740965843200684;625000;8;47.99;((0, 2500000), (625000, 1250000, 1875000));
5;0.500000000000000;1250000;11;34.92;((0, 2500000), (625000, 1250000, 1875000));
5;0.750000000000000;1250000;0;23.79;((0, 2500000), (625000, 1250000, 1875000));
5;0.625000000000000;1250000;0;23.66;((0, 2500000), (625000, 1250000, 1875000));
5;0.562500000000000;1250000;11;39.44;((0, 2500000), (625000, 1250000, 1875000));
5;0.593750000000000;1250000;11;41.59;((0, 2500000), (625000, 1250000, 1875000));
5;0.609375000000000;1250000;11;41.99;((0, 2500000), (625000, 1250000, 1875000));
5;0.617187500000000;1250000;0;24.53;((0, 2500000), (625000, 1250000, 1875000));
5;0.613281250000000;1250000;11;42.89;((0, 2500000), (625000, 1250000, 1875000));
5;0.615234375000000;1250000;11;43.33;((0, 2500000), (625000, 1250000, 1875000));
5;0.616210937500000;1250000;6;40.46;((0, 2500000), (625000, 1250000, 1875000));
5;0.616699218750000;1250000;0;24.04;((0, 2500000), (625000, 1250000, 1875000));
5;0.616455078125000;1250000;0;24.03;((0, 2500000), (625000, 1250000, 1875000));
5;0.616333007812500;1250000;0;23.97;((0, 2500000), (625000, 1250000, 1875000));
5;0.616271972656250;1250000;2;40.62;((0, 2500000), (625000, 1250000, 1875000));
5;0.616241455078125;1250000;4;40.68;((0, 2500000), (625000, 1250000, 1875000));
5;0.616226196289062;1250000;1;39.64;((0, 2500000), (625000, 1250000, 1875000));
5;0.616218566894531;1250000;1;39.70;((0, 2500000), (625000, 1250000, 1875000));
5;0.616214752197266;1250000;1;39.69;((0, 2500000), (625000, 1250000, 1875000));
5;0.616212844848633;1250000;3;40.45;((0, 2500000), (625000, 1250000, 1875000));
5;0.616211891174316;1250000;2;40.10;((0, 2500000), (625000, 1250000, 1875000));
5;0.500000000000000;1875000;11;34.83;((0, 2500000), (625000, 1250000, 1875000));
5;0.750000000000000;1875000;0;22.62;((0, 2500000), (625000, 1250000, 1875000));
5;0.625000000000000;1875000;0;22.32;((0, 2500000), (625000, 1250000, 1875000));
5;0.562500000000000;1875000;11;42.98;((0, 2500000), (625000, 1250000, 1875000));
5;0.593750000000000;1875000;11;42.11;((0, 2500000), (625000, 1250000, 1875000));
5;0.609375000000000;1875000;0;23.35;((0, 2500000), (625000, 1250000, 1875000));
5;0.601562500000000;1875000;11;43.24;((0, 2500000), (625000, 1250000, 1875000));
5;0.605468750000000;1875000;11;42.66;((0, 2500000), (625000, 1250000, 1875000));
5;0.607421875000000;1875000;2;41.34;((0, 2500000), (625000, 1250000, 1875000));
5;0.606445312500000;1875000;11;42.80;((0, 2500000), (625000, 1250000, 1875000));
5;0.606933593750000;1875000;11;42.93;((0, 2500000), (625000, 1250000, 1875000));
5;0.607177734375000;1875000;8;41.86;((0, 2500000), (625000, 1250000, 1875000));
5;0.607299804687500;1875000;7;40.87;((0, 2500000), (625000, 1250000, 1875000));
5;0.607360839843750;1875000;4;41.19;((0, 2500000), (625000, 1250000, 1875000));
5;0.607330322265625;1875000;6;40.76;((0, 2500000), (625000, 1250000, 1875000));
5;0.607345581054688;1875000;6;43.04;((0, 2500000), (625000, 1250000, 1875000));
5;0.607353210449219;1875000;4;41.13;((0, 2500000), (625000, 1250000, 1875000));
5;0.607349395751953;1875000;6;43.24;((0, 2500000), (625000, 1250000, 1875000));
5;0.607351303100586;1875000;8;42.33;((0, 2500000), (625000, 1250000, 1875000));
5;0.607352256774902;1875000;4;42.35;((0, 2500000), (625000, 1250000, 1875000));
5;0.500000000000000;312500;11;35.48;((0, 1250000), (312500, 625000, 937500));
5;0.750000000000000;312500;11;52.97;((0, 1250000), (312500, 625000, 937500));
5;0.875000000000000;312500;0;27.75;((0, 1250000), (312500, 625000, 937500));
5;0.812500000000000;312500;11;57.40;((0, 1250000), (312500, 625000, 937500));
5;0.843750000000000;312500;11;59.60;((0, 1250000), (312500, 625000, 937500));
5;0.859375000000000;312500;11;60.33;((0, 1250000), (312500, 625000, 937500));
5;0.867187500000000;312500;0;27.94;((0, 1250000), (312500, 625000, 937500));
5;0.863281250000000;312500;0;35.32;((0, 1250000), (312500, 625000, 937500));
5;0.861328125000000;312500;3;58.96;((0, 1250000), (312500, 625000, 937500));
5;0.860351562500000;312500;8;62.20;((0, 1250000), (312500, 625000, 937500));
5;0.860839843750000;312500;8;56.72;((0, 1250000), (312500, 625000, 937500));
5;0.861083984375000;312500;4;54.97;((0, 1250000), (312500, 625000, 937500));
5;0.860961914062500;312500;5;56.53;((0, 1250000), (312500, 625000, 937500));
5;0.860900878906250;312500;10;58.92;((0, 1250000), (312500, 625000, 937500));
5;0.860931396484375;312500;6;56.28;((0, 1250000), (312500, 625000, 937500));
5;0.860946655273438;312500;7;56.37;((0, 1250000), (312500, 625000, 937500));
5;0.860954284667969;312500;6;56.00;((0, 1250000), (312500, 625000, 937500));
5;0.860958099365234;312500;5;55.37;((0, 1250000), (312500, 625000, 937500));
5;0.860956192016602;312500;6;54.93;((0, 1250000), (312500, 625000, 937500));
5;0.860957145690918;312500;8;56.25;((0, 1250000), (312500, 625000, 937500));
5;0.500000000000000;937500;11;34.78;((0, 1250000), (312500, 625000, 937500));
5;0.750000000000000;937500;0;24.24;((0, 1250000), (312500, 625000, 937500));
5;0.625000000000000;937500;11;42.80;((0, 1250000), (312500, 625000, 937500));
5;0.687500000000000;937500;0;23.61;((0, 1250000), (312500, 625000, 937500));
5;0.656250000000000;937500;0;24.34;((0, 1250000), (312500, 625000, 937500));
5;0.640625000000000;937500;11;42.59;((0, 1250000), (312500, 625000, 937500));
5;0.648437500000000;937500;8;42.44;((0, 1250000), (312500, 625000, 937500));
5;0.652343750000000;937500;0;24.41;((0, 1250000), (312500, 625000, 937500));
5;0.650390625000000;937500;0;24.84;((0, 1250000), (312500, 625000, 937500));
5;0.649414062500000;937500;1;40.68;((0, 1250000), (312500, 625000, 937500));
5;0.648925781250000;937500;4;41.90;((0, 1250000), (312500, 625000, 937500));
5;0.648681640625000;937500;6;42.17;((0, 1250000), (312500, 625000, 937500));
5;0.648803710937500;937500;7;42.29;((0, 1250000), (312500, 625000, 937500));
5;0.648864746093750;937500;5;41.94;((0, 1250000), (312500, 625000, 937500));
5;0.648834228515625;937500;7;42.54;((0, 1250000), (312500, 625000, 937500));
5;0.648849487304688;937500;6;42.81;((0, 1250000), (312500, 625000, 937500));
5;0.648857116699219;937500;5;41.95;((0, 1250000), (312500, 625000, 937500));
5;0.648853302001953;937500;4;41.65;((0, 1250000), (312500, 625000, 937500));
5;0.648851394653320;937500;3;41.65;((0, 1250000), (312500, 625000, 937500));
5;0.648850440979004;937500;5;41.90;((0, 1250000), (312500, 625000, 937500));
5;0.500000000000000;156250;11;33.33;((0, 625000), (156250, 312500, 468750));
5;0.750000000000000;156250;11;53.70;((0, 625000), (156250, 312500, 468750));
5;0.875000000000000;156250;11;56.04;((0, 625000), (156250, 312500, 468750));
5;0.937500000000000;156250;0;25.61;((0, 625000), (156250, 312500, 468750));
5;0.906250000000000;156250;11;61.32;((0, 625000), (156250, 312500, 468750));
5;0.921875000000000;156250;0;34.55;((0, 625000), (156250, 312500, 468750));
5;0.914062500000000;156250;11;63.97;((0, 625000), (156250, 312500, 468750));
5;0.917968750000000;156250;11;67.00;((0, 625000), (156250, 312500, 468750));
5;0.919921875000000;156250;3;57.69;((0, 625000), (156250, 312500, 468750));
5;0.918945312500000;156250;9;60.90;((0, 625000), (156250, 312500, 468750));
5;0.919433593750000;156250;5;57.20;((0, 625000), (156250, 312500, 468750));
5;0.919189453125000;156250;5;56.80;((0, 625000), (156250, 312500, 468750));
5;0.919067382812500;156250;4;57.27;((0, 625000), (156250, 312500, 468750));
5;0.919006347656250;156250;9;57.78;((0, 625000), (156250, 312500, 468750));
5;0.919036865234375;156250;7;57.45;((0, 625000), (156250, 312500, 468750));
5;0.919052124023438;156250;8;57.82;((0, 625000), (156250, 312500, 468750));
5;0.919059753417969;156250;6;57.70;((0, 625000), (156250, 312500, 468750));
5;0.919063568115234;156250;5;57.02;((0, 625000), (156250, 312500, 468750));
5;0.919061660766602;156250;6;62.54;((0, 625000), (156250, 312500, 468750));
5;0.919062614440918;156250;6;57.28;((0, 625000), (156250, 312500, 468750));
5;0.500000000000000;468750;11;33.91;((0, 625000), (156250, 312500, 468750));
5;0.750000000000000;468750;11;49.77;((0, 625000), (156250, 312500, 468750));
5;0.875000000000000;468750;0;25.34;((0, 625000), (156250, 312500, 468750));
5;0.812500000000000;468750;0;25.58;((0, 625000), (156250, 312500, 468750));
5;0.781250000000000;468750;11;50.94;((0, 625000), (156250, 312500, 468750));
5;0.796875000000000;468750;11;52.05;((0, 625000), (156250, 312500, 468750));
5;0.804687500000000;468750;0;26.95;((0, 625000), (156250, 312500, 468750));
5;0.800781250000000;468750;7;51.35;((0, 625000), (156250, 312500, 468750));
5;0.802734375000000;468750;0;28.13;((0, 625000), (156250, 312500, 468750));
5;0.801757812500000;468750;2;49.66;((0, 625000), (156250, 312500, 468750));
5;0.801269531250000;468750;5;50.78;((0, 625000), (156250, 312500, 468750));
5;0.801025390625000;468750;8;51.46;((0, 625000), (156250, 312500, 468750));
5;0.801147460937500;468750;4;50.61;((0, 625000), (156250, 312500, 468750));
5;0.801086425781250;468750;7;50.82;((0, 625000), (156250, 312500, 468750));
5;0.801116943359375;468750;4;50.50;((0, 625000), (156250, 312500, 468750));
5;0.801101684570312;468750;6;50.85;((0, 625000), (156250, 312500, 468750));
5;0.801109313964844;468750;9;51.50;((0, 625000), (156250, 312500, 468750));
5;0.801113128662109;468750;9;51.52;((0, 625000), (156250, 312500, 468750));
5;0.801115036010742;468750;3;49.80;((0, 625000), (156250, 312500, 468750));
5;0.801114082336426;468750;5;50.53;((0, 625000), (156250, 312500, 468750));
5;0.500000000000000;78125;11;34.56;((0, 312500), (78125, 156250, 234375));
5;0.750000000000000;78125;11;48.35;((0, 312500), (78125, 156250, 234375));
5;0.875000000000000;78125;11;55.41;((0, 312500), (78125, 156250, 234375));
5;0.937500000000000;78125;11;60.34;((0, 312500), (78125, 156250, 234375));
5;0.968750000000000;78125;0;25.37;((0, 312500), (78125, 156250, 234375));
5;0.953125000000000;78125;0;37.08;((0, 312500), (78125, 156250, 234375));
5;0.945312500000000;78125;11;60.12;((0, 312500), (78125, 156250, 234375));
5;0.949218750000000;78125;8;59.13;((0, 312500), (78125, 156250, 234375));
5;0.951171875000000;78125;4;58.15;((0, 312500), (78125, 156250, 234375));
5;0.950195312500000;78125;6;58.64;((0, 312500), (78125, 156250, 234375));
5;0.950683593750000;78125;2;59.67;((0, 312500), (78125, 156250, 234375));
5;0.950439453125000;78125;6;62.01;((0, 312500), (78125, 156250, 234375));
5;0.950561523437500;78125;4;58.72;((0, 312500), (78125, 156250, 234375));
5;0.950500488281250;78125;3;57.54;((0, 312500), (78125, 156250, 234375));
5;0.950469970703125;78125;5;59.68;((0, 312500), (78125, 156250, 234375));
5;0.950454711914062;78125;4;57.93;((0, 312500), (78125, 156250, 234375));
5;0.950447082519531;78125;5;58.70;((0, 312500), (78125, 156250, 234375));
5;0.950443267822266;78125;3;58.09;((0, 312500), (78125, 156250, 234375));
5;0.950441360473633;78125;4;58.49;((0, 312500), (78125, 156250, 234375));
5;0.950440406799316;78125;4;57.88;((0, 312500), (78125, 156250, 234375));
5;0.500000000000000;234375;11;33.46;((0, 312500), (78125, 156250, 234375));
5;0.750000000000000;234375;11;49.93;((0, 312500), (78125, 156250, 234375));
5;0.875000000000000;234375;11;56.48;((0, 312500), (78125, 156250, 234375));
5;0.937500000000000;234375;0;25.77;((0, 312500), (78125, 156250, 234375));
5;0.906250000000000;234375;0;25.84;((0, 312500), (78125, 156250, 234375));
5;0.890625000000000;234375;11;57.55;((0, 312500), (78125, 156250, 234375));
5;0.898437500000000;234375;0;27.96;((0, 312500), (78125, 156250, 234375));
5;0.894531250000000;234375;8;56.56;((0, 312500), (78125, 156250, 234375));
5;0.896484375000000;234375;1;53.71;((0, 312500), (78125, 156250, 234375));
5;0.895507812500000;234375;2;54.55;((0, 312500), (78125, 156250, 234375));
5;0.895019531250000;234375;1;54.41;((0, 312500), (78125, 156250, 234375));
5;0.894775390625000;234375;4;55.90;((0, 312500), (78125, 156250, 234375));
5;0.894653320312500;234375;7;56.40;((0, 312500), (78125, 156250, 234375));
5;0.894714355468750;234375;7;55.89;((0, 312500), (78125, 156250, 234375));
5;0.894744873046875;234375;8;67.72;((0, 312500), (78125, 156250, 234375));
5;0.894760131835938;234375;4;55.29;((0, 312500), (78125, 156250, 234375));
5;0.894752502441406;234375;10;57.04;((0, 312500), (78125, 156250, 234375));
5;0.894756317138672;234375;8;56.05;((0, 312500), (78125, 156250, 234375));
5;0.894758224487305;234375;9;56.88;((0, 312500), (78125, 156250, 234375));
5;0.894759178161621;234375;5;55.91;((0, 312500), (78125, 156250, 234375));
5;0.500000000000000;39062;11;33.08;((0, 156250), (39062, 78124, 117186));
5;0.750000000000000;39062;11;47.56;((0, 156250), (39062, 78124, 117186));
5;0.875000000000000;39062;11;55.45;((0, 156250), (39062, 78124, 117186));
5;0.937500000000000;39062;11;58.99;((0, 156250), (39062, 78124, 117186));
5;0.968750000000000;39062;0;25.44;((0, 156250), (39062, 78124, 117186));
5;0.953125000000000;39062;6;58.44;((0, 156250), (39062, 78124, 117186));
5;0.960937500000000;39062;0;28.39;((0, 156250), (39062, 78124, 117186));
5;0.957031250000000;39062;0;37.29;((0, 156250), (39062, 78124, 117186));
5;0.955078125000000;39062;2;56.88;((0, 156250), (39062, 78124, 117186));
5;0.954101562500000;39062;4;58.08;((0, 156250), (39062, 78124, 117186));
5;0.953613281250000;39062;5;57.38;((0, 156250), (39062, 78124, 117186));
5;0.953369140625000;39062;6;58.36;((0, 156250), (39062, 78124, 117186));
5;0.953491210937500;39062;6;58.30;((0, 156250), (39062, 78124, 117186));
5;0.953552246093750;39062;5;57.99;((0, 156250), (39062, 78124, 117186));
5;0.953521728515625;39062;6;58.30;((0, 156250), (39062, 78124, 117186));
5;0.953536987304688;39062;5;57.87;((0, 156250), (39062, 78124, 117186));
5;0.953529357910156;39062;5;57.63;((0, 156250), (39062, 78124, 117186));
5;0.953525543212891;39062;6;58.39;((0, 156250), (39062, 78124, 117186));
5;0.953527450561523;39062;8;58.63;((0, 156250), (39062, 78124, 117186));
5;0.953528404235840;39062;4;57.58;((0, 156250), (39062, 78124, 117186));
5;0.500000000000000;78124;11;33.28;((0, 156250), (39062, 78124, 117186));
5;0.750000000000000;78124;11;48.13;((0, 156250), (39062, 78124, 117186));
5;0.875000000000000;78124;11;56.37;((0, 156250), (39062, 78124, 117186));
5;0.937500000000000;78124;11;59.37;((0, 156250), (39062, 78124, 117186));
5;0.968750000000000;78124;0;25.60;((0, 156250), (39062, 78124, 117186));
5;0.953125000000000;78124;0;28.35;((0, 156250), (39062, 78124, 117186));
5;0.945312500000000;78124;5;58.01;((0, 156250), (39062, 78124, 117186));
5;0.941406250000000;78124;11;59.86;((0, 156250), (39062, 78124, 117186));
5;0.943359375000000;78124;11;59.92;((0, 156250), (39062, 78124, 117186));
5;0.944335937500000;78124;9;59.01;((0, 156250), (39062, 78124, 117186));
5;0.944824218750000;78124;8;59.03;((0, 156250), (39062, 78124, 117186));
5;0.945068359375000;78124;5;58.10;((0, 156250), (39062, 78124, 117186));
5;0.944946289062500;78124;4;57.44;((0, 156250), (39062, 78124, 117186));
5;0.944885253906250;78124;5;58.34;((0, 156250), (39062, 78124, 117186));
5;0.944854736328125;78124;5;58.30;((0, 156250), (39062, 78124, 117186));
5;0.944839477539062;78124;10;59.40;((0, 156250), (39062, 78124, 117186));
5;0.944847106933594;78124;6;58.35;((0, 156250), (39062, 78124, 117186));
5;0.944850921630859;78124;9;59.02;((0, 156250), (39062, 78124, 117186));
5;0.944852828979492;78124;6;58.29;((0, 156250), (39062, 78124, 117186));
5;0.944853782653809;78124;5;58.10;((0, 156250), (39062, 78124, 117186));
5;0.500000000000000;117186;11;33.38;((0, 156250), (39062, 78124, 117186));
5;0.750000000000000;117186;11;48.53;((0, 156250), (39062, 78124, 117186));
5;0.875000000000000;117186;11;55.82;((0, 156250), (39062, 78124, 117186));
5;0.937500000000000;117186;6;58.24;((0, 156250), (39062, 78124, 117186));
5;0.968750000000000;117186;0;25.65;((0, 156250), (39062, 78124, 117186));
5;0.953125000000000;117186;0;25.55;((0, 156250), (39062, 78124, 117186));
5;0.945312500000000;117186;0;31.03;((0, 156250), (39062, 78124, 117186));
5;0.941406250000000;117186;0;29.05;((0, 156250), (39062, 78124, 117186));
5;0.939453125000000;117186;1;55.97;((0, 156250), (39062, 78124, 117186));
5;0.938476562500000;117186;3;57.32;((0, 156250), (39062, 78124, 117186));
5;0.937988281250000;117186;3;57.04;((0, 156250), (39062, 78124, 117186));
5;0.937744140625000;117186;6;58.05;((0, 156250), (39062, 78124, 117186));
5;0.937866210937500;117186;5;59.63;((0, 156250), (39062, 78124, 117186));
5;0.937805175781250;117186;6;57.97;((0, 156250), (39062, 78124, 117186));
5;0.937835693359375;117186;3;56.92;((0, 156250), (39062, 78124, 117186));
5;0.937820434570312;117186;7;58.31;((0, 156250), (39062, 78124, 117186));
5;0.937828063964844;117186;6;58.44;((0, 156250), (39062, 78124, 117186));
5;0.937831878662109;117186;3;57.03;((0, 156250), (39062, 78124, 117186));
5;0.937829971313477;117186;3;57.17;((0, 156250), (39062, 78124, 117186));
5;0.937829017639160;117186;5;57.61;((0, 156250), (39062, 78124, 117186));
5;0.500000000000000;19531;11;33.49;((0, 78124), (19531, 39062, 58593));
5;0.750000000000000;19531;11;47.32;((0, 78124), (19531, 39062, 58593));
5;0.875000000000000;19531;11;55.09;((0, 78124), (19531, 39062, 58593));
5;0.937500000000000;19531;11;58.12;((0, 78124), (19531, 39062, 58593));
5;0.968750000000000;19531;0;26.24;((0, 78124), (19531, 39062, 58593));
5;0.953125000000000;19531;11;59.25;((0, 78124), (19531, 39062, 58593));
5;0.960937500000000;19531;0;39.72;((0, 78124), (19531, 39062, 58593));
5;0.957031250000000;19531;4;57.48;((0, 78124), (19531, 39062, 58593));
5;0.955078125000000;19531;11;59.29;((0, 78124), (19531, 39062, 58593));
5;0.956054687500000;19531;10;58.60;((0, 78124), (19531, 39062, 58593));
5;0.956542968750000;19531;4;57.26;((0, 78124), (19531, 39062, 58593));
5;0.956298828125000;19531;6;58.28;((0, 78124), (19531, 39062, 58593));
5;0.956420898437500;19531;7;58.21;((0, 78124), (19531, 39062, 58593));
5;0.956481933593750;19531;4;57.93;((0, 78124), (19531, 39062, 58593));
5;0.956451416015625;19531;4;57.03;((0, 78124), (19531, 39062, 58593));
5;0.956436157226562;19531;4;58.88;((0, 78124), (19531, 39062, 58593));
5;0.956428527832031;19531;7;57.89;((0, 78124), (19531, 39062, 58593));
5;0.956432342529297;19531;6;58.53;((0, 78124), (19531, 39062, 58593));
5;0.956434249877930;19531;6;57.60;((0, 78124), (19531, 39062, 58593));
5;0.956435203552246;19531;4;57.49;((0, 78124), (19531, 39062, 58593));
5;0.500000000000000;58593;11;33.14;((0, 78124), (19531, 39062, 58593));
5;0.750000000000000;58593;11;48.01;((0, 78124), (19531, 39062, 58593));
5;0.875000000000000;58593;11;55.64;((0, 78124), (19531, 39062, 58593));
5;0.937500000000000;58593;11;59.88;((0, 78124), (19531, 39062, 58593));
5;0.968750000000000;58593;0;26.17;((0, 78124), (19531, 39062, 58593));
5;0.953125000000000;58593;11;61.74;((0, 78124), (19531, 39062, 58593));
5;0.960937500000000;58593;0;28.75;((0, 78124), (19531, 39062, 58593));
5;0.957031250000000;58593;3;57.96;((0, 78124), (19531, 39062, 58593));
5;0.955078125000000;58593;5;58.22;((0, 78124), (19531, 39062, 58593));
5;0.954101562500000;58593;11;60.71;((0, 78124), (19531, 39062, 58593));
5;0.954589843750000;58593;8;59.70;((0, 78124), (19531, 39062, 58593));
5;0.954833984375000;58593;8;59.07;((0, 78124), (19531, 39062, 58593));
5;0.954956054687500;58593;9;59.70;((0, 78124), (19531, 39062, 58593));
5;0.955017089843750;58593;6;59.16;((0, 78124), (19531, 39062, 58593));
5;0.955047607421875;58593;8;60.91;((0, 78124), (19531, 39062, 58593));
5;0.955062866210938;58593;6;58.81;((0, 78124), (19531, 39062, 58593));
5;0.955070495605469;58593;10;59.40;((0, 78124), (19531, 39062, 58593));
5;0.955074310302734;58593;8;59.05;((0, 78124), (19531, 39062, 58593));
5;0.955076217651367;58593;10;59.92;((0, 78124), (19531, 39062, 58593));
5;0.955077171325684;58593;7;60.01;((0, 78124), (19531, 39062, 58593));
5;0.500000000000000;9765;11;32.59;((0, 39062), (9765, 19530, 29295));
5;0.750000000000000;9765;11;47.03;((0, 39062), (9765, 19530, 29295));
5;0.875000000000000;9765;11;54.23;((0, 39062), (9765, 19530, 29295));
5;0.937500000000000;9765;11;58.38;((0, 39062), (9765, 19530, 29295));
5;0.968750000000000;9765;0;24.88;((0, 39062), (9765, 19530, 29295));
5;0.953125000000000;9765;0;35.46;((0, 39062), (9765, 19530, 29295));
5;0.945312500000000;9765;9;57.43;((0, 39062), (9765, 19530, 29295));
5;0.949218750000000;9765;3;56.02;((0, 39062), (9765, 19530, 29295));
5;0.947265625000000;9765;7;57.47;((0, 39062), (9765, 19530, 29295));
5;0.948242187500000;9765;3;55.79;((0, 39062), (9765, 19530, 29295));
5;0.947753906250000;9765;3;55.82;((0, 39062), (9765, 19530, 29295));
5;0.947509765625000;9765;4;56.41;((0, 39062), (9765, 19530, 29295));
5;0.947387695312500;9765;3;55.85;((0, 39062), (9765, 19530, 29295));
5;0.947326660156250;9765;4;55.97;((0, 39062), (9765, 19530, 29295));
5;0.947296142578125;9765;6;56.69;((0, 39062), (9765, 19530, 29295));
5;0.947311401367188;9765;6;57.06;((0, 39062), (9765, 19530, 29295));
5;0.947319030761719;9765;6;56.95;((0, 39062), (9765, 19530, 29295));
5;0.947322845458984;9765;6;57.51;((0, 39062), (9765, 19530, 29295));
5;0.947324752807617;9765;4;56.05;((0, 39062), (9765, 19530, 29295));
5;0.947323799133301;9765;5;56.62;((0, 39062), (9765, 19530, 29295));
5;0.500000000000000;19530;11;33.11;((0, 39062), (9765, 19530, 29295));
5;0.750000000000000;19530;11;49.63;((0, 39062), (9765, 19530, 29295));
5;0.875000000000000;19530;11;54.37;((0, 39062), (9765, 19530, 29295));
5;0.937500000000000;19530;11;58.46;((0, 39062), (9765, 19530, 29295));
5;0.968750000000000;19530;0;25.58;((0, 39062), (9765, 19530, 29295));
5;0.953125000000000;19530;0;39.59;((0, 39062), (9765, 19530, 29295));
5;0.945312500000000;19530;10;58.52;((0, 39062), (9765, 19530, 29295));
5;0.949218750000000;19530;9;58.40;((0, 39062), (9765, 19530, 29295));
5;0.951171875000000;19530;7;58.45;((0, 39062), (9765, 19530, 29295));
5;0.952148437500000;19530;4;57.32;((0, 39062), (9765, 19530, 29295));
5;0.951660156250000;19530;4;56.92;((0, 39062), (9765, 19530, 29295));
5;0.951416015625000;19530;6;57.72;((0, 39062), (9765, 19530, 29295));
5;0.951538085937500;19530;6;57.71;((0, 39062), (9765, 19530, 29295));
5;0.951599121093750;19530;6;57.36;((0, 39062), (9765, 19530, 29295));
5;0.951629638671875;19530;4;56.62;((0, 39062), (9765, 19530, 29295));
5;0.951614379882812;19530;7;57.35;((0, 39062), (9765, 19530, 29295));
5;0.951622009277344;19530;5;57.60;((0, 39062), (9765, 19530, 29295));
5;0.951618194580078;19530;5;56.92;((0, 39062), (9765, 19530, 29295));
5;0.951616287231445;19530;5;57.09;((0, 39062), (9765, 19530, 29295));
5;0.951615333557129;19530;5;57.33;((0, 39062), (9765, 19530, 29295));
5;0.500000000000000;29295;11;33.03;((0, 39062), (9765, 19530, 29295));
5;0.750000000000000;29295;11;48.61;((0, 39062), (9765, 19530, 29295));
5;0.875000000000000;29295;11;55.01;((0, 39062), (9765, 19530, 29295));
5;0.937500000000000;29295;11;58.97;((0, 39062), (9765, 19530, 29295));
5;0.968750000000000;29295;0;26.59;((0, 39062), (9765, 19530, 29295));
5;0.953125000000000;29295;11;60.57;((0, 39062), (9765, 19530, 29295));
5;0.960937500000000;29295;3;57.93;((0, 39062), (9765, 19530, 29295));
5;0.957031250000000;29295;10;59.39;((0, 39062), (9765, 19530, 29295));
5;0.958984375000000;29295;6;58.50;((0, 39062), (9765, 19530, 29295));
5;0.959960937500000;29295;3;57.73;((0, 39062), (9765, 19530, 29295));
5;0.959472656250000;29295;2;57.47;((0, 39062), (9765, 19530, 29295));
5;0.959228515625000;29295;8;58.86;((0, 39062), (9765, 19530, 29295));
5;0.959350585937500;29295;2;57.03;((0, 39062), (9765, 19530, 29295));
5;0.959289550781250;29295;6;58.27;((0, 39062), (9765, 19530, 29295));
5;0.959320068359375;29295;5;58.39;((0, 39062), (9765, 19530, 29295));
5;0.959304809570312;29295;4;58.08;((0, 39062), (9765, 19530, 29295));
5;0.959297180175781;29295;6;58.44;((0, 39062), (9765, 19530, 29295));
5;0.959300994873047;29295;6;58.55;((0, 39062), (9765, 19530, 29295));
5;0.959302902221680;29295;5;60.57;((0, 39062), (9765, 19530, 29295));
5;0.959301948547363;29295;5;59.04;((0, 39062), (9765, 19530, 29295));
5;0.500000000000000;24413;11;32.82;((19530, 39062), (24413, 29296, 34179));
5;0.750000000000000;24413;11;47.71;((19530, 39062), (24413, 29296, 34179));
5;0.875000000000000;24413;11;55.00;((19530, 39062), (24413, 29296, 34179));
5;0.937500000000000;24413;11;58.18;((19530, 39062), (24413, 29296, 34179));
5;0.968750000000000;24413;0;26.53;((19530, 39062), (24413, 29296, 34179));
5;0.953125000000000;24413;11;59.25;((19530, 39062), (24413, 29296, 34179));
5;0.960937500000000;24413;1;56.07;((19530, 39062), (24413, 29296, 34179));
5;0.957031250000000;24413;9;59.10;((19530, 39062), (24413, 29296, 34179));
5;0.958984375000000;24413;6;58.35;((19530, 39062), (24413, 29296, 34179));
5;0.959960937500000;24413;5;57.85;((19530, 39062), (24413, 29296, 34179));
5;0.959472656250000;24413;5;57.93;((19530, 39062), (24413, 29296, 34179));
5;0.959228515625000;24413;2;56.81;((19530, 39062), (24413, 29296, 34179));
5;0.959106445312500;24413;4;57.84;((19530, 39062), (24413, 29296, 34179));
5;0.959045410156250;24413;7;58.35;((19530, 39062), (24413, 29296, 34179));
5;0.959075927734375;24413;6;58.49;((19530, 39062), (24413, 29296, 34179));
5;0.959091186523438;24413;4;57.27;((19530, 39062), (24413, 29296, 34179));
5;0.959083557128906;24413;6;58.45;((19530, 39062), (24413, 29296, 34179));
5;0.959087371826172;24413;3;57.12;((19530, 39062), (24413, 29296, 34179));
5;0.959085464477539;24413;5;57.95;((19530, 39062), (24413, 29296, 34179));
5;0.959084510803223;24413;3;57.17;((19530, 39062), (24413, 29296, 34179));
5;0.500000000000000;29296;11;33.12;((19530, 39062), (24413, 29296, 34179));
5;0.750000000000000;29296;11;47.99;((19530, 39062), (24413, 29296, 34179));
5;0.875000000000000;29296;11;54.65;((19530, 39062), (24413, 29296, 34179));
5;0.937500000000000;29296;11;59.22;((19530, 39062), (24413, 29296, 34179));
5;0.968750000000000;29296;0;27.53;((19530, 39062), (24413, 29296, 34179));
5;0.953125000000000;29296;11;59.31;((19530, 39062), (24413, 29296, 34179));
5;0.960937500000000;29296;1;57.02;((19530, 39062), (24413, 29296, 34179));
5;0.957031250000000;29296;10;60.36;((19530, 39062), (24413, 29296, 34179));
5;0.958984375000000;29296;8;59.29;((19530, 39062), (24413, 29296, 34179));
5;0.959960937500000;29296;3;57.78;((19530, 39062), (24413, 29296, 34179));
5;0.959472656250000;29296;6;58.13;((19530, 39062), (24413, 29296, 34179));
5;0.959716796875000;29296;4;57.81;((19530, 39062), (24413, 29296, 34179));
5;0.959594726562500;29296;4;57.88;((19530, 39062), (24413, 29296, 34179));
5;0.959533691406250;29296;6;58.62;((19530, 39062), (24413, 29296, 34179));
5;0.959564208984375;29296;2;56.90;((19530, 39062), (24413, 29296, 34179));
5;0.959548950195312;29296;3;57.50;((19530, 39062), (24413, 29296, 34179));
5;0.959541320800781;29296;3;57.16;((19530, 39062), (24413, 29296, 34179));
5;0.959537506103516;29296;6;58.23;((19530, 39062), (24413, 29296, 34179));
5;0.959539413452148;29296;5;58.03;((19530, 39062), (24413, 29296, 34179));
5;0.959538459777832;29296;2;56.90;((19530, 39062), (24413, 29296, 34179));
5;0.500000000000000;34179;11;36.56;((19530, 39062), (24413, 29296, 34179));
5;0.750000000000000;34179;11;47.71;((19530, 39062), (24413, 29296, 34179));
5;0.875000000000000;34179;11;55.08;((19530, 39062), (24413, 29296, 34179));
5;0.937500000000000;34179;11;59.18;((19530, 39062), (24413, 29296, 34179));
5;0.968750000000000;34179;0;27.37;((19530, 39062), (24413, 29296, 34179));
5;0.953125000000000;34179;11;60.31;((19530, 39062), (24413, 29296, 34179));
5;0.960937500000000;34179;0;41.03;((19530, 39062), (24413, 29296, 34179));
5;0.957031250000000;34179;11;59.70;((19530, 39062), (24413, 29296, 34179));
5;0.958984375000000;34179;9;59.09;((19530, 39062), (24413, 29296, 34179));
5;0.959960937500000;34179;2;57.61;((19530, 39062), (24413, 29296, 34179));
5;0.959472656250000;34179;3;57.63;((19530, 39062), (24413, 29296, 34179));
5;0.959228515625000;34179;7;58.42;((19530, 39062), (24413, 29296, 34179));
5;0.959350585937500;34179;6;58.46;((19530, 39062), (24413, 29296, 34179));
5;0.959411621093750;34179;7;58.56;((19530, 39062), (24413, 29296, 34179));
5;0.959442138671875;34179;5;58.00;((19530, 39062), (24413, 29296, 34179));
5;0.959426879882812;34179;6;58.65;((19530, 39062), (24413, 29296, 34179));
5;0.959434509277344;34179;4;57.95;((19530, 39062), (24413, 29296, 34179));
5;0.959430694580078;34179;5;58.35;((19530, 39062), (24413, 29296, 34179));
5;0.959428787231445;34179;5;58.25;((19530, 39062), (24413, 29296, 34179));
5;0.959427833557129;34179;7;58.61;((19530, 39062), (24413, 29296, 34179));
5;0.500000000000000;26854;11;32.96;((24413, 34179), (26854, 29295, 31736));
5;0.750000000000000;26854;11;47.56;((24413, 34179), (26854, 29295, 31736));
5;0.875000000000000;26854;11;54.89;((24413, 34179), (26854, 29295, 31736));
5;0.937500000000000;26854;11;58.90;((24413, 34179), (26854, 29295, 31736));
5;0.968750000000000;26854;0;25.92;((24413, 34179), (26854, 29295, 31736));
5;0.953125000000000;26854;5;57.73;((24413, 34179), (26854, 29295, 31736));
5;0.945312500000000;26854;11;58.84;((24413, 34179), (26854, 29295, 31736));
5;0.949218750000000;26854;11;59.39;((24413, 34179), (26854, 29295, 31736));
5;0.951171875000000;26854;10;59.00;((24413, 34179), (26854, 29295, 31736));
5;0.952148437500000;26854;9;58.75;((24413, 34179), (26854, 29295, 31736));
5;0.952636718750000;26854;5;57.77;((24413, 34179), (26854, 29295, 31736));
5;0.952392578125000;26854;3;57.42;((24413, 34179), (26854, 29295, 31736));
5;0.952270507812500;26854;7;58.06;((24413, 34179), (26854, 29295, 31736));
5;0.952331542968750;26854;7;58.71;((24413, 34179), (26854, 29295, 31736));
5;0.952362060546875;26854;9;58.39;((24413, 34179), (26854, 29295, 31736));
5;0.952377319335938;26854;7;58.05;((24413, 34179), (26854, 29295, 31736));
5;0.952384948730469;26854;4;57.49;((24413, 34179), (26854, 29295, 31736));
5;0.952381134033203;26854;7;58.10;((24413, 34179), (26854, 29295, 31736));
5;0.952383041381836;26854;10;61.37;((24413, 34179), (26854, 29295, 31736));
5;0.952383995056152;26854;8;58.55;((24413, 34179), (26854, 29295, 31736));
5;0.500000000000000;31736;11;38.55;((24413, 34179), (26854, 29295, 31736));
5;0.750000000000000;31736;11;47.57;((24413, 34179), (26854, 29295, 31736));
5;0.875000000000000;31736;11;55.82;((24413, 34179), (26854, 29295, 31736));
5;0.937500000000000;31736;11;58.54;((24413, 34179), (26854, 29295, 31736));
5;0.968750000000000;31736;0;27.07;((24413, 34179), (26854, 29295, 31736));
5;0.953125000000000;31736;11;59.48;((24413, 34179), (26854, 29295, 31736));
5;0.960937500000000;31736;3;57.63;((24413, 34179), (26854, 29295, 31736));
5;0.957031250000000;31736;11;59.72;((24413, 34179), (26854, 29295, 31736));
5;0.958984375000000;31736;4;57.89;((24413, 34179), (26854, 29295, 31736));
5;0.958007812500000;31736;5;58.43;((24413, 34179), (26854, 29295, 31736));
5;0.957519531250000;31736;9;59.55;((24413, 34179), (26854, 29295, 31736));
5;0.957763671875000;31736;6;58.44;((24413, 34179), (26854, 29295, 31736));
5;0.957885742187500;31736;8;58.95;((24413, 34179), (26854, 29295, 31736));
5;0.957946777343750;31736;8;58.74;((24413, 34179), (26854, 29295, 31736));
5;0.957977294921875;31736;10;59.41;((24413, 34179), (26854, 29295, 31736));
5;0.957992553710938;31736;8;59.14;((24413, 34179), (26854, 29295, 31736));
5;0.958000183105469;31736;7;58.47;((24413, 34179), (26854, 29295, 31736));
5;0.958003997802734;31736;9;59.11;((24413, 34179), (26854, 29295, 31736));
5;0.958005905151367;31736;8;58.85;((24413, 34179), (26854, 29295, 31736));
5;0.958006858825684;31736;9;59.88;((24413, 34179), (26854, 29295, 31736));
5;0.500000000000000;28074;11;33.15;((26854, 31736), (28074, 29294, 30514));
5;0.750000000000000;28074;11;47.61;((26854, 31736), (28074, 29294, 30514));
5;0.875000000000000;28074;11;54.84;((26854, 31736), (28074, 29294, 30514));
5;0.937500000000000;28074;11;59.06;((26854, 31736), (28074, 29294, 30514));
5;0.968750000000000;28074;0;25.80;((26854, 31736), (28074, 29294, 30514));
5;0.953125000000000;28074;9;58.94;((26854, 31736), (28074, 29294, 30514));
5;0.960937500000000;28074;0;28.64;((26854, 31736), (28074, 29294, 30514));
5;0.957031250000000;28074;0;37.69;((26854, 31736), (28074, 29294, 30514));
5;0.955078125000000;28074;2;56.48;((26854, 31736), (28074, 29294, 30514));
5;0.954101562500000;28074;3;57.58;((26854, 31736), (28074, 29294, 30514));
5;0.953613281250000;28074;4;57.84;((26854, 31736), (28074, 29294, 30514));
5;0.953369140625000;28074;4;57.12;((26854, 31736), (28074, 29294, 30514));
5;0.953247070312500;28074;7;57.96;((26854, 31736), (28074, 29294, 30514));
5;0.953308105468750;28074;5;57.30;((26854, 31736), (28074, 29294, 30514));
5;0.953277587890625;28074;5;57.80;((26854, 31736), (28074, 29294, 30514));
5;0.953262329101562;28074;8;58.42;((26854, 31736), (28074, 29294, 30514));
5;0.953269958496094;28074;5;57.60;((26854, 31736), (28074, 29294, 30514));
5;0.953266143798828;28074;5;57.82;((26854, 31736), (28074, 29294, 30514));
5;0.953264236450195;28074;3;56.96;((26854, 31736), (28074, 29294, 30514));
5;0.953263282775879;28074;4;57.61;((26854, 31736), (28074, 29294, 30514));
5;0.500000000000000;29294;11;32.90;((26854, 31736), (28074, 29294, 30514));
5;0.750000000000000;29294;11;47.53;((26854, 31736), (28074, 29294, 30514));
5;0.875000000000000;29294;11;54.96;((26854, 31736), (28074, 29294, 30514));
5;0.937500000000000;29294;11;58.73;((26854, 31736), (28074, 29294, 30514));
5;0.968750000000000;29294;0;25.95;((26854, 31736), (28074, 29294, 30514));
5;0.953125000000000;29294;7;57.87;((26854, 31736), (28074, 29294, 30514));
5;0.960937500000000;29294;0;30.96;((26854, 31736), (28074, 29294, 30514));
5;0.957031250000000;29294;0;34.66;((26854, 31736), (28074, 29294, 30514));
5;0.955078125000000;29294;2;56.75;((26854, 31736), (28074, 29294, 30514));
5;0.954101562500000;29294;4;57.39;((26854, 31736), (28074, 29294, 30514));
5;0.953613281250000;29294;3;57.71;((26854, 31736), (28074, 29294, 30514));
5;0.953369140625000;29294;6;58.08;((26854, 31736), (28074, 29294, 30514));
5;0.953491210937500;29294;4;57.51;((26854, 31736), (28074, 29294, 30514));
5;0.953430175781250;29294;8;58.44;((26854, 31736), (28074, 29294, 30514));
5;0.953460693359375;29294;9;58.54;((26854, 31736), (28074, 29294, 30514));
5;0.953475952148438;29294;6;58.29;((26854, 31736), (28074, 29294, 30514));
5;0.953483581542969;29294;7;58.49;((26854, 31736), (28074, 29294, 30514));
5;0.953487396240234;29294;7;58.21;((26854, 31736), (28074, 29294, 30514));
5;0.953489303588867;29294;7;58.62;((26854, 31736), (28074, 29294, 30514));
5;0.953490257263184;29294;5;57.73;((26854, 31736), (28074, 29294, 30514));
5;0.500000000000000;30514;11;32.91;((26854, 31736), (28074, 29294, 30514));
5;0.750000000000000;30514;11;47.60;((26854, 31736), (28074, 29294, 30514));
5;0.875000000000000;30514;11;55.49;((26854, 31736), (28074, 29294, 30514));
5;0.937500000000000;30514;11;58.45;((26854, 31736), (28074, 29294, 30514));
5;0.968750000000000;30514;0;26.07;((26854, 31736), (28074, 29294, 30514));
5;0.953125000000000;30514;7;58.80;((26854, 31736), (28074, 29294, 30514));
5;0.960937500000000;30514;0;27.87;((26854, 31736), (28074, 29294, 30514));
5;0.957031250000000;30514;0;39.33;((26854, 31736), (28074, 29294, 30514));
5;0.955078125000000;30514;3;57.76;((26854, 31736), (28074, 29294, 30514));
5;0.954101562500000;30514;3;57.22;((26854, 31736), (28074, 29294, 30514));
5;0.953613281250000;30514;5;57.94;((26854, 31736), (28074, 29294, 30514));
5;0.953369140625000;30514;5;57.67;((26854, 31736), (28074, 29294, 30514));
5;0.953247070312500;30514;8;58.58;((26854, 31736), (28074, 29294, 30514));
5;0.953308105468750;30514;5;57.64;((26854, 31736), (28074, 29294, 30514));
5;0.953277587890625;30514;9;58.85;((26854, 31736), (28074, 29294, 30514));
5;0.953292846679688;30514;5;57.72;((26854, 31736), (28074, 29294, 30514));
5;0.953285217285156;30514;7;58.24;((26854, 31736), (28074, 29294, 30514));
5;0.953289031982422;30514;9;62.18;((26854, 31736), (28074, 29294, 30514));
5;0.953290939331055;30514;5;57.74;((26854, 31736), (28074, 29294, 30514));
5;0.953289985656738;30514;7;58.45;((26854, 31736), (28074, 29294, 30514));
5;0.500000000000000;28684;11;33.02;((28074, 30514), (28684, 29294, 29904));
5;0.750000000000000;28684;11;47.97;((28074, 30514), (28684, 29294, 29904));
5;0.875000000000000;28684;11;55.05;((28074, 30514), (28684, 29294, 29904));
5;0.937500000000000;28684;11;59.94;((28074, 30514), (28684, 29294, 29904));
5;0.968750000000000;28684;0;25.79;((28074, 30514), (28684, 29294, 29904));
5;0.953125000000000;28684;7;58.14;((28074, 30514), (28684, 29294, 29904));
5;0.960937500000000;28684;0;28.99;((28074, 30514), (28684, 29294, 29904));
5;0.957031250000000;28684;0;33.76;((28074, 30514), (28684, 29294, 29904));
5;0.955078125000000;28684;2;56.76;((28074, 30514), (28684, 29294, 29904));
5;0.954101562500000;28684;5;58.11;((28074, 30514), (28684, 29294, 29904));
5;0.953613281250000;28684;4;57.69;((28074, 30514), (28684, 29294, 29904));
5;0.953369140625000;28684;3;57.13;((28074, 30514), (28684, 29294, 29904));
5;0.953247070312500;28684;7;58.45;((28074, 30514), (28684, 29294, 29904));
5;0.953308105468750;28684;3;57.37;((28074, 30514), (28684, 29294, 29904));
5;0.953277587890625;28684;2;56.43;((28074, 30514), (28684, 29294, 29904));
5;0.953262329101562;28684;6;58.91;((28074, 30514), (28684, 29294, 29904));
5;0.953269958496094;28684;5;57.44;((28074, 30514), (28684, 29294, 29904));
5;0.953266143798828;28684;6;58.54;((28074, 30514), (28684, 29294, 29904));
5;0.953268051147461;28684;6;58.00;((28074, 30514), (28684, 29294, 29904));
5;0.953269004821777;28684;8;58.58;((28074, 30514), (28684, 29294, 29904));
5;0.500000000000000;29904;11;33.23;((28074, 30514), (28684, 29294, 29904));
5;0.750000000000000;29904;11;47.68;((28074, 30514), (28684, 29294, 29904));
5;0.875000000000000;29904;11;55.01;((28074, 30514), (28684, 29294, 29904));
5;0.937500000000000;29904;11;60.17;((28074, 30514), (28684, 29294, 29904));
5;0.968750000000000;29904;0;25.57;((28074, 30514), (28684, 29294, 29904));
5;0.953125000000000;29904;5;58.96;((28074, 30514), (28684, 29294, 29904));
5;0.945312500000000;29904;11;65.42;((28074, 30514), (28684, 29294, 29904));
5;0.949218750000000;29904;11;59.21;((28074, 30514), (28684, 29294, 29904));
5;0.951171875000000;29904;10;59.02;((28074, 30514), (28684, 29294, 29904));
5;0.952148437500000;29904;10;59.21;((28074, 30514), (28684, 29294, 29904));
5;0.952636718750000;29904;9;59.10;((28074, 30514), (28684, 29294, 29904));
5;0.952880859375000;29904;7;58.45;((28074, 30514), (28684, 29294, 29904));
5;0.953002929687500;29904;7;58.29;((28074, 30514), (28684, 29294, 29904));
5;0.953063964843750;29904;6;58.65;((28074, 30514), (28684, 29294, 29904));
5;0.953094482421875;29904;8;58.35;((28074, 30514), (28684, 29294, 29904));
5;0.953109741210938;29904;6;57.94;((28074, 30514), (28684, 29294, 29904));
5;0.953117370605469;29904;5;57.90;((28074, 30514), (28684, 29294, 29904));
5;0.953113555908203;29904;8;58.52;((28074, 30514), (28684, 29294, 29904));
5;0.953115463256836;29904;10;59.57;((28074, 30514), (28684, 29294, 29904));
5;0.953116416931152;29904;7;58.31;((28074, 30514), (28684, 29294, 29904));
5;0.500000000000000;28989;11;32.98;((28684, 29904), (28989, 29294, 29599));
5;0.750000000000000;28989;11;48.99;((28684, 29904), (28989, 29294, 29599));
5;0.875000000000000;28989;11;55.03;((28684, 29904), (28989, 29294, 29599));
5;0.937500000000000;28989;11;58.51;((28684, 29904), (28989, 29294, 29599));
5;0.968750000000000;28989;0;27.13;((28684, 29904), (28989, 29294, 29599));
5;0.953125000000000;28989;10;59.02;((28684, 29904), (28989, 29294, 29599));
5;0.960937500000000;28989;3;57.11;((28684, 29904), (28989, 29294, 29599));
5;0.957031250000000;28989;9;58.85;((28684, 29904), (28989, 29294, 29599));
5;0.958984375000000;28989;7;58.72;((28684, 29904), (28989, 29294, 29599));
5;0.959960937500000;28989;5;58.06;((28684, 29904), (28989, 29294, 29599));
5;0.959472656250000;28989;4;57.59;((28684, 29904), (28989, 29294, 29599));
5;0.959228515625000;28989;3;57.32;((28684, 29904), (28989, 29294, 29599));
5;0.959106445312500;28989;5;57.96;((28684, 29904), (28989, 29294, 29599));
5;0.959045410156250;28989;9;59.36;((28684, 29904), (28989, 29294, 29599));
5;0.959075927734375;28989;5;57.86;((28684, 29904), (28989, 29294, 29599));
5;0.959060668945312;28989;5;58.08;((28684, 29904), (28989, 29294, 29599));
5;0.959053039550781;28989;7;58.79;((28684, 29904), (28989, 29294, 29599));
5;0.959056854248047;28989;6;58.09;((28684, 29904), (28989, 29294, 29599));
5;0.959058761596680;28989;7;59.58;((28684, 29904), (28989, 29294, 29599));
5;0.959059715270996;28989;7;58.59;((28684, 29904), (28989, 29294, 29599));
5;0.500000000000000;29599;11;33.03;((28684, 29904), (28989, 29294, 29599));
5;0.750000000000000;29599;11;51.66;((28684, 29904), (28989, 29294, 29599));
5;0.875000000000000;29599;11;54.66;((28684, 29904), (28989, 29294, 29599));
5;0.937500000000000;29599;11;58.97;((28684, 29904), (28989, 29294, 29599));
5;0.968750000000000;29599;0;27.18;((28684, 29904), (28989, 29294, 29599));
5;0.953125000000000;29599;11;60.27;((28684, 29904), (28989, 29294, 29599));
5;0.960937500000000;29599;3;57.75;((28684, 29904), (28989, 29294, 29599));
5;0.957031250000000;29599;11;59.62;((28684, 29904), (28989, 29294, 29599));
5;0.958984375000000;29599;7;59.01;((28684, 29904), (28989, 29294, 29599));
5;0.959960937500000;29599;4;57.73;((28684, 29904), (28989, 29294, 29599));
5;0.959472656250000;29599;6;58.40;((28684, 29904), (28989, 29294, 29599));
5;0.959716796875000;29599;4;57.63;((28684, 29904), (28989, 29294, 29599));
5;0.959594726562500;29599;6;58.75;((28684, 29904), (28989, 29294, 29599));
5;0.959655761718750;29599;2;57.04;((28684, 29904), (28989, 29294, 29599));
5;0.959625244140625;29599;3;57.79;((28684, 29904), (28989, 29294, 29599));
5;0.959609985351562;29599;6;58.28;((28684, 29904), (28989, 29294, 29599));
5;0.959617614746094;29599;5;60.71;((28684, 29904), (28989, 29294, 29599));
5;0.959613800048828;29599;6;57.91;((28684, 29904), (28989, 29294, 29599));
5;0.959615707397461;29599;4;57.82;((28684, 29904), (28989, 29294, 29599));
5;0.959614753723145;29599;5;58.03;((28684, 29904), (28989, 29294, 29599));
5;0.500000000000000;29446;11;32.84;((29294, 29904), (29446, 29598, 29750));
5;0.750000000000000;29446;11;47.65;((29294, 29904), (29446, 29598, 29750));
5;0.875000000000000;29446;11;56.13;((29294, 29904), (29446, 29598, 29750));
5;0.937500000000000;29446;11;58.86;((29294, 29904), (29446, 29598, 29750));
5;0.968750000000000;29446;0;26.36;((29294, 29904), (29446, 29598, 29750));
5;0.953125000000000;29446;11;59.57;((29294, 29904), (29446, 29598, 29750));
5;0.960937500000000;29446;2;56.83;((29294, 29904), (29446, 29598, 29750));
5;0.957031250000000;29446;9;59.02;((29294, 29904), (29446, 29598, 29750));
5;0.958984375000000;29446;7;58.93;((29294, 29904), (29446, 29598, 29750));
5;0.959960937500000;29446;4;59.07;((29294, 29904), (29446, 29598, 29750));
5;0.959472656250000;29446;4;57.89;((29294, 29904), (29446, 29598, 29750));
5;0.959228515625000;29446;4;58.49;((29294, 29904), (29446, 29598, 29750));
5;0.959106445312500;29446;6;58.41;((29294, 29904), (29446, 29598, 29750));
5;0.959167480468750;29446;4;57.76;((29294, 29904), (29446, 29598, 29750));
5;0.959136962890625;29446;3;57.33;((29294, 29904), (29446, 29598, 29750));
5;0.959121704101562;29446;7;58.76;((29294, 29904), (29446, 29598, 29750));
5;0.959129333496094;29446;6;58.94;((29294, 29904), (29446, 29598, 29750));
5;0.959133148193359;29446;3;58.39;((29294, 29904), (29446, 29598, 29750));
5;0.959131240844727;29446;8;59.31;((29294, 29904), (29446, 29598, 29750));
5;0.959132194519043;29446;5;58.10;((29294, 29904), (29446, 29598, 29750));
5;0.500000000000000;29598;11;33.16;((29294, 29904), (29446, 29598, 29750));
5;0.750000000000000;29598;11;47.92;((29294, 29904), (29446, 29598, 29750));
5;0.875000000000000;29598;11;55.67;((29294, 29904), (29446, 29598, 29750));
5;0.937500000000000;29598;11;58.64;((29294, 29904), (29446, 29598, 29750));
5;0.968750000000000;29598;0;26.96;((29294, 29904), (29446, 29598, 29750));
5;0.953125000000000;29598;11;59.32;((29294, 29904), (29446, 29598, 29750));
5;0.960937500000000;29598;3;57.31;((29294, 29904), (29446, 29598, 29750));
5;0.957031250000000;29598;11;62.77;((29294, 29904), (29446, 29598, 29750));
5;0.958984375000000;29598;5;58.05;((29294, 29904), (29446, 29598, 29750));
5;0.958007812500000;29598;8;59.69;((29294, 29904), (29446, 29598, 29750));
5;0.958496093750000;29598;9;59.76;((29294, 29904), (29446, 29598, 29750));
5;0.958740234375000;29598;5;58.10;((29294, 29904), (29446, 29598, 29750));
5;0.958618164062500;29598;9;60.22;((29294, 29904), (29446, 29598, 29750));
5;0.958679199218750;29598;7;59.49;((29294, 29904), (29446, 29598, 29750));
5;0.958709716796875;29598;5;58.39;((29294, 29904), (29446, 29598, 29750));
5;0.958694458007812;29598;8;58.95;((29294, 29904), (29446, 29598, 29750));
5;0.958702087402344;29598;8;58.74;((29294, 29904), (29446, 29598, 29750));
5;0.958705902099609;29598;5;58.06;((29294, 29904), (29446, 29598, 29750));
5;0.958703994750977;29598;9;67.30;((29294, 29904), (29446, 29598, 29750));
5;0.958704948425293;29598;6;58.30;((29294, 29904), (29446, 29598, 29750));
5;0.500000000000000;29750;11;32.93;((29294, 29904), (29446, 29598, 29750));
5;0.750000000000000;29750;11;47.61;((29294, 29904), (29446, 29598, 29750));
5;0.875000000000000;29750;11;54.85;((29294, 29904), (29446, 29598, 29750));
5;0.937500000000000;29750;11;58.41;((29294, 29904), (29446, 29598, 29750));
5;0.968750000000000;29750;0;25.79;((29294, 29904), (29446, 29598, 29750));
5;0.953125000000000;29750;6;58.06;((29294, 29904), (29446, 29598, 29750));
5;0.960937500000000;29750;0;28.46;((29294, 29904), (29446, 29598, 29750));
5;0.957031250000000;29750;0;35.14;((29294, 29904), (29446, 29598, 29750));
5;0.955078125000000;29750;3;57.15;((29294, 29904), (29446, 29598, 29750));
5;0.954101562500000;29750;2;56.41;((29294, 29904), (29446, 29598, 29750));
5;0.953613281250000;29750;4;57.72;((29294, 29904), (29446, 29598, 29750));
5;0.953369140625000;29750;4;57.40;((29294, 29904), (29446, 29598, 29750));
5;0.953247070312500;29750;8;58.61;((29294, 29904), (29446, 29598, 29750));
5;0.953308105468750;29750;9;58.59;((29294, 29904), (29446, 29598, 29750));
5;0.953338623046875;29750;9;58.87;((29294, 29904), (29446, 29598, 29750));
5;0.953353881835938;29750;4;57.87;((29294, 29904), (29446, 29598, 29750));
5;0.953346252441406;29750;8;58.92;((29294, 29904), (29446, 29598, 29750));
5;0.953350067138672;29750;7;58.40;((29294, 29904), (29446, 29598, 29750));
5;0.953351974487305;29750;5;57.86;((29294, 29904), (29446, 29598, 29750));
5;0.953351020812988;29750;6;57.84;((29294, 29904), (29446, 29598, 29750));
5;0.500000000000000;29370;11;33.70;((29294, 29598), (29370, 29446, 29522));
5;0.750000000000000;29370;11;48.17;((29294, 29598), (29370, 29446, 29522));
5;0.875000000000000;29370;11;54.91;((29294, 29598), (29370, 29446, 29522));
5;0.937500000000000;29370;11;58.82;((29294, 29598), (29370, 29446, 29522));
5;0.968750000000000;29370;0;26.25;((29294, 29598), (29370, 29446, 29522));
5;0.953125000000000;29370;8;58.38;((29294, 29598), (29370, 29446, 29522));
5;0.960937500000000;29370;0;28.66;((29294, 29598), (29370, 29446, 29522));
5;0.957031250000000;29370;0;32.97;((29294, 29598), (29370, 29446, 29522));
5;0.955078125000000;29370;3;57.26;((29294, 29598), (29370, 29446, 29522));
5;0.954101562500000;29370;6;58.20;((29294, 29598), (29370, 29446, 29522));
5;0.954589843750000;29370;2;56.82;((29294, 29598), (29370, 29446, 29522));
5;0.954345703125000;29370;2;57.37;((29294, 29598), (29370, 29446, 29522));
5;0.954223632812500;29370;2;56.59;((29294, 29598), (29370, 29446, 29522));
5;0.954162597656250;29370;7;59.76;((29294, 29598), (29370, 29446, 29522));
5;0.954193115234375;29370;7;57.87;((29294, 29598), (29370, 29446, 29522));
5;0.954208374023438;29370;8;58.75;((29294, 29598), (29370, 29446, 29522));
5;0.954216003417969;29370;6;58.45;((29294, 29598), (29370, 29446, 29522));
5;0.954219818115234;29370;4;57.42;((29294, 29598), (29370, 29446, 29522));
5;0.954217910766602;29370;2;57.02;((29294, 29598), (29370, 29446, 29522));
5;0.954216957092285;29370;4;57.50;((29294, 29598), (29370, 29446, 29522));
5;0.500000000000000;29522;11;32.83;((29294, 29598), (29370, 29446, 29522));
5;0.750000000000000;29522;11;47.55;((29294, 29598), (29370, 29446, 29522));
5;0.875000000000000;29522;11;54.86;((29294, 29598), (29370, 29446, 29522));
5;0.937500000000000;29522;11;58.61;((29294, 29598), (29370, 29446, 29522));
5;0.968750000000000;29522;0;27.14;((29294, 29598), (29370, 29446, 29522));
5;0.953125000000000;29522;4;57.53;((29294, 29598), (29370, 29446, 29522));
5;0.945312500000000;29522;11;62.87;((29294, 29598), (29370, 29446, 29522));
5;0.949218750000000;29522;10;60.66;((29294, 29598), (29370, 29446, 29522));
5;0.951171875000000;29522;10;60.55;((29294, 29598), (29370, 29446, 29522));
5;0.952148437500000;29522;9;59.91;((29294, 29598), (29370, 29446, 29522));
5;0.952636718750000;29522;7;58.75;((29294, 29598), (29370, 29446, 29522));
5;0.952880859375000;29522;9;59.46;((29294, 29598), (29370, 29446, 29522));
5;0.953002929687500;29522;7;59.01;((29294, 29598), (29370, 29446, 29522));
5;0.953063964843750;29522;4;59.44;((29294, 29598), (29370, 29446, 29522));
5;0.953033447265625;29522;5;59.38;((29294, 29598), (29370, 29446, 29522));
5;0.953018188476562;29522;5;60.78;((29294, 29598), (29370, 29446, 29522));
5;0.953010559082031;29522;5;60.17;((29294, 29598), (29370, 29446, 29522));
5;0.953006744384766;29522;10;61.01;((29294, 29598), (29370, 29446, 29522));
5;0.953008651733398;29522;7;58.80;((29294, 29598), (29370, 29446, 29522));
5;0.953009605407715;29522;8;58.67;((29294, 29598), (29370, 29446, 29522));
5;0.500000000000000;29408;11;33.82;((29370, 29522), (29408, 29446, 29484));
5;0.750000000000000;29408;11;50.46;((29370, 29522), (29408, 29446, 29484));
5;0.875000000000000;29408;11;57.60;((29370, 29522), (29408, 29446, 29484));
5;0.937500000000000;29408;11;60.26;((29370, 29522), (29408, 29446, 29484));
5;0.968750000000000;29408;0;27.09;((29370, 29522), (29408, 29446, 29484));
5;0.953125000000000;29408;11;61.43;((29370, 29522), (29408, 29446, 29484));
5;0.960937500000000;29408;1;58.99;((29370, 29522), (29408, 29446, 29484));
5;0.957031250000000;29408;11;61.74;((29370, 29522), (29408, 29446, 29484));
5;0.958984375000000;29408;5;58.37;((29370, 29522), (29408, 29446, 29484));
5;0.958007812500000;29408;7;60.19;((29370, 29522), (29408, 29446, 29484));
5;0.958496093750000;29408;6;59.83;((29370, 29522), (29408, 29446, 29484));
5;0.958740234375000;29408;6;60.56;((29370, 29522), (29408, 29446, 29484));
5;0.958862304687500;29408;9;61.35;((29370, 29522), (29408, 29446, 29484));
5;0.958923339843750;29408;6;59.31;((29370, 29522), (29408, 29446, 29484));
5;0.958953857421875;29408;7;59.41;((29370, 29522), (29408, 29446, 29484));
5;0.958969116210938;29408;9;60.85;((29370, 29522), (29408, 29446, 29484));
5;0.958976745605469;29408;6;60.14;((29370, 29522), (29408, 29446, 29484));
5;0.958980560302734;29408;6;58.62;((29370, 29522), (29408, 29446, 29484));
5;0.958982467651367;29408;7;59.77;((29370, 29522), (29408, 29446, 29484));
5;0.958983421325684;29408;11;61.54;((29370, 29522), (29408, 29446, 29484));
5;0.500000000000000;29484;11;33.58;((29370, 29522), (29408, 29446, 29484));
5;0.750000000000000;29484;11;49.56;((29370, 29522), (29408, 29446, 29484));
5;0.875000000000000;29484;11;56.50;((29370, 29522), (29408, 29446, 29484));
5;0.937500000000000;29484;11;60.39;((29370, 29522), (29408, 29446, 29484));
5;0.968750000000000;29484;0;26.71;((29370, 29522), (29408, 29446, 29484));
5;0.953125000000000;29484;4;59.51;((29370, 29522), (29408, 29446, 29484));
5;0.945312500000000;29484;11;62.10;((29370, 29522), (29408, 29446, 29484));
5;0.949218750000000;29484;10;59.72;((29370, 29522), (29408, 29446, 29484));
5;0.951171875000000;29484;11;60.57;((29370, 29522), (29408, 29446, 29484));
5;0.952148437500000;29484;10;62.95;((29370, 29522), (29408, 29446, 29484));
5;0.952636718750000;29484;8;59.24;((29370, 29522), (29408, 29446, 29484));
5;0.952880859375000;29484;5;58.64;((29370, 29522), (29408, 29446, 29484));
5;0.952758789062500;29484;6;59.00;((29370, 29522), (29408, 29446, 29484));
5;0.952819824218750;29484;6;59.16;((29370, 29522), (29408, 29446, 29484));
5;0.952850341796875;29484;7;60.10;((29370, 29522), (29408, 29446, 29484));
5;0.952865600585938;29484;3;59.29;((29370, 29522), (29408, 29446, 29484));
5;0.952857971191406;29484;7;59.93;((29370, 29522), (29408, 29446, 29484));
5;0.952861785888672;29484;6;58.90;((29370, 29522), (29408, 29446, 29484));
5;0.952863693237305;29484;7;59.11;((29370, 29522), (29408, 29446, 29484));
5;0.952864646911621;29484;11;62.90;((29370, 29522), (29408, 29446, 29484));
5;0.500000000000000;29427;11;34.71;((29408, 29484), (29427, 29446, 29465));
5;0.750000000000000;29427;11;49.30;((29408, 29484), (29427, 29446, 29465));
5;0.875000000000000;29427;11;57.43;((29408, 29484), (29427, 29446, 29465));
5;0.937500000000000;29427;11;67.42;((29408, 29484), (29427, 29446, 29465));
5;0.968750000000000;29427;0;28.00;((29408, 29484), (29427, 29446, 29465));
5;0.953125000000000;29427;11;64.64;((29408, 29484), (29427, 29446, 29465));
5;0.960937500000000;29427;2;58.38;((29408, 29484), (29427, 29446, 29465));
5;0.957031250000000;29427;8;62.81;((29408, 29484), (29427, 29446, 29465));
5;0.958984375000000;29427;4;63.55;((29408, 29484), (29427, 29446, 29465));
5;0.958007812500000;29427;9;60.74;((29408, 29484), (29427, 29446, 29465));
5;0.958496093750000;29427;4;59.24;((29408, 29484), (29427, 29446, 29465));
5;0.958251953125000;29427;8;60.19;((29408, 29484), (29427, 29446, 29465));
5;0.958374023437500;29427;7;59.45;((29408, 29484), (29427, 29446, 29465));
5;0.958435058593750;29427;4;59.38;((29408, 29484), (29427, 29446, 29465));
5;0.958404541015625;29427;4;59.52;((29408, 29484), (29427, 29446, 29465));
5;0.958389282226562;29427;3;59.03;((29408, 29484), (29427, 29446, 29465));
5;0.958381652832031;29427;10;59.96;((29408, 29484), (29427, 29446, 29465));
5;0.958385467529297;29427;7;60.11;((29408, 29484), (29427, 29446, 29465));
5;0.958387374877930;29427;4;59.91;((29408, 29484), (29427, 29446, 29465));
5;0.958386421203613;29427;9;59.68;((29408, 29484), (29427, 29446, 29465));
5;0.500000000000000;29465;11;34.09;((29408, 29484), (29427, 29446, 29465));
5;0.750000000000000;29465;11;50.88;((29408, 29484), (29427, 29446, 29465));
5;0.875000000000000;29465;11;60.34;((29408, 29484), (29427, 29446, 29465));
5;0.937500000000000;29465;11;74.46;((29408, 29484), (29427, 29446, 29465));
5;0.968750000000000;29465;0;27.24;((29408, 29484), (29427, 29446, 29465));
5;0.953125000000000;29465;11;60.99;((29408, 29484), (29427, 29446, 29465));
5;0.960937500000000;29465;1;59.44;((29408, 29484), (29427, 29446, 29465));
5;0.957031250000000;29465;10;61.61;((29408, 29484), (29427, 29446, 29465));
5;0.958984375000000;29465;9;61.24;((29408, 29484), (29427, 29446, 29465));
5;0.959960937500000;29465;3;58.95;((29408, 29484), (29427, 29446, 29465));
5;0.959472656250000;29465;6;59.92;((29408, 29484), (29427, 29446, 29465));
5;0.959716796875000;29465;3;59.63;((29408, 29484), (29427, 29446, 29465));
5;0.959594726562500;29465;5;59.27;((29408, 29484), (29427, 29446, 29465));
5;0.959533691406250;29465;8;59.64;((29408, 29484), (29427, 29446, 29465));
5;0.959564208984375;29465;6;58.80;((29408, 29484), (29427, 29446, 29465));
5;0.959579467773438;29465;5;59.01;((29408, 29484), (29427, 29446, 29465));
5;0.959571838378906;29465;7;60.04;((29408, 29484), (29427, 29446, 29465));
5;0.959575653076172;29465;6;59.51;((29408, 29484), (29427, 29446, 29465));
5;0.959577560424805;29465;7;59.72;((29408, 29484), (29427, 29446, 29465));
5;0.959578514099121;29465;4;58.89;((29408, 29484), (29427, 29446, 29465));
