5;0.500000000000000;2250000;11;132.47;((0, 9000000), (2250000, 4500000, 6750000));
5;0.750000000000000;2250000;0;104.06;((0, 9000000), (2250000, 4500000, 6750000));
5;0.625000000000000;2250000;11;153.79;((0, 9000000), (2250000, 4500000, 6750000));
5;0.687500000000000;2250000;11;173.64;((0, 9000000), (2250000, 4500000, 6750000));
5;0.718750000000000;2250000;11;176.34;((0, 9000000), (2250000, 4500000, 6750000));
5;0.734375000000000;2250000;11;179.13;((0, 9000000), (2250000, 4500000, 6750000));
5;0.742187500000000;2250000;0;100.52;((0, 9000000), (2250000, 4500000, 6750000));
5;0.738281250000000;2250000;11;180.00;((0, 9000000), (2250000, 4500000, 6750000));
5;0.740234375000000;2250000;11;180.14;((0, 9000000), (2250000, 4500000, 6750000));
5;0.741210937500000;2250000;8;177.10;((0, 9000000), (2250000, 4500000, 6750000));
5;0.741699218750000;2250000;5;174.99;((0, 9000000), (2250000, 4500000, 6750000));
5;0.741455078125000;2250000;6;176.66;((0, 9000000), (2250000, 4500000, 6750000));
5;0.741577148437500;2250000;8;191.34;((0, 9000000), (2250000, 4500000, 6750000));
5;0.741638183593750;2250000;4;187.84;((0, 9000000), (2250000, 4500000, 6750000));
5;0.741607666015625;2250000;3;172.85;((0, 9000000), (2250000, 4500000, 6750000));
5;0.741592407226562;2250000;6;175.81;((0, 9000000), (2250000, 4500000, 6750000));
5;0.741600036621094;2250000;4;182.76;((0, 9000000), (2250000, 4500000, 6750000));
5;0.741596221923828;2250000;3;173.09;((0, 9000000), (2250000, 4500000, 6750000));
5;0.741594314575195;2250000;3;173.06;((0, 9000000), (2250000, 4500000, 6750000));
5;0.741593360900879;2250000;5;174.47;((0, 9000000), (2250000, 4500000, 6750000));
5;0.500000000000000;4500000;11;130.68;((0, 9000000), (2250000, 4500000, 6750000));
5;0.750000000000000;4500000;0;87.54;((0, 9000000), (2250000, 4500000, 6750000));
5;0.625000000000000;4500000;0;86.22;((0, 9000000), (2250000, 4500000, 6750000));
5;0.562500000000000;4500000;11;141.08;((0, 9000000), (2250000, 4500000, 6750000));
5;0.593750000000000;4500000;11;147.83;((0, 9000000), (2250000, 4500000, 6750000));
5;0.609375000000000;4500000;11;151.87;((0, 9000000), (2250000, 4500000, 6750000));
5;0.617187500000000;4500000;0;89.08;((0, 9000000), (2250000, 4500000, 6750000));
5;0.613281250000000;4500000;11;154.37;((0, 9000000), (2250000, 4500000, 6750000));
5;0.615234375000000;4500000;11;153.17;((0, 9000000), (2250000, 4500000, 6750000));
5;0.616210937500000;4500000;0;88.70;((0, 9000000), (2250000, 4500000, 6750000));
5;0.615722656250000;4500000;11;153.71;((0, 9000000), (2250000, 4500000, 6750000));
5;0.615966796875000;4500000;7;149.91;((0, 9000000), (2250000, 4500000, 6750000));
5;0.616088867187500;4500000;2;145.26;((0, 9000000), (2250000, 4500000, 6750000));
5;0.616027832031250;4500000;4;148.44;((0, 9000000), (2250000, 4500000, 6750000));
5;0.615997314453125;4500000;4;148.22;((0, 9000000), (2250000, 4500000, 6750000));
5;0.615982055664062;4500000;4;148.60;((0, 9000000), (2250000, 4500000, 6750000));
5;0.615974426269531;4500000;3;147.40;((0, 9000000), (2250000, 4500000, 6750000));
5;0.615970611572266;4500000;3;147.59;((0, 9000000), (2250000, 4500000, 6750000));
5;0.615968704223633;4500000;5;148.54;((0, 9000000), (2250000, 4500000, 6750000));
5;0.615967750549316;4500000;5;153.81;((0, 9000000), (2250000, 4500000, 6750000));
5;0.500000000000000;6750000;11;125.67;((0, 9000000), (2250000, 4500000, 6750000));
5;0.750000000000000;6750000;0;83.70;((0, 9000000), (2250000, 4500000, 6750000));
5;0.625000000000000;6750000;0;80.85;((0, 9000000), (2250000, 4500000, 6750000));
5;0.562500000000000;6750000;11;140.80;((0, 9000000), (2250000, 4500000, 6750000));
5;0.593750000000000;6750000;11;147.85;((0, 9000000), (2250000, 4500000, 6750000));
5;0.609375000000000;6750000;0;84.05;((0, 9000000), (2250000, 4500000, 6750000));
5;0.601562500000000;6750000;11;151.52;((0, 9000000), (2250000, 4500000, 6750000));
5;0.605468750000000;6750000;11;150.53;((0, 9000000), (2250000, 4500000, 6750000));
5;0.607421875000000;6750000;8;148.29;((0, 9000000), (2250000, 4500000, 6750000));
5;0.608398437500000;6750000;0;84.05;((0, 9000000), (2250000, 4500000, 6750000));
5;0.607910156250000;6750000;0;84.54;((0, 9000000), (2250000, 4500000, 6750000));
5;0.607666015625000;6750000;1;142.36;((0, 9000000), (2250000, 4500000, 6750000));
5;0.607543945312500;6750000;2;142.63;((0, 9000000), (2250000, 4500000, 6750000));
5;0.607482910156250;6750000;2;143.32;((0, 9000000), (2250000, 4500000, 6750000));
5;0.607452392578125;6750000;5;146.52;((0, 9000000), (2250000, 4500000, 6750000));
5;0.607437133789062;6750000;2;143.29;((0, 9000000), (2250000, 4500000, 6750000));
5;0.607429504394531;6750000;5;145.98;((0, 9000000), (2250000, 4500000, 6750000));
5;0.607425689697266;6750000;5;146.16;((0, 9000000), (2250000, 4500000, 6750000));
5;0.607423782348633;6750000;5;146.29;((0, 9000000), (2250000, 4500000, 6750000));
5;0.607422828674316;6750000;1;142.09;((0, 9000000), (2250000, 4500000, 6750000));
5;0.500000000000000;1125000;11;124.97;((0, 4500000), (1125000, 2250000, 3375000));
5;0.750000000000000;1125000;11;182.06;((0, 4500000), (1125000, 2250000, 3375000));
5;0.875000000000000;1125000;0;96.41;((0, 4500000), (1125000, 2250000, 3375000));
5;0.812500000000000;1125000;11;198.21;((0, 4500000), (1125000, 2250000, 3375000));
5;0.843750000000000;1125000;11;204.93;((0, 4500000), (1125000, 2250000, 3375000));
5;0.859375000000000;1125000;11;206.51;((0, 4500000), (1125000, 2250000, 3375000));
5;0.867187500000000;1125000;0;97.75;((0, 4500000), (1125000, 2250000, 3375000));
5;0.863281250000000;1125000;1;193.38;((0, 4500000), (1125000, 2250000, 3375000));
5;0.861328125000000;1125000;11;208.46;((0, 4500000), (1125000, 2250000, 3375000));
5;0.862304687500000;1125000;10;205.79;((0, 4500000), (1125000, 2250000, 3375000));
5;0.862792968750000;1125000;6;201.79;((0, 4500000), (1125000, 2250000, 3375000));
5;0.863037109375000;1125000;4;199.89;((0, 4500000), (1125000, 2250000, 3375000));
5;0.862915039062500;1125000;5;200.66;((0, 4500000), (1125000, 2250000, 3375000));
5;0.862854003906250;1125000;6;202.35;((0, 4500000), (1125000, 2250000, 3375000));
5;0.862884521484375;1125000;6;202.53;((0, 4500000), (1125000, 2250000, 3375000));
5;0.862899780273438;1125000;2;196.08;((0, 4500000), (1125000, 2250000, 3375000));
5;0.862892150878906;1125000;2;196.47;((0, 4500000), (1125000, 2250000, 3375000));
5;0.862888336181641;1125000;4;199.94;((0, 4500000), (1125000, 2250000, 3375000));
5;0.862886428833008;1125000;4;206.82;((0, 4500000), (1125000, 2250000, 3375000));
5;0.862885475158691;1125000;5;201.08;((0, 4500000), (1125000, 2250000, 3375000));
5;0.500000000000000;3375000;11;127.19;((0, 4500000), (1125000, 2250000, 3375000));
5;0.750000000000000;3375000;0;89.27;((0, 4500000), (1125000, 2250000, 3375000));
5;0.625000000000000;3375000;11;154.54;((0, 4500000), (1125000, 2250000, 3375000));
5;0.687500000000000;3375000;0;88.75;((0, 4500000), (1125000, 2250000, 3375000));
5;0.656250000000000;3375000;0;91.36;((0, 4500000), (1125000, 2250000, 3375000));
5;0.640625000000000;3375000;11;158.22;((0, 4500000), (1125000, 2250000, 3375000));
5;0.648437500000000;3375000;11;159.89;((0, 4500000), (1125000, 2250000, 3375000));
5;0.652343750000000;3375000;0;93.00;((0, 4500000), (1125000, 2250000, 3375000));
5;0.650390625000000;3375000;0;92.39;((0, 4500000), (1125000, 2250000, 3375000));
5;0.649414062500000;3375000;0;93.02;((0, 4500000), (1125000, 2250000, 3375000));
5;0.648925781250000;3375000;3;154.42;((0, 4500000), (1125000, 2250000, 3375000));
5;0.648681640625000;3375000;8;157.01;((0, 4500000), (1125000, 2250000, 3375000));
5;0.648803710937500;3375000;7;157.06;((0, 4500000), (1125000, 2250000, 3375000));
5;0.648864746093750;3375000;4;155.72;((0, 4500000), (1125000, 2250000, 3375000));
5;0.648834228515625;3375000;2;152.28;((0, 4500000), (1125000, 2250000, 3375000));
5;0.648818969726562;3375000;7;157.41;((0, 4500000), (1125000, 2250000, 3375000));
5;0.648826599121094;3375000;4;155.95;((0, 4500000), (1125000, 2250000, 3375000));
5;0.648822784423828;3375000;2;151.57;((0, 4500000), (1125000, 2250000, 3375000));
5;0.648820877075195;3375000;8;157.31;((0, 4500000), (1125000, 2250000, 3375000));
5;0.648821830749512;3375000;8;157.48;((0, 4500000), (1125000, 2250000, 3375000));
5;0.500000000000000;562500;11;124.12;((0, 2250000), (562500, 1125000, 1687500));
5;0.750000000000000;562500;11;181.14;((0, 2250000), (562500, 1125000, 1687500));
5;0.875000000000000;562500;11;208.54;((0, 2250000), (562500, 1125000, 1687500));
5;0.937500000000000;562500;0;96.96;((0, 2250000), (562500, 1125000, 1687500));
5;0.906250000000000;562500;11;216.52;((0, 2250000), (562500, 1125000, 1687500));
5;0.921875000000000;562500;10;217.42;((0, 2250000), (562500, 1125000, 1687500));
5;0.929687500000000;562500;0;97.42;((0, 2250000), (562500, 1125000, 1687500));
5;0.925781250000000;562500;0;101.78;((0, 2250000), (562500, 1125000, 1687500));
5;0.923828125000000;562500;0;126.85;((0, 2250000), (562500, 1125000, 1687500));
5;0.922851562500000;562500;1;207.22;((0, 2250000), (562500, 1125000, 1687500));
5;0.922363281250000;562500;8;215.39;((0, 2250000), (562500, 1125000, 1687500));
5;0.922607421875000;562500;7;215.08;((0, 2250000), (562500, 1125000, 1687500));
5;0.922729492187500;562500;6;214.39;((0, 2250000), (562500, 1125000, 1687500));
5;0.922790527343750;562500;6;214.43;((0, 2250000), (562500, 1125000, 1687500));
5;0.922821044921875;562500;3;211.69;((0, 2250000), (562500, 1125000, 1687500));
5;0.922805786132812;562500;4;212.55;((0, 2250000), (562500, 1125000, 1687500));
5;0.922798156738281;562500;5;213.89;((0, 2250000), (562500, 1125000, 1687500));
5;0.922794342041016;562500;4;228.84;((0, 2250000), (562500, 1125000, 1687500));
5;0.922792434692383;562500;5;211.85;((0, 2250000), (562500, 1125000, 1687500));
5;0.922791481018066;562500;3;209.47;((0, 2250000), (562500, 1125000, 1687500));
5;0.500000000000000;1687500;11;124.37;((0, 2250000), (562500, 1125000, 1687500));
5;0.750000000000000;1687500;11;184.99;((0, 2250000), (562500, 1125000, 1687500));
5;0.875000000000000;1687500;0;95.32;((0, 2250000), (562500, 1125000, 1687500));
5;0.812500000000000;1687500;0;96.13;((0, 2250000), (562500, 1125000, 1687500));
5;0.781250000000000;1687500;11;189.47;((0, 2250000), (562500, 1125000, 1687500));
5;0.796875000000000;1687500;11;192.96;((0, 2250000), (562500, 1125000, 1687500));
5;0.804687500000000;1687500;0;100.14;((0, 2250000), (562500, 1125000, 1687500));
5;0.800781250000000;1687500;11;195.30;((0, 2250000), (562500, 1125000, 1687500));
5;0.802734375000000;1687500;0;107.99;((0, 2250000), (562500, 1125000, 1687500));
5;0.801757812500000;1687500;6;189.26;((0, 2250000), (562500, 1125000, 1687500));
5;0.802246093750000;1687500;3;186.66;((0, 2250000), (562500, 1125000, 1687500));
5;0.802001953125000;1687500;7;189.95;((0, 2250000), (562500, 1125000, 1687500));
5;0.802124023437500;1687500;2;185.15;((0, 2250000), (562500, 1125000, 1687500));
5;0.802062988281250;1687500;8;189.92;((0, 2250000), (562500, 1125000, 1687500));
5;0.802093505859375;1687500;5;187.88;((0, 2250000), (562500, 1125000, 1687500));
5;0.802078247070312;1687500;7;189.60;((0, 2250000), (562500, 1125000, 1687500));
5;0.802085876464844;1687500;5;188.03;((0, 2250000), (562500, 1125000, 1687500));
5;0.802082061767578;1687500;9;195.97;((0, 2250000), (562500, 1125000, 1687500));
5;0.802083969116211;1687500;3;186.04;((0, 2250000), (562500, 1125000, 1687500));
5;0.802083015441895;1687500;5;188.34;((0, 2250000), (562500, 1125000, 1687500));
5;0.500000000000000;281250;11;123.74;((0, 1125000), (281250, 562500, 843750));
5;0.750000000000000;281250;11;179.07;((0, 1125000), (281250, 562500, 843750));
5;0.875000000000000;281250;11;208.12;((0, 1125000), (281250, 562500, 843750));
5;0.937500000000000;281250;11;230.53;((0, 1125000), (281250, 562500, 843750));
5;0.968750000000000;281250;0;96.73;((0, 1125000), (281250, 562500, 843750));
5;0.953125000000000;281250;0;107.98;((0, 1125000), (281250, 562500, 843750));
5;0.945312500000000;281250;11;224.01;((0, 1125000), (281250, 562500, 843750));
5;0.949218750000000;281250;11;224.91;((0, 1125000), (281250, 562500, 843750));
5;0.951171875000000;281250;1;211.81;((0, 1125000), (281250, 562500, 843750));
5;0.950195312500000;281250;10;222.36;((0, 1125000), (281250, 562500, 843750));
5;0.950683593750000;281250;9;221.41;((0, 1125000), (281250, 562500, 843750));
5;0.950927734375000;281250;6;220.44;((0, 1125000), (281250, 562500, 843750));
5;0.951049804687500;281250;4;216.11;((0, 1125000), (281250, 562500, 843750));
5;0.950988769531250;281250;5;218.27;((0, 1125000), (281250, 562500, 843750));
5;0.950958251953125;281250;3;215.42;((0, 1125000), (281250, 562500, 843750));
5;0.950942993164062;281250;6;219.14;((0, 1125000), (281250, 562500, 843750));
5;0.950950622558594;281250;5;217.03;((0, 1125000), (281250, 562500, 843750));
5;0.950946807861328;281250;4;216.37;((0, 1125000), (281250, 562500, 843750));
5;0.950944900512695;281250;7;219.72;((0, 1125000), (281250, 562500, 843750));
5;0.950945854187012;281250;3;215.03;((0, 1125000), (281250, 562500, 843750));
5;0.500000000000000;843750;11;124.28;((0, 1125000), (281250, 562500, 843750));
5;0.750000000000000;843750;11;180.48;((0, 1125000), (281250, 562500, 843750));
5;0.875000000000000;843750;11;213.11;((0, 1125000), (281250, 562500, 843750));
5;0.937500000000000;843750;0;97.26;((0, 1125000), (281250, 562500, 843750));
5;0.906250000000000;843750;0;96.96;((0, 1125000), (281250, 562500, 843750));
5;0.890625000000000;843750;11;221.12;((0, 1125000), (281250, 562500, 843750));
5;0.898437500000000;843750;0;98.02;((0, 1125000), (281250, 562500, 843750));
5;0.894531250000000;843750;0;122.10;((0, 1125000), (281250, 562500, 843750));
5;0.892578125000000;843750;7;210.30;((0, 1125000), (281250, 562500, 843750));
5;0.893554687500000;843750;0;132.11;((0, 1125000), (281250, 562500, 843750));
5;0.893066406250000;843750;3;204.79;((0, 1125000), (281250, 562500, 843750));
5;0.892822265625000;843750;7;209.97;((0, 1125000), (281250, 562500, 843750));
5;0.892944335937500;843750;9;212.87;((0, 1125000), (281250, 562500, 843750));
5;0.893005371093750;843750;5;209.32;((0, 1125000), (281250, 562500, 843750));
5;0.892974853515625;843750;5;206.59;((0, 1125000), (281250, 562500, 843750));
5;0.892959594726562;843750;4;209.09;((0, 1125000), (281250, 562500, 843750));
5;0.892951965332031;843750;5;206.66;((0, 1125000), (281250, 562500, 843750));
5;0.892948150634766;843750;5;207.02;((0, 1125000), (281250, 562500, 843750));
5;0.892946243286133;843750;4;205.83;((0, 1125000), (281250, 562500, 843750));
5;0.892945289611816;843750;3;204.76;((0, 1125000), (281250, 562500, 843750));
5;0.500000000000000;140625;11;121.97;((0, 562500), (140625, 281250, 421875));
5;0.750000000000000;140625;11;183.26;((0, 562500), (140625, 281250, 421875));
5;0.875000000000000;140625;11;205.95;((0, 562500), (140625, 281250, 421875));
5;0.937500000000000;140625;11;219.94;((0, 562500), (140625, 281250, 421875));
5;0.968750000000000;140625;0;143.48;((0, 562500), (140625, 281250, 421875));
5;0.953125000000000;140625;11;230.66;((0, 562500), (140625, 281250, 421875));
5;0.960937500000000;140625;11;224.78;((0, 562500), (140625, 281250, 421875));
5;0.964843750000000;140625;11;226.69;((0, 562500), (140625, 281250, 421875));
5;0.966796875000000;140625;11;227.23;((0, 562500), (140625, 281250, 421875));
5;0.967773437500000;140625;4;219.33;((0, 562500), (140625, 281250, 421875));
5;0.967285156250000;140625;8;221.95;((0, 562500), (140625, 281250, 421875));
5;0.967529296875000;140625;5;220.34;((0, 562500), (140625, 281250, 421875));
5;0.967407226562500;140625;4;218.15;((0, 562500), (140625, 281250, 421875));
5;0.967346191406250;140625;7;220.60;((0, 562500), (140625, 281250, 421875));
5;0.967376708984375;140625;3;218.48;((0, 562500), (140625, 281250, 421875));
5;0.967361450195312;140625;6;220.66;((0, 562500), (140625, 281250, 421875));
5;0.967369079589844;140625;6;222.46;((0, 562500), (140625, 281250, 421875));
5;0.967372894287109;140625;6;221.43;((0, 562500), (140625, 281250, 421875));
5;0.967374801635742;140625;6;220.58;((0, 562500), (140625, 281250, 421875));
5;0.967375755310059;140625;7;221.14;((0, 562500), (140625, 281250, 421875));
5;0.500000000000000;421875;11;124.37;((0, 562500), (140625, 281250, 421875));
5;0.750000000000000;421875;11;187.35;((0, 562500), (140625, 281250, 421875));
5;0.875000000000000;421875;11;208.79;((0, 562500), (140625, 281250, 421875));
5;0.937500000000000;421875;11;223.56;((0, 562500), (140625, 281250, 421875));
5;0.968750000000000;421875;0;97.74;((0, 562500), (140625, 281250, 421875));
5;0.953125000000000;421875;0;96.48;((0, 562500), (140625, 281250, 421875));
5;0.945312500000000;421875;0;105.87;((0, 562500), (140625, 281250, 421875));
5;0.941406250000000;421875;9;223.05;((0, 562500), (140625, 281250, 421875));
5;0.943359375000000;421875;0;109.90;((0, 562500), (140625, 281250, 421875));
5;0.942382812500000;421875;0;146.86;((0, 562500), (140625, 281250, 421875));
5;0.941894531250000;421875;3;214.19;((0, 562500), (140625, 281250, 421875));
5;0.941650390625000;421875;6;217.17;((0, 562500), (140625, 281250, 421875));
5;0.941772460937500;421875;4;216.52;((0, 562500), (140625, 281250, 421875));
5;0.941711425781250;421875;2;211.35;((0, 562500), (140625, 281250, 421875));
5;0.941680908203125;421875;6;218.18;((0, 562500), (140625, 281250, 421875));
5;0.941696166992188;421875;2;210.44;((0, 562500), (140625, 281250, 421875));
5;0.941688537597656;421875;6;225.70;((0, 562500), (140625, 281250, 421875));
5;0.941692352294922;421875;3;213.09;((0, 562500), (140625, 281250, 421875));
5;0.941690444946289;421875;3;216.10;((0, 562500), (140625, 281250, 421875));
5;0.941689491271973;421875;2;212.20;((0, 562500), (140625, 281250, 421875));
5;0.500000000000000;70312;11;122.09;((0, 281250), (70312, 140624, 210936));
5;0.750000000000000;70312;11;176.29;((0, 281250), (70312, 140624, 210936));
5;0.875000000000000;70312;11;204.18;((0, 281250), (70312, 140624, 210936));
5;0.937500000000000;70312;11;220.92;((0, 281250), (70312, 140624, 210936));
5;0.968750000000000;70312;0;107.94;((0, 281250), (70312, 140624, 210936));
5;0.953125000000000;70312;11;221.72;((0, 281250), (70312, 140624, 210936));
5;0.960937500000000;70312;11;223.40;((0, 281250), (70312, 140624, 210936));
5;0.964843750000000;70312;6;218.51;((0, 281250), (70312, 140624, 210936));
5;0.966796875000000;70312;0;152.65;((0, 281250), (70312, 140624, 210936));
5;0.965820312500000;70312;2;211.55;((0, 281250), (70312, 140624, 210936));
5;0.965332031250000;70312;2;214.30;((0, 281250), (70312, 140624, 210936));
5;0.965087890625000;70312;7;226.76;((0, 281250), (70312, 140624, 210936));
5;0.965209960937500;70312;4;214.85;((0, 281250), (70312, 140624, 210936));
5;0.965148925781250;70312;1;212.83;((0, 281250), (70312, 140624, 210936));
5;0.965118408203125;70312;2;214.14;((0, 281250), (70312, 140624, 210936));
5;0.965103149414062;70312;7;220.62;((0, 281250), (70312, 140624, 210936));
5;0.965110778808594;70312;6;217.12;((0, 281250), (70312, 140624, 210936));
5;0.965114593505859;70312;5;217.81;((0, 281250), (70312, 140624, 210936));
5;0.965112686157227;70312;5;217.13;((0, 281250), (70312, 140624, 210936));
5;0.965111732482910;70312;7;219.18;((0, 281250), (70312, 140624, 210936));
5;0.500000000000000;140624;11;124.30;((0, 281250), (70312, 140624, 210936));
5;0.750000000000000;140624;11;178.58;((0, 281250), (70312, 140624, 210936));
5;0.875000000000000;140624;11;216.17;((0, 281250), (70312, 140624, 210936));
5;0.937500000000000;140624;11;219.96;((0, 281250), (70312, 140624, 210936));
5;0.968750000000000;140624;0;99.61;((0, 281250), (70312, 140624, 210936));
5;0.953125000000000;140624;11;223.21;((0, 281250), (70312, 140624, 210936));
5;0.960937500000000;140624;9;224.88;((0, 281250), (70312, 140624, 210936));
5;0.964843750000000;140624;0;126.29;((0, 281250), (70312, 140624, 210936));
5;0.962890625000000;140624;5;218.68;((0, 281250), (70312, 140624, 210936));
5;0.961914062500000;140624;9;222.84;((0, 281250), (70312, 140624, 210936));
5;0.962402343750000;140624;6;219.01;((0, 281250), (70312, 140624, 210936));
5;0.962646484375000;140624;6;221.06;((0, 281250), (70312, 140624, 210936));
5;0.962768554687500;140624;4;218.50;((0, 281250), (70312, 140624, 210936));
5;0.962707519531250;140624;5;218.98;((0, 281250), (70312, 140624, 210936));
5;0.962677001953125;140624;4;217.70;((0, 281250), (70312, 140624, 210936));
5;0.962661743164062;140624;4;218.75;((0, 281250), (70312, 140624, 210936));
5;0.962654113769531;140624;4;227.10;((0, 281250), (70312, 140624, 210936));
5;0.962650299072266;140624;7;221.02;((0, 281250), (70312, 140624, 210936));
5;0.962652206420898;140624;5;218.20;((0, 281250), (70312, 140624, 210936));
5;0.962651252746582;140624;4;217.79;((0, 281250), (70312, 140624, 210936));
5;0.500000000000000;210936;11;123.30;((0, 281250), (70312, 140624, 210936));
5;0.750000000000000;210936;11;180.31;((0, 281250), (70312, 140624, 210936));
5;0.875000000000000;210936;11;206.36;((0, 281250), (70312, 140624, 210936));
5;0.937500000000000;210936;11;221.95;((0, 281250), (70312, 140624, 210936));
5;0.968750000000000;210936;0;97.14;((0, 281250), (70312, 140624, 210936));
5;0.953125000000000;210936;11;273.78;((0, 281250), (70312, 140624, 210936));
5;0.960937500000000;210936;10;224.16;((0, 281250), (70312, 140624, 210936));
5;0.964843750000000;210936;0;104.28;((0, 281250), (70312, 140624, 210936));
5;0.962890625000000;210936;1;212.55;((0, 281250), (70312, 140624, 210936));
5;0.961914062500000;210936;5;218.54;((0, 281250), (70312, 140624, 210936));
5;0.961425781250000;210936;8;234.21;((0, 281250), (70312, 140624, 210936));
5;0.961669921875000;210936;7;231.03;((0, 281250), (70312, 140624, 210936));
5;0.961791992187500;210936;8;230.52;((0, 281250), (70312, 140624, 210936));
5;0.961853027343750;210936;7;231.63;((0, 281250), (70312, 140624, 210936));
5;0.961883544921875;210936;5;228.11;((0, 281250), (70312, 140624, 210936));
5;0.961868286132812;210936;6;230.86;((0, 281250), (70312, 140624, 210936));
5;0.961875915527344;210936;4;218.44;((0, 281250), (70312, 140624, 210936));
5;0.961872100830078;210936;3;216.88;((0, 281250), (70312, 140624, 210936));
5;0.961870193481445;210936;7;220.78;((0, 281250), (70312, 140624, 210936));
5;0.961871147155762;210936;7;225.23;((0, 281250), (70312, 140624, 210936));
5;0.500000000000000;35156;11;122.94;((0, 140624), (35156, 70312, 105468));
5;0.750000000000000;35156;11;181.12;((0, 140624), (35156, 70312, 105468));
5;0.875000000000000;35156;11;202.61;((0, 140624), (35156, 70312, 105468));
5;0.937500000000000;35156;11;216.36;((0, 140624), (35156, 70312, 105468));
5;0.968750000000000;35156;0;124.06;((0, 140624), (35156, 70312, 105468));
5;0.953125000000000;35156;11;219.12;((0, 140624), (35156, 70312, 105468));
5;0.960937500000000;35156;11;221.59;((0, 140624), (35156, 70312, 105468));
5;0.964843750000000;35156;11;222.07;((0, 140624), (35156, 70312, 105468));
5;0.966796875000000;35156;5;217.29;((0, 140624), (35156, 70312, 105468));
5;0.965820312500000;35156;6;216.22;((0, 140624), (35156, 70312, 105468));
5;0.966308593750000;35156;6;217.38;((0, 140624), (35156, 70312, 105468));
5;0.966552734375000;35156;4;214.26;((0, 140624), (35156, 70312, 105468));
5;0.966430664062500;35156;6;218.58;((0, 140624), (35156, 70312, 105468));
5;0.966491699218750;35156;4;215.15;((0, 140624), (35156, 70312, 105468));
5;0.966461181640625;35156;6;216.47;((0, 140624), (35156, 70312, 105468));
5;0.966476440429688;35156;3;213.79;((0, 140624), (35156, 70312, 105468));
5;0.966468811035156;35156;5;215.26;((0, 140624), (35156, 70312, 105468));
5;0.966464996337891;35156;5;215.37;((0, 140624), (35156, 70312, 105468));
5;0.966463088989258;35156;6;217.05;((0, 140624), (35156, 70312, 105468));
5;0.966464042663574;35156;7;217.68;((0, 140624), (35156, 70312, 105468));
5;0.500000000000000;105468;11;123.25;((0, 140624), (35156, 70312, 105468));
5;0.750000000000000;105468;11;180.30;((0, 140624), (35156, 70312, 105468));
5;0.875000000000000;105468;11;205.72;((0, 140624), (35156, 70312, 105468));
5;0.937500000000000;105468;11;219.43;((0, 140624), (35156, 70312, 105468));
5;0.968750000000000;105468;5;219.73;((0, 140624), (35156, 70312, 105468));
5;0.953125000000000;105468;11;221.60;((0, 140624), (35156, 70312, 105468));
5;0.960937500000000;105468;11;224.28;((0, 140624), (35156, 70312, 105468));
5;0.964843750000000;105468;11;226.04;((0, 140624), (35156, 70312, 105468));
5;0.966796875000000;105468;11;226.33;((0, 140624), (35156, 70312, 105468));
5;0.967773437500000;105468;10;225.40;((0, 140624), (35156, 70312, 105468));
5;0.968261718750000;105468;9;223.20;((0, 140624), (35156, 70312, 105468));
5;0.968505859375000;105468;8;223.23;((0, 140624), (35156, 70312, 105468));
5;0.968627929687500;105468;10;224.85;((0, 140624), (35156, 70312, 105468));
5;0.968688964843750;105468;7;220.34;((0, 140624), (35156, 70312, 105468));
5;0.968719482421875;105468;9;223.21;((0, 140624), (35156, 70312, 105468));
5;0.968734741210938;105468;9;222.76;((0, 140624), (35156, 70312, 105468));
5;0.968742370605469;105468;10;223.71;((0, 140624), (35156, 70312, 105468));
5;0.968746185302734;105468;9;222.09;((0, 140624), (35156, 70312, 105468));
5;0.968748092651367;105468;8;223.07;((0, 140624), (35156, 70312, 105468));
5;0.968749046325684;105468;10;224.00;((0, 140624), (35156, 70312, 105468));
5;0.500000000000000;87890;11;122.66;((70312, 140624), (87890, 105468, 123046));
5;0.750000000000000;87890;11;177.03;((70312, 140624), (87890, 105468, 123046));
5;0.875000000000000;87890;11;207.67;((70312, 140624), (87890, 105468, 123046));
5;0.937500000000000;87890;11;220.22;((70312, 140624), (87890, 105468, 123046));
5;0.968750000000000;87890;0;121.21;((70312, 140624), (87890, 105468, 123046));
5;0.953125000000000;87890;11;221.96;((70312, 140624), (87890, 105468, 123046));
5;0.960937500000000;87890;11;228.43;((70312, 140624), (87890, 105468, 123046));
5;0.964843750000000;87890;6;220.13;((70312, 140624), (87890, 105468, 123046));
5;0.966796875000000;87890;0;125.43;((70312, 140624), (87890, 105468, 123046));
5;0.965820312500000;87890;1;212.47;((70312, 140624), (87890, 105468, 123046));
5;0.965332031250000;87890;6;218.36;((70312, 140624), (87890, 105468, 123046));
5;0.965576171875000;87890;3;215.16;((70312, 140624), (87890, 105468, 123046));
5;0.965454101562500;87890;4;216.44;((70312, 140624), (87890, 105468, 123046));
5;0.965393066406250;87890;5;217.72;((70312, 140624), (87890, 105468, 123046));
5;0.965362548828125;87890;4;216.20;((70312, 140624), (87890, 105468, 123046));
5;0.965347290039062;87890;4;216.75;((70312, 140624), (87890, 105468, 123046));
5;0.965339660644531;87890;3;216.72;((70312, 140624), (87890, 105468, 123046));
5;0.965335845947266;87890;2;213.41;((70312, 140624), (87890, 105468, 123046));
5;0.965333938598633;87890;3;219.64;((70312, 140624), (87890, 105468, 123046));
5;0.965332984924316;87890;3;214.11;((70312, 140624), (87890, 105468, 123046));
5;0.500000000000000;123046;11;122.82;((70312, 140624), (87890, 105468, 123046));
5;0.750000000000000;123046;11;178.02;((70312, 140624), (87890, 105468, 123046));
5;0.875000000000000;123046;11;204.93;((70312, 140624), (87890, 105468, 123046));
5;0.937500000000000;123046;11;219.76;((70312, 140624), (87890, 105468, 123046));
5;0.968750000000000;123046;4;219.30;((70312, 140624), (87890, 105468, 123046));
5;0.953125000000000;123046;11;223.49;((70312, 140624), (87890, 105468, 123046));
5;0.960937500000000;123046;11;225.48;((70312, 140624), (87890, 105468, 123046));
5;0.964843750000000;123046;11;225.96;((70312, 140624), (87890, 105468, 123046));
5;0.966796875000000;123046;11;226.64;((70312, 140624), (87890, 105468, 123046));
5;0.967773437500000;123046;8;223.70;((70312, 140624), (87890, 105468, 123046));
5;0.968261718750000;123046;7;223.08;((70312, 140624), (87890, 105468, 123046));
5;0.968505859375000;123046;3;225.30;((70312, 140624), (87890, 105468, 123046));
5;0.968383789062500;123046;6;221.38;((70312, 140624), (87890, 105468, 123046));
5;0.968444824218750;123046;7;220.31;((70312, 140624), (87890, 105468, 123046));
5;0.968475341796875;123046;7;222.39;((70312, 140624), (87890, 105468, 123046));
5;0.968490600585938;123046;8;222.86;((70312, 140624), (87890, 105468, 123046));
5;0.968498229980469;123046;3;216.23;((70312, 140624), (87890, 105468, 123046));
5;0.968494415283203;123046;5;218.26;((70312, 140624), (87890, 105468, 123046));
5;0.968492507934570;123046;6;222.17;((70312, 140624), (87890, 105468, 123046));
5;0.968493461608887;123046;6;220.35;((70312, 140624), (87890, 105468, 123046));
5;0.500000000000000;96679;11;147.80;((87890, 123046), (96679, 105468, 114257));
5;0.750000000000000;96679;11;177.65;((87890, 123046), (96679, 105468, 114257));
5;0.875000000000000;96679;11;205.19;((87890, 123046), (96679, 105468, 114257));
5;0.937500000000000;96679;11;218.56;((87890, 123046), (96679, 105468, 114257));
5;0.968750000000000;96679;8;221.67;((87890, 123046), (96679, 105468, 114257));
5;0.984375000000000;96679;0;95.44;((87890, 123046), (96679, 105468, 114257));
5;0.976562500000000;96679;0;96.93;((87890, 123046), (96679, 105468, 114257));
5;0.972656250000000;96679;0;125.23;((87890, 123046), (96679, 105468, 114257));
5;0.970703125000000;96679;2;215.90;((87890, 123046), (96679, 105468, 114257));
5;0.969726562500000;96679;5;226.59;((87890, 123046), (96679, 105468, 114257));
5;0.969238281250000;96679;9;222.58;((87890, 123046), (96679, 105468, 114257));
5;0.969482421875000;96679;4;220.01;((87890, 123046), (96679, 105468, 114257));
5;0.969360351562500;96679;7;219.23;((87890, 123046), (96679, 105468, 114257));
5;0.969421386718750;96679;4;219.42;((87890, 123046), (96679, 105468, 114257));
5;0.969390869140625;96679;3;216.32;((87890, 123046), (96679, 105468, 114257));
5;0.969375610351562;96679;6;222.33;((87890, 123046), (96679, 105468, 114257));
5;0.969383239746094;96679;10;223.18;((87890, 123046), (96679, 105468, 114257));
5;0.969387054443359;96679;4;218.55;((87890, 123046), (96679, 105468, 114257));
5;0.969385147094727;96679;11;225.76;((87890, 123046), (96679, 105468, 114257));
5;0.969386100769043;96679;9;223.22;((87890, 123046), (96679, 105468, 114257));
5;0.500000000000000;114257;11;129.01;((87890, 123046), (96679, 105468, 114257));
5;0.750000000000000;114257;11;178.27;((87890, 123046), (96679, 105468, 114257));
5;0.875000000000000;114257;11;206.31;((87890, 123046), (96679, 105468, 114257));
5;0.937500000000000;114257;11;219.97;((87890, 123046), (96679, 105468, 114257));
5;0.968750000000000;114257;5;218.62;((87890, 123046), (96679, 105468, 114257));
5;0.953125000000000;114257;11;227.55;((87890, 123046), (96679, 105468, 114257));
5;0.960937500000000;114257;11;225.00;((87890, 123046), (96679, 105468, 114257));
5;0.964843750000000;114257;11;225.36;((87890, 123046), (96679, 105468, 114257));
5;0.966796875000000;114257;11;226.68;((87890, 123046), (96679, 105468, 114257));
5;0.967773437500000;114257;9;222.92;((87890, 123046), (96679, 105468, 114257));
5;0.968261718750000;114257;9;222.88;((87890, 123046), (96679, 105468, 114257));
5;0.968505859375000;114257;6;243.86;((87890, 123046), (96679, 105468, 114257));
5;0.968627929687500;114257;10;223.47;((87890, 123046), (96679, 105468, 114257));
5;0.968688964843750;114257;8;223.04;((87890, 123046), (96679, 105468, 114257));
5;0.968719482421875;114257;5;220.38;((87890, 123046), (96679, 105468, 114257));
5;0.968704223632812;114257;7;223.20;((87890, 123046), (96679, 105468, 114257));
5;0.968711853027344;114257;9;224.96;((87890, 123046), (96679, 105468, 114257));
5;0.968715667724609;114257;7;220.83;((87890, 123046), (96679, 105468, 114257));
5;0.968717575073242;114257;4;219.81;((87890, 123046), (96679, 105468, 114257));
5;0.968716621398926;114257;5;219.35;((87890, 123046), (96679, 105468, 114257));
5;0.500000000000000;92284;11;121.88;((87890, 105468), (92284, 96678, 101072));
5;0.750000000000000;92284;11;177.51;((87890, 105468), (92284, 96678, 101072));
5;0.875000000000000;92284;11;206.29;((87890, 105468), (92284, 96678, 101072));
5;0.937500000000000;92284;11;219.36;((87890, 105468), (92284, 96678, 101072));
5;0.968750000000000;92284;0;117.00;((87890, 105468), (92284, 96678, 101072));
5;0.953125000000000;92284;11;222.72;((87890, 105468), (92284, 96678, 101072));
5;0.960937500000000;92284;11;226.73;((87890, 105468), (92284, 96678, 101072));
5;0.964843750000000;92284;6;222.20;((87890, 105468), (92284, 96678, 101072));
5;0.966796875000000;92284;1;209.66;((87890, 105468), (92284, 96678, 101072));
5;0.965820312500000;92284;2;212.74;((87890, 105468), (92284, 96678, 101072));
5;0.965332031250000;92284;5;217.50;((87890, 105468), (92284, 96678, 101072));
5;0.965087890625000;92284;9;222.08;((87890, 105468), (92284, 96678, 101072));
5;0.965209960937500;92284;3;214.62;((87890, 105468), (92284, 96678, 101072));
5;0.965148925781250;92284;3;216.39;((87890, 105468), (92284, 96678, 101072));
5;0.965118408203125;92284;4;217.40;((87890, 105468), (92284, 96678, 101072));
5;0.965103149414062;92284;4;216.88;((87890, 105468), (92284, 96678, 101072));
5;0.965095520019531;92284;4;217.06;((87890, 105468), (92284, 96678, 101072));
5;0.965091705322266;92284;4;216.40;((87890, 105468), (92284, 96678, 101072));
5;0.965089797973633;92284;3;215.76;((87890, 105468), (92284, 96678, 101072));
5;0.965088844299316;92284;6;224.79;((87890, 105468), (92284, 96678, 101072));
5;0.500000000000000;96678;11;123.00;((87890, 105468), (92284, 96678, 101072));
5;0.750000000000000;96678;11;178.14;((87890, 105468), (92284, 96678, 101072));
5;0.875000000000000;96678;11;204.68;((87890, 105468), (92284, 96678, 101072));
5;0.937500000000000;96678;11;219.26;((87890, 105468), (92284, 96678, 101072));
5;0.968750000000000;96678;9;223.25;((87890, 105468), (92284, 96678, 101072));
5;0.984375000000000;96678;0;95.65;((87890, 105468), (92284, 96678, 101072));
5;0.976562500000000;96678;0;101.38;((87890, 105468), (92284, 96678, 101072));
5;0.972656250000000;96678;0;117.18;((87890, 105468), (92284, 96678, 101072));
5;0.970703125000000;96678;3;227.41;((87890, 105468), (92284, 96678, 101072));
5;0.969726562500000;96678;6;220.66;((87890, 105468), (92284, 96678, 101072));
5;0.970214843750000;96678;2;214.99;((87890, 105468), (92284, 96678, 101072));
5;0.969970703125000;96678;3;225.33;((87890, 105468), (92284, 96678, 101072));
5;0.969848632812500;96678;5;219.09;((87890, 105468), (92284, 96678, 101072));
5;0.969787597656250;96678;5;219.93;((87890, 105468), (92284, 96678, 101072));
5;0.969757080078125;96678;5;219.07;((87890, 105468), (92284, 96678, 101072));
5;0.969741821289062;96678;4;221.63;((87890, 105468), (92284, 96678, 101072));
5;0.969734191894531;96678;4;218.14;((87890, 105468), (92284, 96678, 101072));
5;0.969730377197266;96678;6;220.41;((87890, 105468), (92284, 96678, 101072));
5;0.969732284545898;96678;3;218.61;((87890, 105468), (92284, 96678, 101072));
5;0.969731330871582;96678;5;218.89;((87890, 105468), (92284, 96678, 101072));
5;0.500000000000000;101072;11;123.39;((87890, 105468), (92284, 96678, 101072));
5;0.750000000000000;101072;11;176.99;((87890, 105468), (92284, 96678, 101072));
5;0.875000000000000;101072;11;206.31;((87890, 105468), (92284, 96678, 101072));
5;0.937500000000000;101072;11;219.29;((87890, 105468), (92284, 96678, 101072));
5;0.968750000000000;101072;0;114.30;((87890, 105468), (92284, 96678, 101072));
5;0.953125000000000;101072;11;222.67;((87890, 105468), (92284, 96678, 101072));
5;0.960937500000000;101072;11;224.97;((87890, 105468), (92284, 96678, 101072));
5;0.964843750000000;101072;6;219.69;((87890, 105468), (92284, 96678, 101072));
5;0.966796875000000;101072;0;135.45;((87890, 105468), (92284, 96678, 101072));
5;0.965820312500000;101072;2;215.15;((87890, 105468), (92284, 96678, 101072));
5;0.965332031250000;101072;1;213.16;((87890, 105468), (92284, 96678, 101072));
5;0.965087890625000;101072;1;212.79;((87890, 105468), (92284, 96678, 101072));
5;0.964965820312500;101072;4;216.92;((87890, 105468), (92284, 96678, 101072));
5;0.964904785156250;101072;4;217.88;((87890, 105468), (92284, 96678, 101072));
5;0.964874267578125;101072;7;221.97;((87890, 105468), (92284, 96678, 101072));
5;0.964889526367188;101072;6;220.11;((87890, 105468), (92284, 96678, 101072));
5;0.964897155761719;101072;3;215.88;((87890, 105468), (92284, 96678, 101072));
5;0.964893341064453;101072;4;217.67;((87890, 105468), (92284, 96678, 101072));
5;0.964891433715820;101072;4;216.66;((87890, 105468), (92284, 96678, 101072));
5;0.964890480041504;101072;6;218.29;((87890, 105468), (92284, 96678, 101072));
5;0.500000000000000;94481;11;122.53;((92284, 101072), (94481, 96678, 98875));
5;0.750000000000000;94481;11;177.47;((92284, 101072), (94481, 96678, 98875));
5;0.875000000000000;94481;11;204.61;((92284, 101072), (94481, 96678, 98875));
5;0.937500000000000;94481;11;224.83;((92284, 101072), (94481, 96678, 98875));
5;0.968750000000000;94481;8;221.64;((92284, 101072), (94481, 96678, 98875));
5;0.984375000000000;94481;0;95.57;((92284, 101072), (94481, 96678, 98875));
5;0.976562500000000;94481;0;98.74;((92284, 101072), (94481, 96678, 98875));
5;0.972656250000000;94481;0;119.60;((92284, 101072), (94481, 96678, 98875));
5;0.970703125000000;94481;2;214.01;((92284, 101072), (94481, 96678, 98875));
5;0.969726562500000;94481;7;221.43;((92284, 101072), (94481, 96678, 98875));
5;0.970214843750000;94481;4;218.42;((92284, 101072), (94481, 96678, 98875));
5;0.969970703125000;94481;6;220.31;((92284, 101072), (94481, 96678, 98875));
5;0.970092773437500;94481;7;220.45;((92284, 101072), (94481, 96678, 98875));
5;0.970153808593750;94481;1;211.82;((92284, 101072), (94481, 96678, 98875));
5;0.970123291015625;94481;4;219.02;((92284, 101072), (94481, 96678, 98875));
5;0.970108032226562;94481;1;212.75;((92284, 101072), (94481, 96678, 98875));
5;0.970100402832031;94481;4;220.67;((92284, 101072), (94481, 96678, 98875));
5;0.970096588134766;94481;2;214.47;((92284, 101072), (94481, 96678, 98875));
5;0.970094680786133;94481;4;218.13;((92284, 101072), (94481, 96678, 98875));
5;0.970093727111816;94481;3;226.63;((92284, 101072), (94481, 96678, 98875));
5;0.500000000000000;98875;11;123.81;((92284, 101072), (94481, 96678, 98875));
5;0.750000000000000;98875;11;183.69;((92284, 101072), (94481, 96678, 98875));
5;0.875000000000000;98875;11;205.04;((92284, 101072), (94481, 96678, 98875));
5;0.937500000000000;98875;11;219.71;((92284, 101072), (94481, 96678, 98875));
5;0.968750000000000;98875;10;224.96;((92284, 101072), (94481, 96678, 98875));
5;0.984375000000000;98875;0;95.71;((92284, 101072), (94481, 96678, 98875));
5;0.976562500000000;98875;0;98.89;((92284, 101072), (94481, 96678, 98875));
5;0.972656250000000;98875;0;110.58;((92284, 101072), (94481, 96678, 98875));
5;0.970703125000000;98875;1;214.12;((92284, 101072), (94481, 96678, 98875));
5;0.969726562500000;98875;6;221.51;((92284, 101072), (94481, 96678, 98875));
5;0.970214843750000;98875;1;211.84;((92284, 101072), (94481, 96678, 98875));
5;0.969970703125000;98875;9;227.41;((92284, 101072), (94481, 96678, 98875));
5;0.970092773437500;98875;5;219.88;((92284, 101072), (94481, 96678, 98875));
5;0.970031738281250;98875;0;144.71;((92284, 101072), (94481, 96678, 98875));
5;0.970001220703125;98875;5;218.89;((92284, 101072), (94481, 96678, 98875));
5;0.969985961914062;98875;5;219.71;((92284, 101072), (94481, 96678, 98875));
5;0.969978332519531;98875;4;220.43;((92284, 101072), (94481, 96678, 98875));
5;0.969974517822266;98875;4;218.87;((92284, 101072), (94481, 96678, 98875));
5;0.969972610473633;98875;5;218.46;((92284, 101072), (94481, 96678, 98875));
5;0.969971656799316;98875;3;217.15;((92284, 101072), (94481, 96678, 98875));
5;0.500000000000000;93382;11;122.39;((92284, 96678), (93382, 94480, 95578));
5;0.750000000000000;93382;11;179.25;((92284, 96678), (93382, 94480, 95578));
5;0.875000000000000;93382;11;205.50;((92284, 96678), (93382, 94480, 95578));
5;0.937500000000000;93382;11;218.88;((92284, 96678), (93382, 94480, 95578));
5;0.968750000000000;93382;0;118.57;((92284, 96678), (93382, 94480, 95578));
5;0.953125000000000;93382;11;222.97;((92284, 96678), (93382, 94480, 95578));
5;0.960937500000000;93382;11;227.40;((92284, 96678), (93382, 94480, 95578));
5;0.964843750000000;93382;4;219.71;((92284, 96678), (93382, 94480, 95578));
5;0.962890625000000;93382;11;226.69;((92284, 96678), (93382, 94480, 95578));
5;0.963867187500000;93382;9;222.90;((92284, 96678), (93382, 94480, 95578));
5;0.964355468750000;93382;9;222.26;((92284, 96678), (93382, 94480, 95578));
5;0.964599609375000;93382;6;219.85;((92284, 96678), (93382, 94480, 95578));
5;0.964721679687500;93382;4;216.15;((92284, 96678), (93382, 94480, 95578));
5;0.964660644531250;93382;4;216.96;((92284, 96678), (93382, 94480, 95578));
5;0.964630126953125;93382;7;222.16;((92284, 96678), (93382, 94480, 95578));
5;0.964645385742188;93382;6;219.49;((92284, 96678), (93382, 94480, 95578));
5;0.964653015136719;93382;7;219.95;((92284, 96678), (93382, 94480, 95578));
5;0.964656829833984;93382;5;218.39;((92284, 96678), (93382, 94480, 95578));
5;0.964654922485352;93382;7;220.93;((92284, 96678), (93382, 94480, 95578));
5;0.964655876159668;93382;6;225.83;((92284, 96678), (93382, 94480, 95578));
5;0.500000000000000;94480;11;122.98;((92284, 96678), (93382, 94480, 95578));
5;0.750000000000000;94480;11;177.47;((92284, 96678), (93382, 94480, 95578));
5;0.875000000000000;94480;11;206.78;((92284, 96678), (93382, 94480, 95578));
5;0.937500000000000;94480;11;219.76;((92284, 96678), (93382, 94480, 95578));
5;0.968750000000000;94480;0;105.16;((92284, 96678), (93382, 94480, 95578));
5;0.953125000000000;94480;11;222.72;((92284, 96678), (93382, 94480, 95578));
5;0.960937500000000;94480;11;224.16;((92284, 96678), (93382, 94480, 95578));
5;0.964843750000000;94480;4;218.41;((92284, 96678), (93382, 94480, 95578));
5;0.962890625000000;94480;11;224.09;((92284, 96678), (93382, 94480, 95578));
5;0.963867187500000;94480;8;221.12;((92284, 96678), (93382, 94480, 95578));
5;0.964355468750000;94480;5;217.33;((92284, 96678), (93382, 94480, 95578));
5;0.964111328125000;94480;7;223.46;((92284, 96678), (93382, 94480, 95578));
5;0.964233398437500;94480;7;220.92;((92284, 96678), (93382, 94480, 95578));
5;0.964294433593750;94480;7;220.21;((92284, 96678), (93382, 94480, 95578));
5;0.964324951171875;94480;7;219.55;((92284, 96678), (93382, 94480, 95578));
5;0.964340209960938;94480;8;222.01;((92284, 96678), (93382, 94480, 95578));
5;0.964347839355469;94480;6;220.51;((92284, 96678), (93382, 94480, 95578));
5;0.964351654052734;94480;7;219.71;((92284, 96678), (93382, 94480, 95578));
5;0.964353561401367;94480;7;220.49;((92284, 96678), (93382, 94480, 95578));
5;0.964354515075684;94480;6;219.51;((92284, 96678), (93382, 94480, 95578));
5;0.500000000000000;95578;11;123.00;((92284, 96678), (93382, 94480, 95578));
5;0.750000000000000;95578;11;178.09;((92284, 96678), (93382, 94480, 95578));
5;0.875000000000000;95578;11;215.65;((92284, 96678), (93382, 94480, 95578));
5;0.937500000000000;95578;11;219.51;((92284, 96678), (93382, 94480, 95578));
5;0.968750000000000;95578;8;223.70;((92284, 96678), (93382, 94480, 95578));
5;0.984375000000000;95578;0;95.96;((92284, 96678), (93382, 94480, 95578));
5;0.976562500000000;95578;0;97.65;((92284, 96678), (93382, 94480, 95578));
5;0.972656250000000;95578;0;125.53;((92284, 96678), (93382, 94480, 95578));
5;0.970703125000000;95578;1;212.74;((92284, 96678), (93382, 94480, 95578));
5;0.969726562500000;95578;7;227.66;((92284, 96678), (93382, 94480, 95578));
5;0.970214843750000;95578;1;213.26;((92284, 96678), (93382, 94480, 95578));
5;0.969970703125000;95578;5;221.34;((92284, 96678), (93382, 94480, 95578));
5;0.969848632812500;95578;1;214.15;((92284, 96678), (93382, 94480, 95578));
5;0.969787597656250;95578;6;220.23;((92284, 96678), (93382, 94480, 95578));
5;0.969818115234375;95578;8;223.05;((92284, 96678), (93382, 94480, 95578));
5;0.969833374023438;95578;3;217.17;((92284, 96678), (93382, 94480, 95578));
5;0.969825744628906;95578;5;220.14;((92284, 96678), (93382, 94480, 95578));
5;0.969821929931641;95578;6;220.44;((92284, 96678), (93382, 94480, 95578));
5;0.969823837280273;95578;5;219.37;((92284, 96678), (93382, 94480, 95578));
5;0.969822883605957;95578;5;219.46;((92284, 96678), (93382, 94480, 95578));
5;0.500000000000000;95029;11;122.41;((94480, 96678), (95029, 95578, 96127));
5;0.750000000000000;95029;11;178.12;((94480, 96678), (95029, 95578, 96127));
5;0.875000000000000;95029;11;205.93;((94480, 96678), (95029, 95578, 96127));
5;0.937500000000000;95029;11;219.67;((94480, 96678), (95029, 95578, 96127));
5;0.968750000000000;95029;9;221.17;((94480, 96678), (95029, 95578, 96127));
5;0.984375000000000;95029;0;95.81;((94480, 96678), (95029, 95578, 96127));
5;0.976562500000000;95029;0;97.33;((94480, 96678), (95029, 95578, 96127));
5;0.972656250000000;95029;0;111.08;((94480, 96678), (95029, 95578, 96127));
5;0.970703125000000;95029;3;214.27;((94480, 96678), (95029, 95578, 96127));
5;0.969726562500000;95029;6;219.60;((94480, 96678), (95029, 95578, 96127));
5;0.970214843750000;95029;4;217.75;((94480, 96678), (95029, 95578, 96127));
5;0.969970703125000;95029;3;216.97;((94480, 96678), (95029, 95578, 96127));
5;0.969848632812500;95029;4;219.19;((94480, 96678), (95029, 95578, 96127));
5;0.969787597656250;95029;5;219.14;((94480, 96678), (95029, 95578, 96127));
5;0.969757080078125;95029;4;218.64;((94480, 96678), (95029, 95578, 96127));
5;0.969741821289062;95029;6;220.14;((94480, 96678), (95029, 95578, 96127));
5;0.969749450683594;95029;5;220.81;((94480, 96678), (95029, 95578, 96127));
5;0.969745635986328;95029;7;224.03;((94480, 96678), (95029, 95578, 96127));
5;0.969747543334961;95029;4;219.22;((94480, 96678), (95029, 95578, 96127));
5;0.969746589660645;95029;3;215.30;((94480, 96678), (95029, 95578, 96127));
5;0.500000000000000;96127;11;122.54;((94480, 96678), (95029, 95578, 96127));
5;0.750000000000000;96127;11;179.63;((94480, 96678), (95029, 95578, 96127));
5;0.875000000000000;96127;11;206.32;((94480, 96678), (95029, 95578, 96127));
5;0.937500000000000;96127;11;262.48;((94480, 96678), (95029, 95578, 96127));
5;0.968750000000000;96127;11;226.50;((94480, 96678), (95029, 95578, 96127));
5;0.984375000000000;96127;0;95.69;((94480, 96678), (95029, 95578, 96127));
5;0.976562500000000;96127;0;97.90;((94480, 96678), (95029, 95578, 96127));
5;0.972656250000000;96127;0;106.36;((94480, 96678), (95029, 95578, 96127));
5;0.970703125000000;96127;2;213.60;((94480, 96678), (95029, 95578, 96127));
5;0.969726562500000;96127;4;217.84;((94480, 96678), (95029, 95578, 96127));
5;0.969238281250000;96127;5;220.45;((94480, 96678), (95029, 95578, 96127));
5;0.968994140625000;96127;8;222.56;((94480, 96678), (95029, 95578, 96127));
5;0.969116210937500;96127;8;223.52;((94480, 96678), (95029, 95578, 96127));
5;0.969177246093750;96127;9;223.01;((94480, 96678), (95029, 95578, 96127));
5;0.969207763671875;96127;7;221.24;((94480, 96678), (95029, 95578, 96127));
5;0.969223022460938;96127;9;223.88;((94480, 96678), (95029, 95578, 96127));
5;0.969230651855469;96127;7;221.86;((94480, 96678), (95029, 95578, 96127));
5;0.969234466552734;96127;7;221.01;((94480, 96678), (95029, 95578, 96127));
5;0.969236373901367;96127;5;218.92;((94480, 96678), (95029, 95578, 96127));
5;0.969235420227051;96127;6;219.51;((94480, 96678), (95029, 95578, 96127));
5;0.500000000000000;95303;11;123.25;((95029, 96127), (95303, 95577, 95851));
5;0.750000000000000;95303;11;178.09;((95029, 96127), (95303, 95577, 95851));
5;0.875000000000000;95303;11;205.23;((95029, 96127), (95303, 95577, 95851));
5;0.937500000000000;95303;11;225.50;((95029, 96127), (95303, 95577, 95851));
5;0.968750000000000;95303;9;223.80;((95029, 96127), (95303, 95577, 95851));
5;0.984375000000000;95303;0;95.46;((95029, 96127), (95303, 95577, 95851));
5;0.976562500000000;95303;0;99.06;((95029, 96127), (95303, 95577, 95851));
5;0.972656250000000;95303;0;128.87;((95029, 96127), (95303, 95577, 95851));
5;0.970703125000000;95303;0;152.74;((95029, 96127), (95303, 95577, 95851));
5;0.969726562500000;95303;6;220.70;((95029, 96127), (95303, 95577, 95851));
5;0.970214843750000;95303;2;213.73;((95029, 96127), (95303, 95577, 95851));
5;0.969970703125000;95303;3;216.15;((95029, 96127), (95303, 95577, 95851));
5;0.969848632812500;95303;3;215.95;((95029, 96127), (95303, 95577, 95851));
5;0.969787597656250;95303;4;227.56;((95029, 96127), (95303, 95577, 95851));
5;0.969757080078125;95303;7;220.57;((95029, 96127), (95303, 95577, 95851));
5;0.969772338867188;95303;5;218.23;((95029, 96127), (95303, 95577, 95851));
5;0.969764709472656;95303;4;218.04;((95029, 96127), (95303, 95577, 95851));
5;0.969760894775391;95303;6;220.29;((95029, 96127), (95303, 95577, 95851));
5;0.969762802124023;95303;5;220.84;((95029, 96127), (95303, 95577, 95851));
5;0.969761848449707;95303;6;219.64;((95029, 96127), (95303, 95577, 95851));
5;0.500000000000000;95577;11;123.52;((95029, 96127), (95303, 95577, 95851));
5;0.750000000000000;95577;11;177.19;((95029, 96127), (95303, 95577, 95851));
5;0.875000000000000;95577;11;212.23;((95029, 96127), (95303, 95577, 95851));
5;0.937500000000000;95577;11;219.08;((95029, 96127), (95303, 95577, 95851));
5;0.968750000000000;95577;10;225.61;((95029, 96127), (95303, 95577, 95851));
5;0.984375000000000;95577;0;95.71;((95029, 96127), (95303, 95577, 95851));
5;0.976562500000000;95577;0;97.50;((95029, 96127), (95303, 95577, 95851));
5;0.972656250000000;95577;0;120.87;((95029, 96127), (95303, 95577, 95851));
5;0.970703125000000;95577;0;153.97;((95029, 96127), (95303, 95577, 95851));
5;0.969726562500000;95577;6;220.93;((95029, 96127), (95303, 95577, 95851));
5;0.970214843750000;95577;2;214.89;((95029, 96127), (95303, 95577, 95851));
5;0.969970703125000;95577;5;218.19;((95029, 96127), (95303, 95577, 95851));
5;0.969848632812500;95577;5;218.25;((95029, 96127), (95303, 95577, 95851));
5;0.969787597656250;95577;7;220.88;((95029, 96127), (95303, 95577, 95851));
5;0.969818115234375;95577;6;219.53;((95029, 96127), (95303, 95577, 95851));
5;0.969833374023438;95577;7;220.25;((95029, 96127), (95303, 95577, 95851));
5;0.969841003417969;95577;4;218.78;((95029, 96127), (95303, 95577, 95851));
5;0.969837188720703;95577;3;216.92;((95029, 96127), (95303, 95577, 95851));
5;0.969835281372070;95577;3;216.27;((95029, 96127), (95303, 95577, 95851));
5;0.969834327697754;95577;6;219.84;((95029, 96127), (95303, 95577, 95851));
5;0.500000000000000;95851;11;122.90;((95029, 96127), (95303, 95577, 95851));
5;0.750000000000000;95851;11;183.33;((95029, 96127), (95303, 95577, 95851));
5;0.875000000000000;95851;11;204.45;((95029, 96127), (95303, 95577, 95851));
5;0.937500000000000;95851;11;221.87;((95029, 96127), (95303, 95577, 95851));
5;0.968750000000000;95851;11;226.79;((95029, 96127), (95303, 95577, 95851));
5;0.984375000000000;95851;0;96.13;((95029, 96127), (95303, 95577, 95851));
5;0.976562500000000;95851;0;97.48;((95029, 96127), (95303, 95577, 95851));
5;0.972656250000000;95851;0;135.86;((95029, 96127), (95303, 95577, 95851));
5;0.970703125000000;95851;2;215.30;((95029, 96127), (95303, 95577, 95851));
5;0.969726562500000;95851;6;220.63;((95029, 96127), (95303, 95577, 95851));
5;0.970214843750000;95851;2;214.41;((95029, 96127), (95303, 95577, 95851));
5;0.969970703125000;95851;5;219.76;((95029, 96127), (95303, 95577, 95851));
5;0.969848632812500;95851;2;215.58;((95029, 96127), (95303, 95577, 95851));
5;0.969787597656250;95851;5;220.78;((95029, 96127), (95303, 95577, 95851));
5;0.969757080078125;95851;4;217.55;((95029, 96127), (95303, 95577, 95851));
5;0.969741821289062;95851;6;220.05;((95029, 96127), (95303, 95577, 95851));
5;0.969749450683594;95851;5;219.51;((95029, 96127), (95303, 95577, 95851));
5;0.969745635986328;95851;7;220.02;((95029, 96127), (95303, 95577, 95851));
5;0.969747543334961;95851;6;219.47;((95029, 96127), (95303, 95577, 95851));
5;0.969748497009277;95851;6;219.65;((95029, 96127), (95303, 95577, 95851));
5;0.500000000000000;95440;11;129.51;((95303, 95851), (95440, 95577, 95714));
5;0.750000000000000;95440;11;177.75;((95303, 95851), (95440, 95577, 95714));
5;0.875000000000000;95440;11;205.77;((95303, 95851), (95440, 95577, 95714));
5;0.937500000000000;95440;11;218.84;((95303, 95851), (95440, 95577, 95714));
5;0.968750000000000;95440;0;128.25;((95303, 95851), (95440, 95577, 95714));
5;0.953125000000000;95440;11;222.90;((95303, 95851), (95440, 95577, 95714));
5;0.960937500000000;95440;11;223.98;((95303, 95851), (95440, 95577, 95714));
5;0.964843750000000;95440;4;216.78;((95303, 95851), (95440, 95577, 95714));
5;0.962890625000000;95440;10;222.17;((95303, 95851), (95440, 95577, 95714));
5;0.963867187500000;95440;7;219.19;((95303, 95851), (95440, 95577, 95714));
5;0.964355468750000;95440;11;226.10;((95303, 95851), (95440, 95577, 95714));
5;0.964599609375000;95440;4;218.23;((95303, 95851), (95440, 95577, 95714));
5;0.964477539062500;95440;5;222.28;((95303, 95851), (95440, 95577, 95714));
5;0.964416503906250;95440;7;219.50;((95303, 95851), (95440, 95577, 95714));
5;0.964447021484375;95440;3;216.66;((95303, 95851), (95440, 95577, 95714));
5;0.964431762695312;95440;4;216.82;((95303, 95851), (95440, 95577, 95714));
5;0.964424133300781;95440;6;222.71;((95303, 95851), (95440, 95577, 95714));
5;0.964427947998047;95440;6;219.67;((95303, 95851), (95440, 95577, 95714));
5;0.964429855346680;95440;6;218.87;((95303, 95851), (95440, 95577, 95714));
5;0.964430809020996;95440;5;219.24;((95303, 95851), (95440, 95577, 95714));
5;0.500000000000000;95714;11;122.45;((95303, 95851), (95440, 95577, 95714));
5;0.750000000000000;95714;11;180.42;((95303, 95851), (95440, 95577, 95714));
5;0.875000000000000;95714;11;205.15;((95303, 95851), (95440, 95577, 95714));
5;0.937500000000000;95714;11;218.72;((95303, 95851), (95440, 95577, 95714));
5;0.968750000000000;95714;0;115.33;((95303, 95851), (95440, 95577, 95714));
5;0.953125000000000;95714;11;223.71;((95303, 95851), (95440, 95577, 95714));
5;0.960937500000000;95714;11;225.92;((95303, 95851), (95440, 95577, 95714));
5;0.964843750000000;95714;6;220.97;((95303, 95851), (95440, 95577, 95714));
5;0.966796875000000;95714;0;150.73;((95303, 95851), (95440, 95577, 95714));
5;0.965820312500000;95714;1;210.65;((95303, 95851), (95440, 95577, 95714));
5;0.965332031250000;95714;4;233.44;((95303, 95851), (95440, 95577, 95714));
5;0.965087890625000;95714;6;219.23;((95303, 95851), (95440, 95577, 95714));
5;0.965209960937500;95714;3;214.72;((95303, 95851), (95440, 95577, 95714));
5;0.965148925781250;95714;7;219.67;((95303, 95851), (95440, 95577, 95714));
5;0.965179443359375;95714;5;220.64;((95303, 95851), (95440, 95577, 95714));
5;0.965164184570312;95714;4;216.59;((95303, 95851), (95440, 95577, 95714));
5;0.965156555175781;95714;6;218.48;((95303, 95851), (95440, 95577, 95714));
5;0.965160369873047;95714;2;214.47;((95303, 95851), (95440, 95577, 95714));
5;0.965158462524414;95714;4;227.99;((95303, 95851), (95440, 95577, 95714));
5;0.965157508850098;95714;1;211.98;((95303, 95851), (95440, 95577, 95714));
5;0.500000000000000;95508;11;121.95;((95440, 95714), (95508, 95576, 95644));
5;0.750000000000000;95508;11;179.06;((95440, 95714), (95508, 95576, 95644));
5;0.875000000000000;95508;11;205.59;((95440, 95714), (95508, 95576, 95644));
5;0.937500000000000;95508;11;220.44;((95440, 95714), (95508, 95576, 95644));
5;0.968750000000000;95508;6;220.85;((95440, 95714), (95508, 95576, 95644));
5;0.984375000000000;95508;0;95.38;((95440, 95714), (95508, 95576, 95644));
5;0.976562500000000;95508;0;98.70;((95440, 95714), (95508, 95576, 95644));
5;0.972656250000000;95508;0;111.00;((95440, 95714), (95508, 95576, 95644));
5;0.970703125000000;95508;2;214.82;((95440, 95714), (95508, 95576, 95644));
5;0.969726562500000;95508;3;216.99;((95440, 95714), (95508, 95576, 95644));
5;0.969238281250000;95508;8;221.90;((95440, 95714), (95508, 95576, 95644));
5;0.969482421875000;95508;8;224.16;((95440, 95714), (95508, 95576, 95644));
5;0.969604492187500;95508;8;229.06;((95440, 95714), (95508, 95576, 95644));
5;0.969665527343750;95508;9;224.00;((95440, 95714), (95508, 95576, 95644));
5;0.969696044921875;95508;7;219.96;((95440, 95714), (95508, 95576, 95644));
5;0.969711303710938;95508;7;221.08;((95440, 95714), (95508, 95576, 95644));
5;0.969718933105469;95508;3;218.82;((95440, 95714), (95508, 95576, 95644));
5;0.969715118408203;95508;6;220.63;((95440, 95714), (95508, 95576, 95644));
5;0.969717025756836;95508;4;217.55;((95440, 95714), (95508, 95576, 95644));
5;0.969716072082520;95508;4;217.58;((95440, 95714), (95508, 95576, 95644));
5;0.500000000000000;95576;11;122.14;((95440, 95714), (95508, 95576, 95644));
5;0.750000000000000;95576;11;177.40;((95440, 95714), (95508, 95576, 95644));
5;0.875000000000000;95576;11;205.34;((95440, 95714), (95508, 95576, 95644));
5;0.937500000000000;95576;11;219.84;((95440, 95714), (95508, 95576, 95644));
5;0.968750000000000;95576;11;226.91;((95440, 95714), (95508, 95576, 95644));
5;0.984375000000000;95576;0;95.74;((95440, 95714), (95508, 95576, 95644));
5;0.976562500000000;95576;0;101.08;((95440, 95714), (95508, 95576, 95644));
5;0.972656250000000;95576;0;118.50;((95440, 95714), (95508, 95576, 95644));
5;0.970703125000000;95576;1;214.67;((95440, 95714), (95508, 95576, 95644));
5;0.969726562500000;95576;4;218.29;((95440, 95714), (95508, 95576, 95644));
5;0.969238281250000;95576;7;220.83;((95440, 95714), (95508, 95576, 95644));
5;0.969482421875000;95576;7;220.99;((95440, 95714), (95508, 95576, 95644));
5;0.969604492187500;95576;6;221.58;((95440, 95714), (95508, 95576, 95644));
5;0.969665527343750;95576;4;218.34;((95440, 95714), (95508, 95576, 95644));
5;0.969635009765625;95576;7;223.99;((95440, 95714), (95508, 95576, 95644));
5;0.969650268554688;95576;7;221.36;((95440, 95714), (95508, 95576, 95644));
5;0.969657897949219;95576;3;218.27;((95440, 95714), (95508, 95576, 95644));
5;0.969654083251953;95576;6;221.43;((95440, 95714), (95508, 95576, 95644));
5;0.969655990600586;95576;7;222.72;((95440, 95714), (95508, 95576, 95644));
5;0.969656944274902;95576;8;221.46;((95440, 95714), (95508, 95576, 95644));
5;0.500000000000000;95644;11;123.06;((95440, 95714), (95508, 95576, 95644));
5;0.750000000000000;95644;11;177.52;((95440, 95714), (95508, 95576, 95644));
5;0.875000000000000;95644;11;205.21;((95440, 95714), (95508, 95576, 95644));
5;0.937500000000000;95644;11;220.50;((95440, 95714), (95508, 95576, 95644));
5;0.968750000000000;95644;0;105.85;((95440, 95714), (95508, 95576, 95644));
5;0.953125000000000;95644;11;222.33;((95440, 95714), (95508, 95576, 95644));
5;0.960937500000000;95644;11;225.02;((95440, 95714), (95508, 95576, 95644));
5;0.964843750000000;95644;5;216.86;((95440, 95714), (95508, 95576, 95644));
5;0.962890625000000;95644;11;224.86;((95440, 95714), (95508, 95576, 95644));
5;0.963867187500000;95644;7;220.27;((95440, 95714), (95508, 95576, 95644));
5;0.964355468750000;95644;4;217.56;((95440, 95714), (95508, 95576, 95644));
5;0.964111328125000;95644;9;222.65;((95440, 95714), (95508, 95576, 95644));
5;0.964233398437500;95644;6;218.65;((95440, 95714), (95508, 95576, 95644));
5;0.964294433593750;95644;5;217.72;((95440, 95714), (95508, 95576, 95644));
5;0.964263916015625;95644;3;214.50;((95440, 95714), (95508, 95576, 95644));
5;0.964248657226562;95644;9;221.68;((95440, 95714), (95508, 95576, 95644));
5;0.964256286621094;95644;6;219.37;((95440, 95714), (95508, 95576, 95644));
5;0.964260101318359;95644;7;219.79;((95440, 95714), (95508, 95576, 95644));
5;0.964262008666992;95644;8;221.17;((95440, 95714), (95508, 95576, 95644));
5;0.964262962341309;95644;7;221.02;((95440, 95714), (95508, 95576, 95644));
5;0.500000000000000;95474;11;124.45;((95440, 95576), (95474, 95508, 95542));
5;0.750000000000000;95474;11;177.72;((95440, 95576), (95474, 95508, 95542));
5;0.875000000000000;95474;11;254.06;((95440, 95576), (95474, 95508, 95542));
5;0.937500000000000;95474;11;219.96;((95440, 95576), (95474, 95508, 95542));
5;0.968750000000000;95474;0;109.75;((95440, 95576), (95474, 95508, 95542));
5;0.953125000000000;95474;11;233.39;((95440, 95576), (95474, 95508, 95542));
5;0.960937500000000;95474;11;225.02;((95440, 95576), (95474, 95508, 95542));
5;0.964843750000000;95474;6;221.90;((95440, 95576), (95474, 95508, 95542));
5;0.966796875000000;95474;0;122.73;((95440, 95576), (95474, 95508, 95542));
5;0.965820312500000;95474;0;155.08;((95440, 95576), (95474, 95508, 95542));
5;0.965332031250000;95474;1;212.19;((95440, 95576), (95474, 95508, 95542));
5;0.965087890625000;95474;2;213.57;((95440, 95576), (95474, 95508, 95542));
5;0.964965820312500;95474;5;219.48;((95440, 95576), (95474, 95508, 95542));
5;0.964904785156250;95474;5;217.60;((95440, 95576), (95474, 95508, 95542));
5;0.964874267578125;95474;6;219.63;((95440, 95576), (95474, 95508, 95542));
5;0.964889526367188;95474;6;218.86;((95440, 95576), (95474, 95508, 95542));
5;0.964897155761719;95474;10;223.71;((95440, 95576), (95474, 95508, 95542));
5;0.964900970458984;95474;4;217.66;((95440, 95576), (95474, 95508, 95542));
5;0.964899063110352;95474;5;218.26;((95440, 95576), (95474, 95508, 95542));
5;0.964898109436035;95474;5;217.67;((95440, 95576), (95474, 95508, 95542));
5;0.500000000000000;95542;11;122.75;((95440, 95576), (95474, 95508, 95542));
5;0.750000000000000;95542;11;177.42;((95440, 95576), (95474, 95508, 95542));
5;0.875000000000000;95542;11;206.81;((95440, 95576), (95474, 95508, 95542));
5;0.937500000000000;95542;11;222.35;((95440, 95576), (95474, 95508, 95542));
5;0.968750000000000;95542;0;110.28;((95440, 95576), (95474, 95508, 95542));
5;0.953125000000000;95542;11;224.00;((95440, 95576), (95474, 95508, 95542));
5;0.960937500000000;95542;11;224.56;((95440, 95576), (95474, 95508, 95542));
5;0.964843750000000;95542;7;220.09;((95440, 95576), (95474, 95508, 95542));
5;0.966796875000000;95542;1;209.83;((95440, 95576), (95474, 95508, 95542));
5;0.965820312500000;95542;3;214.70;((95440, 95576), (95474, 95508, 95542));
5;0.965332031250000;95542;4;217.31;((95440, 95576), (95474, 95508, 95542));
5;0.965087890625000;95542;3;228.08;((95440, 95576), (95474, 95508, 95542));
5;0.964965820312500;95542;3;214.38;((95440, 95576), (95474, 95508, 95542));
5;0.964904785156250;95542;6;218.32;((95440, 95576), (95474, 95508, 95542));
5;0.964935302734375;95542;3;216.65;((95440, 95576), (95474, 95508, 95542));
5;0.964920043945312;95542;5;218.83;((95440, 95576), (95474, 95508, 95542));
5;0.964912414550781;95542;5;216.69;((95440, 95576), (95474, 95508, 95542));
5;0.964908599853516;95542;5;216.97;((95440, 95576), (95474, 95508, 95542));
5;0.964906692504883;95542;3;216.72;((95440, 95576), (95474, 95508, 95542));
5;0.964905738830566;95542;4;216.48;((95440, 95576), (95474, 95508, 95542));
5;0.500000000000000;95491;11;122.80;((95474, 95542), (95491, 95508, 95525));
5;0.750000000000000;95491;11;177.99;((95474, 95542), (95491, 95508, 95525));
5;0.875000000000000;95491;11;206.32;((95474, 95542), (95491, 95508, 95525));
5;0.937500000000000;95491;11;221.49;((95474, 95542), (95491, 95508, 95525));
5;0.968750000000000;95491;11;230.74;((95474, 95542), (95491, 95508, 95525));
5;0.984375000000000;95491;0;95.40;((95474, 95542), (95491, 95508, 95525));
5;0.976562500000000;95491;0;98.06;((95474, 95542), (95491, 95508, 95525));
5;0.972656250000000;95491;0;135.95;((95474, 95542), (95491, 95508, 95525));
5;0.970703125000000;95491;1;213.07;((95474, 95542), (95491, 95508, 95525));
5;0.969726562500000;95491;6;219.77;((95474, 95542), (95491, 95508, 95525));
5;0.970214843750000;95491;4;218.83;((95474, 95542), (95491, 95508, 95525));
5;0.969970703125000;95491;5;218.64;((95474, 95542), (95491, 95508, 95525));
5;0.969848632812500;95491;5;219.15;((95474, 95542), (95491, 95508, 95525));
5;0.969787597656250;95491;4;218.98;((95474, 95542), (95491, 95508, 95525));
5;0.969757080078125;95491;3;215.55;((95474, 95542), (95491, 95508, 95525));
5;0.969741821289062;95491;7;219.87;((95474, 95542), (95491, 95508, 95525));
5;0.969749450683594;95491;4;217.25;((95474, 95542), (95491, 95508, 95525));
5;0.969745635986328;95491;3;218.21;((95474, 95542), (95491, 95508, 95525));
5;0.969743728637695;95491;5;222.89;((95474, 95542), (95491, 95508, 95525));
5;0.969742774963379;95491;4;218.75;((95474, 95542), (95491, 95508, 95525));
5;0.500000000000000;95525;11;122.83;((95474, 95542), (95491, 95508, 95525));
5;0.750000000000000;95525;11;177.70;((95474, 95542), (95491, 95508, 95525));
5;0.875000000000000;95525;11;205.04;((95474, 95542), (95491, 95508, 95525));
5;0.937500000000000;95525;11;219.36;((95474, 95542), (95491, 95508, 95525));
5;0.968750000000000;95525;8;222.18;((95474, 95542), (95491, 95508, 95525));
5;0.984375000000000;95525;0;95.58;((95474, 95542), (95491, 95508, 95525));
5;0.976562500000000;95525;0;99.50;((95474, 95542), (95491, 95508, 95525));
5;0.972656250000000;95525;0;124.49;((95474, 95542), (95491, 95508, 95525));
5;0.970703125000000;95525;3;214.81;((95474, 95542), (95491, 95508, 95525));
5;0.969726562500000;95525;6;220.91;((95474, 95542), (95491, 95508, 95525));
5;0.970214843750000;95525;3;216.15;((95474, 95542), (95491, 95508, 95525));
5;0.969970703125000;95525;3;217.17;((95474, 95542), (95491, 95508, 95525));
5;0.969848632812500;95525;4;217.68;((95474, 95542), (95491, 95508, 95525));
5;0.969787597656250;95525;7;232.00;((95474, 95542), (95491, 95508, 95525));
5;0.969818115234375;95525;5;218.33;((95474, 95542), (95491, 95508, 95525));
5;0.969802856445312;95525;3;217.42;((95474, 95542), (95491, 95508, 95525));
5;0.969795227050781;95525;3;216.41;((95474, 95542), (95491, 95508, 95525));
5;0.969791412353516;95525;4;217.81;((95474, 95542), (95491, 95508, 95525));
5;0.969789505004883;95525;7;220.65;((95474, 95542), (95491, 95508, 95525));
5;0.969790458679199;95525;4;217.53;((95474, 95542), (95491, 95508, 95525));
