5;0.500000000000000;1875000;11;109.06;((0, 7500000), (1875000, 3750000, 5625000));
5;0.750000000000000;1875000;0;85.37;((0, 7500000), (1875000, 3750000, 5625000));
5;0.625000000000000;1875000;11;131.56;((0, 7500000), (1875000, 3750000, 5625000));
5;0.687500000000000;1875000;11;143.44;((0, 7500000), (1875000, 3750000, 5625000));
5;0.718750000000000;1875000;11;151.79;((0, 7500000), (1875000, 3750000, 5625000));
5;0.734375000000000;1875000;11;153.74;((0, 7500000), (1875000, 3750000, 5625000));
5;0.742187500000000;1875000;0;86.67;((0, 7500000), (1875000, 3750000, 5625000));
5;0.738281250000000;1875000;11;155.41;((0, 7500000), (1875000, 3750000, 5625000));
5;0.740234375000000;1875000;11;154.85;((0, 7500000), (1875000, 3750000, 5625000));
5;0.741210937500000;1875000;9;150.65;((0, 7500000), (1875000, 3750000, 5625000));
5;0.741699218750000;1875000;4;148.50;((0, 7500000), (1875000, 3750000, 5625000));
5;0.741455078125000;1875000;9;151.12;((0, 7500000), (1875000, 3750000, 5625000));
5;0.741577148437500;1875000;5;149.04;((0, 7500000), (1875000, 3750000, 5625000));
5;0.741516113281250;1875000;7;149.27;((0, 7500000), (1875000, 3750000, 5625000));
5;0.741546630859375;1875000;4;149.02;((0, 7500000), (1875000, 3750000, 5625000));
5;0.741531372070312;1875000;8;150.68;((0, 7500000), (1875000, 3750000, 5625000));
5;0.741539001464844;1875000;8;151.61;((0, 7500000), (1875000, 3750000, 5625000));
5;0.741542816162109;1875000;7;151.82;((0, 7500000), (1875000, 3750000, 5625000));
5;0.741544723510742;1875000;4;149.99;((0, 7500000), (1875000, 3750000, 5625000));
5;0.741543769836426;1875000;4;149.00;((0, 7500000), (1875000, 3750000, 5625000));
5;0.500000000000000;3750000;11;108.60;((0, 7500000), (1875000, 3750000, 5625000));
5;0.750000000000000;3750000;0;74.19;((0, 7500000), (1875000, 3750000, 5625000));
5;0.625000000000000;3750000;0;73.31;((0, 7500000), (1875000, 3750000, 5625000));
5;0.562500000000000;3750000;11;122.31;((0, 7500000), (1875000, 3750000, 5625000));
5;0.593750000000000;3750000;11;131.51;((0, 7500000), (1875000, 3750000, 5625000));
5;0.609375000000000;3750000;11;130.97;((0, 7500000), (1875000, 3750000, 5625000));
5;0.617187500000000;3750000;0;75.20;((0, 7500000), (1875000, 3750000, 5625000));
5;0.613281250000000;3750000;11;131.02;((0, 7500000), (1875000, 3750000, 5625000));
5;0.615234375000000;3750000;11;130.15;((0, 7500000), (1875000, 3750000, 5625000));
5;0.616210937500000;3750000;1;123.73;((0, 7500000), (1875000, 3750000, 5625000));
5;0.615722656250000;3750000;9;129.20;((0, 7500000), (1875000, 3750000, 5625000));
5;0.615966796875000;3750000;8;126.88;((0, 7500000), (1875000, 3750000, 5625000));
5;0.616088867187500;3750000;5;126.61;((0, 7500000), (1875000, 3750000, 5625000));
5;0.616027832031250;3750000;4;140.34;((0, 7500000), (1875000, 3750000, 5625000));
5;0.615997314453125;3750000;5;126.53;((0, 7500000), (1875000, 3750000, 5625000));
5;0.615982055664062;3750000;3;125.29;((0, 7500000), (1875000, 3750000, 5625000));
5;0.615974426269531;3750000;5;127.74;((0, 7500000), (1875000, 3750000, 5625000));
5;0.615970611572266;3750000;4;125.83;((0, 7500000), (1875000, 3750000, 5625000));
5;0.615968704223633;3750000;6;128.15;((0, 7500000), (1875000, 3750000, 5625000));
5;0.615969657897949;3750000;4;126.78;((0, 7500000), (1875000, 3750000, 5625000));
5;0.500000000000000;5625000;11;109.88;((0, 7500000), (1875000, 3750000, 5625000));
5;0.750000000000000;5625000;0;71.05;((0, 7500000), (1875000, 3750000, 5625000));
5;0.625000000000000;5625000;0;69.17;((0, 7500000), (1875000, 3750000, 5625000));
5;0.562500000000000;5625000;11;120.40;((0, 7500000), (1875000, 3750000, 5625000));
5;0.593750000000000;5625000;11;127.53;((0, 7500000), (1875000, 3750000, 5625000));
5;0.609375000000000;5625000;0;71.06;((0, 7500000), (1875000, 3750000, 5625000));
5;0.601562500000000;5625000;11;128.41;((0, 7500000), (1875000, 3750000, 5625000));
5;0.605468750000000;5625000;11;129.15;((0, 7500000), (1875000, 3750000, 5625000));
5;0.607421875000000;5625000;3;123.50;((0, 7500000), (1875000, 3750000, 5625000));
5;0.606445312500000;5625000;11;130.62;((0, 7500000), (1875000, 3750000, 5625000));
5;0.606933593750000;5625000;11;129.63;((0, 7500000), (1875000, 3750000, 5625000));
5;0.607177734375000;5625000;10;126.89;((0, 7500000), (1875000, 3750000, 5625000));
5;0.607299804687500;5625000;8;125.67;((0, 7500000), (1875000, 3750000, 5625000));
5;0.607360839843750;5625000;6;125.15;((0, 7500000), (1875000, 3750000, 5625000));
5;0.607391357421875;5625000;5;124.86;((0, 7500000), (1875000, 3750000, 5625000));
5;0.607376098632812;5625000;5;125.49;((0, 7500000), (1875000, 3750000, 5625000));
5;0.607368469238281;5625000;5;126.69;((0, 7500000), (1875000, 3750000, 5625000));
5;0.607364654541016;5625000;8;124.77;((0, 7500000), (1875000, 3750000, 5625000));
5;0.607366561889648;5625000;6;124.74;((0, 7500000), (1875000, 3750000, 5625000));
5;0.607367515563965;5625000;6;124.38;((0, 7500000), (1875000, 3750000, 5625000));
5;0.500000000000000;937500;11;106.53;((0, 3750000), (937500, 1875000, 2812500));
5;0.750000000000000;937500;11;155.57;((0, 3750000), (937500, 1875000, 2812500));
5;0.875000000000000;937500;0;81.96;((0, 3750000), (937500, 1875000, 2812500));
5;0.812500000000000;937500;11;168.63;((0, 3750000), (937500, 1875000, 2812500));
5;0.843750000000000;937500;11;173.73;((0, 3750000), (937500, 1875000, 2812500));
5;0.859375000000000;937500;11;176.60;((0, 3750000), (937500, 1875000, 2812500));
5;0.867187500000000;937500;0;83.00;((0, 3750000), (937500, 1875000, 2812500));
5;0.863281250000000;937500;1;166.99;((0, 3750000), (937500, 1875000, 2812500));
5;0.861328125000000;937500;11;177.47;((0, 3750000), (937500, 1875000, 2812500));
5;0.862304687500000;937500;10;174.94;((0, 3750000), (937500, 1875000, 2812500));
5;0.862792968750000;937500;5;170.68;((0, 3750000), (937500, 1875000, 2812500));
5;0.862548828125000;937500;4;172.29;((0, 3750000), (937500, 1875000, 2812500));
5;0.862426757812500;937500;8;172.69;((0, 3750000), (937500, 1875000, 2812500));
5;0.862487792968750;937500;9;172.53;((0, 3750000), (937500, 1875000, 2812500));
5;0.862518310546875;937500;8;171.64;((0, 3750000), (937500, 1875000, 2812500));
5;0.862533569335938;937500;6;171.58;((0, 3750000), (937500, 1875000, 2812500));
5;0.862541198730469;937500;5;170.96;((0, 3750000), (937500, 1875000, 2812500));
5;0.862537384033203;937500;7;172.47;((0, 3750000), (937500, 1875000, 2812500));
5;0.862539291381836;937500;9;172.26;((0, 3750000), (937500, 1875000, 2812500));
5;0.862540245056152;937500;8;171.23;((0, 3750000), (937500, 1875000, 2812500));
5;0.500000000000000;2812500;11;109.21;((0, 3750000), (937500, 1875000, 2812500));
5;0.750000000000000;2812500;0;75.31;((0, 3750000), (937500, 1875000, 2812500));
5;0.625000000000000;2812500;11;132.60;((0, 3750000), (937500, 1875000, 2812500));
5;0.687500000000000;2812500;0;74.54;((0, 3750000), (937500, 1875000, 2812500));
5;0.656250000000000;2812500;0;76.93;((0, 3750000), (937500, 1875000, 2812500));
5;0.640625000000000;2812500;11;134.58;((0, 3750000), (937500, 1875000, 2812500));
5;0.648437500000000;2812500;10;135.86;((0, 3750000), (937500, 1875000, 2812500));
5;0.652343750000000;2812500;0;81.30;((0, 3750000), (937500, 1875000, 2812500));
5;0.650390625000000;2812500;0;79.06;((0, 3750000), (937500, 1875000, 2812500));
5;0.649414062500000;2812500;0;79.45;((0, 3750000), (937500, 1875000, 2812500));
5;0.648925781250000;2812500;3;131.46;((0, 3750000), (937500, 1875000, 2812500));
5;0.648681640625000;2812500;7;133.91;((0, 3750000), (937500, 1875000, 2812500));
5;0.648803710937500;2812500;5;133.23;((0, 3750000), (937500, 1875000, 2812500));
5;0.648742675781250;2812500;6;133.05;((0, 3750000), (937500, 1875000, 2812500));
5;0.648773193359375;2812500;7;133.96;((0, 3750000), (937500, 1875000, 2812500));
5;0.648788452148438;2812500;7;138.78;((0, 3750000), (937500, 1875000, 2812500));
5;0.648796081542969;2812500;8;133.74;((0, 3750000), (937500, 1875000, 2812500));
5;0.648799896240234;2812500;7;133.06;((0, 3750000), (937500, 1875000, 2812500));
5;0.648801803588867;2812500;7;133.27;((0, 3750000), (937500, 1875000, 2812500));
5;0.648802757263184;2812500;5;133.81;((0, 3750000), (937500, 1875000, 2812500));
5;0.500000000000000;468750;11;106.04;((0, 1875000), (468750, 937500, 1406250));
5;0.750000000000000;468750;11;154.38;((0, 1875000), (468750, 937500, 1406250));
5;0.875000000000000;468750;11;178.80;((0, 1875000), (468750, 937500, 1406250));
5;0.937500000000000;468750;0;82.73;((0, 1875000), (468750, 937500, 1406250));
5;0.906250000000000;468750;11;185.47;((0, 1875000), (468750, 937500, 1406250));
5;0.921875000000000;468750;8;181.03;((0, 1875000), (468750, 937500, 1406250));
5;0.929687500000000;468750;0;82.59;((0, 1875000), (468750, 937500, 1406250));
5;0.925781250000000;468750;0;88.30;((0, 1875000), (468750, 937500, 1406250));
5;0.923828125000000;468750;0;116.82;((0, 1875000), (468750, 937500, 1406250));
5;0.922851562500000;468750;2;176.74;((0, 1875000), (468750, 937500, 1406250));
5;0.922363281250000;468750;3;180.00;((0, 1875000), (468750, 937500, 1406250));
5;0.922119140625000;468750;5;182.14;((0, 1875000), (468750, 937500, 1406250));
5;0.921997070312500;468750;6;182.05;((0, 1875000), (468750, 937500, 1406250));
5;0.922058105468750;468750;7;184.91;((0, 1875000), (468750, 937500, 1406250));
5;0.922088623046875;468750;5;181.28;((0, 1875000), (468750, 937500, 1406250));
5;0.922073364257812;468750;5;182.52;((0, 1875000), (468750, 937500, 1406250));
5;0.922065734863281;468750;8;182.29;((0, 1875000), (468750, 937500, 1406250));
5;0.922069549560547;468750;6;182.38;((0, 1875000), (468750, 937500, 1406250));
5;0.922071456909180;468750;9;184.27;((0, 1875000), (468750, 937500, 1406250));
5;0.922072410583496;468750;8;183.09;((0, 1875000), (468750, 937500, 1406250));
5;0.500000000000000;1406250;11;107.60;((0, 1875000), (468750, 937500, 1406250));
5;0.750000000000000;1406250;11;156.65;((0, 1875000), (468750, 937500, 1406250));
5;0.875000000000000;1406250;0;80.72;((0, 1875000), (468750, 937500, 1406250));
5;0.812500000000000;1406250;0;80.84;((0, 1875000), (468750, 937500, 1406250));
5;0.781250000000000;1406250;11;162.46;((0, 1875000), (468750, 937500, 1406250));
5;0.796875000000000;1406250;11;165.70;((0, 1875000), (468750, 937500, 1406250));
5;0.804687500000000;1406250;0;84.08;((0, 1875000), (468750, 937500, 1406250));
5;0.800781250000000;1406250;11;165.29;((0, 1875000), (468750, 937500, 1406250));
5;0.802734375000000;1406250;0;94.05;((0, 1875000), (468750, 937500, 1406250));
5;0.801757812500000;1406250;6;161.41;((0, 1875000), (468750, 937500, 1406250));
5;0.802246093750000;1406250;3;159.52;((0, 1875000), (468750, 937500, 1406250));
5;0.802001953125000;1406250;5;161.00;((0, 1875000), (468750, 937500, 1406250));
5;0.801879882812500;1406250;2;155.92;((0, 1875000), (468750, 937500, 1406250));
5;0.801818847656250;1406250;7;161.07;((0, 1875000), (468750, 937500, 1406250));
5;0.801849365234375;1406250;5;159.83;((0, 1875000), (468750, 937500, 1406250));
5;0.801834106445312;1406250;4;158.89;((0, 1875000), (468750, 937500, 1406250));
5;0.801826477050781;1406250;7;160.11;((0, 1875000), (468750, 937500, 1406250));
5;0.801830291748047;1406250;3;159.79;((0, 1875000), (468750, 937500, 1406250));
5;0.801828384399414;1406250;7;160.07;((0, 1875000), (468750, 937500, 1406250));
5;0.801829338073730;1406250;4;159.54;((0, 1875000), (468750, 937500, 1406250));
5;0.500000000000000;234375;11;107.11;((0, 937500), (234375, 468750, 703125));
5;0.750000000000000;234375;11;154.43;((0, 937500), (234375, 468750, 703125));
5;0.875000000000000;234375;11;178.56;((0, 937500), (234375, 468750, 703125));
5;0.937500000000000;234375;11;189.27;((0, 937500), (234375, 468750, 703125));
5;0.968750000000000;234375;0;81.02;((0, 937500), (234375, 468750, 703125));
5;0.953125000000000;234375;10;190.13;((0, 937500), (234375, 468750, 703125));
5;0.960937500000000;234375;0;82.68;((0, 937500), (234375, 468750, 703125));
5;0.957031250000000;234375;0;98.22;((0, 937500), (234375, 468750, 703125));
5;0.955078125000000;234375;1;181.61;((0, 937500), (234375, 468750, 703125));
5;0.954101562500000;234375;9;187.09;((0, 937500), (234375, 468750, 703125));
5;0.954589843750000;234375;7;187.83;((0, 937500), (234375, 468750, 703125));
5;0.954833984375000;234375;4;183.24;((0, 937500), (234375, 468750, 703125));
5;0.954711914062500;234375;4;187.95;((0, 937500), (234375, 468750, 703125));
5;0.954650878906250;234375;9;188.93;((0, 937500), (234375, 468750, 703125));
5;0.954681396484375;234375;5;226.70;((0, 937500), (234375, 468750, 703125));
5;0.954666137695312;234375;9;188.64;((0, 937500), (234375, 468750, 703125));
5;0.954673767089844;234375;8;188.39;((0, 937500), (234375, 468750, 703125));
5;0.954677581787109;234375;7;186.18;((0, 937500), (234375, 468750, 703125));
5;0.954679489135742;234375;6;187.57;((0, 937500), (234375, 468750, 703125));
5;0.954680442810059;234375;7;186.94;((0, 937500), (234375, 468750, 703125));
5;0.500000000000000;703125;11;106.92;((0, 937500), (234375, 468750, 703125));
5;0.750000000000000;703125;11;156.47;((0, 937500), (234375, 468750, 703125));
5;0.875000000000000;703125;11;180.66;((0, 937500), (234375, 468750, 703125));
5;0.937500000000000;703125;0;81.79;((0, 937500), (234375, 468750, 703125));
5;0.906250000000000;703125;0;82.64;((0, 937500), (234375, 468750, 703125));
5;0.890625000000000;703125;11;183.23;((0, 937500), (234375, 468750, 703125));
5;0.898437500000000;703125;0;91.49;((0, 937500), (234375, 468750, 703125));
5;0.894531250000000;703125;11;185.83;((0, 937500), (234375, 468750, 703125));
5;0.896484375000000;703125;8;179.71;((0, 937500), (234375, 468750, 703125));
5;0.897460937500000;703125;1;172.56;((0, 937500), (234375, 468750, 703125));
5;0.896972656250000;703125;2;172.24;((0, 937500), (234375, 468750, 703125));
5;0.896728515625000;703125;6;178.09;((0, 937500), (234375, 468750, 703125));
5;0.896850585937500;703125;6;176.59;((0, 937500), (234375, 468750, 703125));
5;0.896911621093750;703125;5;177.13;((0, 937500), (234375, 468750, 703125));
5;0.896881103515625;703125;4;175.50;((0, 937500), (234375, 468750, 703125));
5;0.896865844726562;703125;8;179.73;((0, 937500), (234375, 468750, 703125));
5;0.896873474121094;703125;6;177.77;((0, 937500), (234375, 468750, 703125));
5;0.896877288818359;703125;4;177.67;((0, 937500), (234375, 468750, 703125));
5;0.896875381469727;703125;6;178.12;((0, 937500), (234375, 468750, 703125));
5;0.896876335144043;703125;6;176.47;((0, 937500), (234375, 468750, 703125));
5;0.500000000000000;117187;11;106.11;((0, 468750), (117187, 234374, 351561));
5;0.750000000000000;117187;11;153.20;((0, 468750), (117187, 234374, 351561));
5;0.875000000000000;117187;11;179.74;((0, 468750), (117187, 234374, 351561));
5;0.937500000000000;117187;11;189.44;((0, 468750), (117187, 234374, 351561));
5;0.968750000000000;117187;0;106.29;((0, 468750), (117187, 234374, 351561));
5;0.953125000000000;117187;11;191.92;((0, 468750), (117187, 234374, 351561));
5;0.960937500000000;117187;11;194.35;((0, 468750), (117187, 234374, 351561));
5;0.964843750000000;117187;11;193.10;((0, 468750), (117187, 234374, 351561));
5;0.966796875000000;117187;8;188.96;((0, 468750), (117187, 234374, 351561));
5;0.967773437500000;117187;0;122.13;((0, 468750), (117187, 234374, 351561));
5;0.967285156250000;117187;1;182.84;((0, 468750), (117187, 234374, 351561));
5;0.967041015625000;117187;4;187.48;((0, 468750), (117187, 234374, 351561));
5;0.966918945312500;117187;4;185.98;((0, 468750), (117187, 234374, 351561));
5;0.966857910156250;117187;5;184.08;((0, 468750), (117187, 234374, 351561));
5;0.966827392578125;117187;3;184.66;((0, 468750), (117187, 234374, 351561));
5;0.966812133789062;117187;4;185.58;((0, 468750), (117187, 234374, 351561));
5;0.966804504394531;117187;7;187.66;((0, 468750), (117187, 234374, 351561));
5;0.966808319091797;117187;4;186.36;((0, 468750), (117187, 234374, 351561));
5;0.966806411743164;117187;7;188.69;((0, 468750), (117187, 234374, 351561));
5;0.966807365417480;117187;7;187.36;((0, 468750), (117187, 234374, 351561));
5;0.500000000000000;234374;11;108.15;((0, 468750), (117187, 234374, 351561));
5;0.750000000000000;234374;11;154.69;((0, 468750), (117187, 234374, 351561));
5;0.875000000000000;234374;11;178.06;((0, 468750), (117187, 234374, 351561));
5;0.937500000000000;234374;11;190.42;((0, 468750), (117187, 234374, 351561));
5;0.968750000000000;234374;0;81.84;((0, 468750), (117187, 234374, 351561));
5;0.953125000000000;234374;0;102.56;((0, 468750), (117187, 234374, 351561));
5;0.945312500000000;234374;11;191.68;((0, 468750), (117187, 234374, 351561));
5;0.949218750000000;234374;11;193.39;((0, 468750), (117187, 234374, 351561));
5;0.951171875000000;234374;3;183.54;((0, 468750), (117187, 234374, 351561));
5;0.950195312500000;234374;3;182.77;((0, 468750), (117187, 234374, 351561));
5;0.949707031250000;234374;10;191.10;((0, 468750), (117187, 234374, 351561));
5;0.949951171875000;234374;7;186.21;((0, 468750), (117187, 234374, 351561));
5;0.950073242187500;234374;6;184.77;((0, 468750), (117187, 234374, 351561));
5;0.950134277343750;234374;9;187.15;((0, 468750), (117187, 234374, 351561));
5;0.950164794921875;234374;8;191.71;((0, 468750), (117187, 234374, 351561));
5;0.950180053710938;234374;7;193.18;((0, 468750), (117187, 234374, 351561));
5;0.950187683105469;234374;4;183.65;((0, 468750), (117187, 234374, 351561));
5;0.950183868408203;234374;5;188.25;((0, 468750), (117187, 234374, 351561));
5;0.950181961059570;234374;6;186.00;((0, 468750), (117187, 234374, 351561));
5;0.950182914733887;234374;9;195.52;((0, 468750), (117187, 234374, 351561));
5;0.500000000000000;351561;11;106.98;((0, 468750), (117187, 234374, 351561));
5;0.750000000000000;351561;11;162.61;((0, 468750), (117187, 234374, 351561));
5;0.875000000000000;351561;11;178.44;((0, 468750), (117187, 234374, 351561));
5;0.937500000000000;351561;11;190.35;((0, 468750), (117187, 234374, 351561));
5;0.968750000000000;351561;0;81.53;((0, 468750), (117187, 234374, 351561));
5;0.953125000000000;351561;0;81.20;((0, 468750), (117187, 234374, 351561));
5;0.945312500000000;351561;0;86.10;((0, 468750), (117187, 234374, 351561));
5;0.941406250000000;351561;2;180.15;((0, 468750), (117187, 234374, 351561));
5;0.939453125000000;351561;11;190.65;((0, 468750), (117187, 234374, 351561));
5;0.940429687500000;351561;9;186.14;((0, 468750), (117187, 234374, 351561));
5;0.940917968750000;351561;5;185.62;((0, 468750), (117187, 234374, 351561));
5;0.940673828125000;351561;10;195.90;((0, 468750), (117187, 234374, 351561));
5;0.940795898437500;351561;7;184.11;((0, 468750), (117187, 234374, 351561));
5;0.940856933593750;351561;6;191.33;((0, 468750), (117187, 234374, 351561));
5;0.940887451171875;351561;6;186.78;((0, 468750), (117187, 234374, 351561));
5;0.940902709960938;351561;6;182.83;((0, 468750), (117187, 234374, 351561));
5;0.940910339355469;351561;10;186.45;((0, 468750), (117187, 234374, 351561));
5;0.940914154052734;351561;7;184.39;((0, 468750), (117187, 234374, 351561));
5;0.940916061401367;351561;8;185.74;((0, 468750), (117187, 234374, 351561));
5;0.940917015075684;351561;6;183.39;((0, 468750), (117187, 234374, 351561));
5;0.500000000000000;58593;11;109.27;((0, 234374), (58593, 117186, 175779));
5;0.750000000000000;58593;11;152.42;((0, 234374), (58593, 117186, 175779));
5;0.875000000000000;58593;11;177.61;((0, 234374), (58593, 117186, 175779));
5;0.937500000000000;58593;11;187.36;((0, 234374), (58593, 117186, 175779));
5;0.968750000000000;58593;3;186.16;((0, 234374), (58593, 117186, 175779));
5;0.953125000000000;58593;11;189.78;((0, 234374), (58593, 117186, 175779));
5;0.960937500000000;58593;11;192.95;((0, 234374), (58593, 117186, 175779));
5;0.964843750000000;58593;11;193.01;((0, 234374), (58593, 117186, 175779));
5;0.966796875000000;58593;9;189.00;((0, 234374), (58593, 117186, 175779));
5;0.967773437500000;58593;10;189.61;((0, 234374), (58593, 117186, 175779));
5;0.968261718750000;58593;8;187.72;((0, 234374), (58593, 117186, 175779));
5;0.968505859375000;58593;8;185.59;((0, 234374), (58593, 117186, 175779));
5;0.968627929687500;58593;6;186.60;((0, 234374), (58593, 117186, 175779));
5;0.968688964843750;58593;5;184.90;((0, 234374), (58593, 117186, 175779));
5;0.968658447265625;58593;5;185.35;((0, 234374), (58593, 117186, 175779));
5;0.968643188476562;58593;4;187.88;((0, 234374), (58593, 117186, 175779));
5;0.968635559082031;58593;3;183.32;((0, 234374), (58593, 117186, 175779));
5;0.968631744384766;58593;5;186.11;((0, 234374), (58593, 117186, 175779));
5;0.968629837036133;58593;8;185.24;((0, 234374), (58593, 117186, 175779));
5;0.968630790710449;58593;6;186.16;((0, 234374), (58593, 117186, 175779));
5;0.500000000000000;117186;11;104.57;((0, 234374), (58593, 117186, 175779));
5;0.750000000000000;117186;11;152.50;((0, 234374), (58593, 117186, 175779));
5;0.875000000000000;117186;11;176.16;((0, 234374), (58593, 117186, 175779));
5;0.937500000000000;117186;11;190.24;((0, 234374), (58593, 117186, 175779));
5;0.968750000000000;117186;1;181.21;((0, 234374), (58593, 117186, 175779));
5;0.953125000000000;117186;11;191.78;((0, 234374), (58593, 117186, 175779));
5;0.960937500000000;117186;11;193.27;((0, 234374), (58593, 117186, 175779));
5;0.964843750000000;117186;10;191.16;((0, 234374), (58593, 117186, 175779));
5;0.966796875000000;117186;5;186.65;((0, 234374), (58593, 117186, 175779));
5;0.965820312500000;117186;8;188.46;((0, 234374), (58593, 117186, 175779));
5;0.966308593750000;117186;6;185.93;((0, 234374), (58593, 117186, 175779));
5;0.966552734375000;117186;5;185.31;((0, 234374), (58593, 117186, 175779));
5;0.966430664062500;117186;6;187.95;((0, 234374), (58593, 117186, 175779));
5;0.966491699218750;117186;10;189.51;((0, 234374), (58593, 117186, 175779));
5;0.966522216796875;117186;4;187.54;((0, 234374), (58593, 117186, 175779));
5;0.966506958007812;117186;7;195.26;((0, 234374), (58593, 117186, 175779));
5;0.966514587402344;117186;10;190.63;((0, 234374), (58593, 117186, 175779));
5;0.966518402099609;117186;8;226.17;((0, 234374), (58593, 117186, 175779));
5;0.966520309448242;117186;2;183.80;((0, 234374), (58593, 117186, 175779));
5;0.966519355773926;117186;5;187.15;((0, 234374), (58593, 117186, 175779));
5;0.500000000000000;175779;11;106.32;((0, 234374), (58593, 117186, 175779));
5;0.750000000000000;175779;11;152.77;((0, 234374), (58593, 117186, 175779));
5;0.875000000000000;175779;11;181.02;((0, 234374), (58593, 117186, 175779));
5;0.937500000000000;175779;11;189.84;((0, 234374), (58593, 117186, 175779));
5;0.968750000000000;175779;0;83.25;((0, 234374), (58593, 117186, 175779));
5;0.953125000000000;175779;11;191.60;((0, 234374), (58593, 117186, 175779));
5;0.960937500000000;175779;8;187.21;((0, 234374), (58593, 117186, 175779));
5;0.964843750000000;175779;0;88.50;((0, 234374), (58593, 117186, 175779));
5;0.962890625000000;175779;0;118.17;((0, 234374), (58593, 117186, 175779));
5;0.961914062500000;175779;1;180.97;((0, 234374), (58593, 117186, 175779));
5;0.961425781250000;175779;3;182.27;((0, 234374), (58593, 117186, 175779));
5;0.961181640625000;175779;3;186.71;((0, 234374), (58593, 117186, 175779));
5;0.961059570312500;175779;6;186.67;((0, 234374), (58593, 117186, 175779));
5;0.961120605468750;175779;5;187.99;((0, 234374), (58593, 117186, 175779));
5;0.961090087890625;175779;3;185.54;((0, 234374), (58593, 117186, 175779));
5;0.961074829101562;175779;6;186.84;((0, 234374), (58593, 117186, 175779));
5;0.961082458496094;175779;9;188.89;((0, 234374), (58593, 117186, 175779));
5;0.961086273193359;175779;9;193.69;((0, 234374), (58593, 117186, 175779));
5;0.961088180541992;175779;3;185.03;((0, 234374), (58593, 117186, 175779));
5;0.961087226867676;175779;4;186.67;((0, 234374), (58593, 117186, 175779));
5;0.500000000000000;29296;11;104.20;((0, 117186), (29296, 58592, 87888));
5;0.750000000000000;29296;11;175.05;((0, 117186), (29296, 58592, 87888));
5;0.875000000000000;29296;11;174.80;((0, 117186), (29296, 58592, 87888));
5;0.937500000000000;29296;11;187.25;((0, 117186), (29296, 58592, 87888));
5;0.968750000000000;29296;0;93.22;((0, 117186), (29296, 58592, 87888));
5;0.953125000000000;29296;11;188.65;((0, 117186), (29296, 58592, 87888));
5;0.960937500000000;29296;10;186.50;((0, 117186), (29296, 58592, 87888));
5;0.964843750000000;29296;3;181.39;((0, 117186), (29296, 58592, 87888));
5;0.962890625000000;29296;8;183.92;((0, 117186), (29296, 58592, 87888));
5;0.963867187500000;29296;6;183.10;((0, 117186), (29296, 58592, 87888));
5;0.964355468750000;29296;5;181.58;((0, 117186), (29296, 58592, 87888));
5;0.964111328125000;29296;5;185.00;((0, 117186), (29296, 58592, 87888));
5;0.963989257812500;29296;7;183.96;((0, 117186), (29296, 58592, 87888));
5;0.964050292968750;29296;3;180.73;((0, 117186), (29296, 58592, 87888));
5;0.964019775390625;29296;6;182.80;((0, 117186), (29296, 58592, 87888));
5;0.964035034179688;29296;3;182.72;((0, 117186), (29296, 58592, 87888));
5;0.964027404785156;29296;6;192.77;((0, 117186), (29296, 58592, 87888));
5;0.964031219482422;29296;4;182.94;((0, 117186), (29296, 58592, 87888));
5;0.964029312133789;29296;2;178.48;((0, 117186), (29296, 58592, 87888));
5;0.964028358459473;29296;7;182.32;((0, 117186), (29296, 58592, 87888));
5;0.500000000000000;58592;11;109.15;((0, 117186), (29296, 58592, 87888));
5;0.750000000000000;58592;11;152.13;((0, 117186), (29296, 58592, 87888));
5;0.875000000000000;58592;11;175.53;((0, 117186), (29296, 58592, 87888));
5;0.937500000000000;58592;11;187.70;((0, 117186), (29296, 58592, 87888));
5;0.968750000000000;58592;0;87.58;((0, 117186), (29296, 58592, 87888));
5;0.953125000000000;58592;11;190.93;((0, 117186), (29296, 58592, 87888));
5;0.960937500000000;58592;10;188.29;((0, 117186), (29296, 58592, 87888));
5;0.964843750000000;58592;0;126.30;((0, 117186), (29296, 58592, 87888));
5;0.962890625000000;58592;7;188.76;((0, 117186), (29296, 58592, 87888));
5;0.963867187500000;58592;4;183.63;((0, 117186), (29296, 58592, 87888));
5;0.963378906250000;58592;6;184.49;((0, 117186), (29296, 58592, 87888));
5;0.963623046875000;58592;2;182.55;((0, 117186), (29296, 58592, 87888));
5;0.963500976562500;58592;8;185.54;((0, 117186), (29296, 58592, 87888));
5;0.963562011718750;58592;3;180.81;((0, 117186), (29296, 58592, 87888));
5;0.963531494140625;58592;7;185.23;((0, 117186), (29296, 58592, 87888));
5;0.963546752929688;58592;6;187.06;((0, 117186), (29296, 58592, 87888));
5;0.963554382324219;58592;6;185.94;((0, 117186), (29296, 58592, 87888));
5;0.963558197021484;58592;6;184.61;((0, 117186), (29296, 58592, 87888));
5;0.963560104370117;58592;5;183.71;((0, 117186), (29296, 58592, 87888));
5;0.963559150695801;58592;4;182.76;((0, 117186), (29296, 58592, 87888));
5;0.500000000000000;87888;11;105.97;((0, 117186), (29296, 58592, 87888));
5;0.750000000000000;87888;11;152.96;((0, 117186), (29296, 58592, 87888));
5;0.875000000000000;87888;11;178.40;((0, 117186), (29296, 58592, 87888));
5;0.937500000000000;87888;11;191.72;((0, 117186), (29296, 58592, 87888));
5;0.968750000000000;87888;3;184.50;((0, 117186), (29296, 58592, 87888));
5;0.953125000000000;87888;11;192.19;((0, 117186), (29296, 58592, 87888));
5;0.960937500000000;87888;11;192.67;((0, 117186), (29296, 58592, 87888));
5;0.964843750000000;87888;11;193.55;((0, 117186), (29296, 58592, 87888));
5;0.966796875000000;87888;8;189.80;((0, 117186), (29296, 58592, 87888));
5;0.967773437500000;87888;9;188.87;((0, 117186), (29296, 58592, 87888));
5;0.968261718750000;87888;7;189.09;((0, 117186), (29296, 58592, 87888));
5;0.968505859375000;87888;3;186.17;((0, 117186), (29296, 58592, 87888));
5;0.968383789062500;87888;5;186.53;((0, 117186), (29296, 58592, 87888));
5;0.968322753906250;87888;8;186.50;((0, 117186), (29296, 58592, 87888));
5;0.968353271484375;87888;3;187.96;((0, 117186), (29296, 58592, 87888));
5;0.968338012695312;87888;7;187.26;((0, 117186), (29296, 58592, 87888));
5;0.968345642089844;87888;4;186.77;((0, 117186), (29296, 58592, 87888));
5;0.968341827392578;87888;5;186.18;((0, 117186), (29296, 58592, 87888));
5;0.968339920043945;87888;6;186.93;((0, 117186), (29296, 58592, 87888));
5;0.968340873718262;87888;5;187.03;((0, 117186), (29296, 58592, 87888));
5;0.500000000000000;73240;11;105.50;((58592, 117186), (73240, 87888, 102536));
5;0.750000000000000;73240;11;153.75;((58592, 117186), (73240, 87888, 102536));
5;0.875000000000000;73240;11;174.55;((58592, 117186), (73240, 87888, 102536));
5;0.937500000000000;73240;11;189.52;((58592, 117186), (73240, 87888, 102536));
5;0.968750000000000;73240;0;96.46;((58592, 117186), (73240, 87888, 102536));
5;0.953125000000000;73240;11;193.85;((58592, 117186), (73240, 87888, 102536));
5;0.960937500000000;73240;11;192.77;((58592, 117186), (73240, 87888, 102536));
5;0.964843750000000;73240;0;114.10;((58592, 117186), (73240, 87888, 102536));
5;0.962890625000000;73240;9;189.80;((58592, 117186), (73240, 87888, 102536));
5;0.963867187500000;73240;5;184.37;((58592, 117186), (73240, 87888, 102536));
5;0.963378906250000;73240;6;185.33;((58592, 117186), (73240, 87888, 102536));
5;0.963623046875000;73240;7;187.22;((58592, 117186), (73240, 87888, 102536));
5;0.963745117187500;73240;7;186.17;((58592, 117186), (73240, 87888, 102536));
5;0.963806152343750;73240;5;184.82;((58592, 117186), (73240, 87888, 102536));
5;0.963775634765625;73240;6;186.17;((58592, 117186), (73240, 87888, 102536));
5;0.963790893554688;73240;3;183.62;((58592, 117186), (73240, 87888, 102536));
5;0.963783264160156;73240;4;185.03;((58592, 117186), (73240, 87888, 102536));
5;0.963779449462891;73240;3;184.84;((58592, 117186), (73240, 87888, 102536));
5;0.963777542114258;73240;3;185.61;((58592, 117186), (73240, 87888, 102536));
5;0.963776588439941;73240;3;184.63;((58592, 117186), (73240, 87888, 102536));
5;0.500000000000000;102536;11;106.97;((58592, 117186), (73240, 87888, 102536));
5;0.750000000000000;102536;11;155.24;((58592, 117186), (73240, 87888, 102536));
5;0.875000000000000;102536;11;180.66;((58592, 117186), (73240, 87888, 102536));
5;0.937500000000000;102536;11;190.24;((58592, 117186), (73240, 87888, 102536));
5;0.968750000000000;102536;0;110.77;((58592, 117186), (73240, 87888, 102536));
5;0.953125000000000;102536;11;195.83;((58592, 117186), (73240, 87888, 102536));
5;0.960937500000000;102536;11;195.56;((58592, 117186), (73240, 87888, 102536));
5;0.964843750000000;102536;11;196.05;((58592, 117186), (73240, 87888, 102536));
5;0.966796875000000;102536;5;186.68;((58592, 117186), (73240, 87888, 102536));
5;0.965820312500000;102536;9;189.79;((58592, 117186), (73240, 87888, 102536));
5;0.966308593750000;102536;10;193.97;((58592, 117186), (73240, 87888, 102536));
5;0.966552734375000;102536;9;191.24;((58592, 117186), (73240, 87888, 102536));
5;0.966674804687500;102536;7;189.48;((58592, 117186), (73240, 87888, 102536));
5;0.966735839843750;102536;9;199.72;((58592, 117186), (73240, 87888, 102536));
5;0.966766357421875;102536;6;191.52;((58592, 117186), (73240, 87888, 102536));
5;0.966781616210938;102536;10;193.79;((58592, 117186), (73240, 87888, 102536));
5;0.966789245605469;102536;10;195.50;((58592, 117186), (73240, 87888, 102536));
5;0.966793060302734;102536;7;191.21;((58592, 117186), (73240, 87888, 102536));
5;0.966794967651367;102536;8;192.54;((58592, 117186), (73240, 87888, 102536));
5;0.966795921325684;102536;8;191.02;((58592, 117186), (73240, 87888, 102536));
5;0.500000000000000;80564;11;107.58;((73240, 102536), (80564, 87888, 95212));
5;0.750000000000000;80564;11;153.10;((73240, 102536), (80564, 87888, 95212));
5;0.875000000000000;80564;11;177.77;((73240, 102536), (80564, 87888, 95212));
5;0.937500000000000;80564;11;192.31;((73240, 102536), (80564, 87888, 95212));
5;0.968750000000000;80564;0;86.99;((73240, 102536), (80564, 87888, 95212));
5;0.953125000000000;80564;11;195.39;((73240, 102536), (80564, 87888, 95212));
5;0.960937500000000;80564;11;204.28;((73240, 102536), (80564, 87888, 95212));
5;0.964843750000000;80564;1;181.39;((73240, 102536), (80564, 87888, 95212));
5;0.962890625000000;80564;9;195.41;((73240, 102536), (80564, 87888, 95212));
5;0.963867187500000;80564;3;183.79;((73240, 102536), (80564, 87888, 95212));
5;0.963378906250000;80564;8;187.18;((73240, 102536), (80564, 87888, 95212));
5;0.963623046875000;80564;5;187.02;((73240, 102536), (80564, 87888, 95212));
5;0.963500976562500;80564;5;184.85;((73240, 102536), (80564, 87888, 95212));
5;0.963439941406250;80564;9;190.22;((73240, 102536), (80564, 87888, 95212));
5;0.963470458984375;80564;4;186.79;((73240, 102536), (80564, 87888, 95212));
5;0.963455200195312;80564;6;185.23;((73240, 102536), (80564, 87888, 95212));
5;0.963462829589844;80564;5;183.56;((73240, 102536), (80564, 87888, 95212));
5;0.963459014892578;80564;2;183.57;((73240, 102536), (80564, 87888, 95212));
5;0.963457107543945;80564;4;185.13;((73240, 102536), (80564, 87888, 95212));
5;0.963456153869629;80564;3;183.62;((73240, 102536), (80564, 87888, 95212));
5;0.500000000000000;95212;11;106.43;((73240, 102536), (80564, 87888, 95212));
5;0.750000000000000;95212;11;152.04;((73240, 102536), (80564, 87888, 95212));
5;0.875000000000000;95212;11;176.53;((73240, 102536), (80564, 87888, 95212));
5;0.937500000000000;95212;11;188.92;((73240, 102536), (80564, 87888, 95212));
5;0.968750000000000;95212;0;91.14;((73240, 102536), (80564, 87888, 95212));
5;0.953125000000000;95212;11;190.74;((73240, 102536), (80564, 87888, 95212));
5;0.960937500000000;95212;11;204.79;((73240, 102536), (80564, 87888, 95212));
5;0.964843750000000;95212;0;121.85;((73240, 102536), (80564, 87888, 95212));
5;0.962890625000000;95212;4;185.80;((73240, 102536), (80564, 87888, 95212));
5;0.961914062500000;95212;9;187.88;((73240, 102536), (80564, 87888, 95212));
5;0.962402343750000;95212;8;188.38;((73240, 102536), (80564, 87888, 95212));
5;0.962646484375000;95212;7;185.82;((73240, 102536), (80564, 87888, 95212));
5;0.962768554687500;95212;7;185.99;((73240, 102536), (80564, 87888, 95212));
5;0.962829589843750;95212;8;189.96;((73240, 102536), (80564, 87888, 95212));
5;0.962860107421875;95212;6;186.06;((73240, 102536), (80564, 87888, 95212));
5;0.962875366210938;95212;5;185.87;((73240, 102536), (80564, 87888, 95212));
5;0.962867736816406;95212;6;184.55;((73240, 102536), (80564, 87888, 95212));
5;0.962871551513672;95212;7;188.06;((73240, 102536), (80564, 87888, 95212));
5;0.962873458862305;95212;9;188.85;((73240, 102536), (80564, 87888, 95212));
5;0.962874412536621;95212;6;186.34;((73240, 102536), (80564, 87888, 95212));
5;0.500000000000000;84226;11;105.83;((80564, 95212), (84226, 87888, 91550));
5;0.750000000000000;84226;11;152.81;((80564, 95212), (84226, 87888, 91550));
5;0.875000000000000;84226;11;175.45;((80564, 95212), (84226, 87888, 91550));
5;0.937500000000000;84226;11;189.15;((80564, 95212), (84226, 87888, 91550));
5;0.968750000000000;84226;5;190.72;((80564, 95212), (84226, 87888, 91550));
5;0.953125000000000;84226;11;190.40;((80564, 95212), (84226, 87888, 91550));
5;0.960937500000000;84226;11;194.06;((80564, 95212), (84226, 87888, 91550));
5;0.964843750000000;84226;11;193.77;((80564, 95212), (84226, 87888, 91550));
5;0.966796875000000;84226;11;195.60;((80564, 95212), (84226, 87888, 91550));
5;0.967773437500000;84226;8;187.28;((80564, 95212), (84226, 87888, 91550));
5;0.968261718750000;84226;7;193.23;((80564, 95212), (84226, 87888, 91550));
5;0.968505859375000;84226;5;185.96;((80564, 95212), (84226, 87888, 91550));
5;0.968383789062500;84226;8;188.26;((80564, 95212), (84226, 87888, 91550));
5;0.968444824218750;84226;4;184.26;((80564, 95212), (84226, 87888, 91550));
5;0.968414306640625;84226;4;185.77;((80564, 95212), (84226, 87888, 91550));
5;0.968399047851562;84226;5;185.05;((80564, 95212), (84226, 87888, 91550));
5;0.968391418457031;84226;3;183.11;((80564, 95212), (84226, 87888, 91550));
5;0.968387603759766;84226;4;185.40;((80564, 95212), (84226, 87888, 91550));
5;0.968385696411133;84226;2;184.13;((80564, 95212), (84226, 87888, 91550));
5;0.968384742736816;84226;4;186.56;((80564, 95212), (84226, 87888, 91550));
5;0.500000000000000;91550;11;106.78;((80564, 95212), (84226, 87888, 91550));
5;0.750000000000000;91550;11;155.50;((80564, 95212), (84226, 87888, 91550));
5;0.875000000000000;91550;11;177.97;((80564, 95212), (84226, 87888, 91550));
5;0.937500000000000;91550;11;188.91;((80564, 95212), (84226, 87888, 91550));
5;0.968750000000000;91550;0;89.72;((80564, 95212), (84226, 87888, 91550));
5;0.953125000000000;91550;11;191.43;((80564, 95212), (84226, 87888, 91550));
5;0.960937500000000;91550;11;194.83;((80564, 95212), (84226, 87888, 91550));
5;0.964843750000000;91550;0;115.15;((80564, 95212), (84226, 87888, 91550));
5;0.962890625000000;91550;4;186.55;((80564, 95212), (84226, 87888, 91550));
5;0.961914062500000;91550;10;194.41;((80564, 95212), (84226, 87888, 91550));
5;0.962402343750000;91550;6;189.23;((80564, 95212), (84226, 87888, 91550));
5;0.962646484375000;91550;6;190.10;((80564, 95212), (84226, 87888, 91550));
5;0.962768554687500;91550;5;187.55;((80564, 95212), (84226, 87888, 91550));
5;0.962707519531250;91550;5;190.37;((80564, 95212), (84226, 87888, 91550));
5;0.962677001953125;91550;3;184.95;((80564, 95212), (84226, 87888, 91550));
5;0.962661743164062;91550;8;186.25;((80564, 95212), (84226, 87888, 91550));
5;0.962669372558594;91550;5;184.74;((80564, 95212), (84226, 87888, 91550));
5;0.962665557861328;91550;6;187.73;((80564, 95212), (84226, 87888, 91550));
5;0.962667465209961;91550;4;185.23;((80564, 95212), (84226, 87888, 91550));
5;0.962666511535645;91550;5;185.57;((80564, 95212), (84226, 87888, 91550));
5;0.500000000000000;82395;11;106.64;((80564, 87888), (82395, 84226, 86057));
5;0.750000000000000;82395;11;158.43;((80564, 87888), (82395, 84226, 86057));
5;0.875000000000000;82395;11;174.84;((80564, 87888), (82395, 84226, 86057));
5;0.937500000000000;82395;11;188.97;((80564, 87888), (82395, 84226, 86057));
5;0.968750000000000;82395;2;182.95;((80564, 87888), (82395, 84226, 86057));
5;0.953125000000000;82395;11;193.49;((80564, 87888), (82395, 84226, 86057));
5;0.960937500000000;82395;11;193.94;((80564, 87888), (82395, 84226, 86057));
5;0.964843750000000;82395;11;193.63;((80564, 87888), (82395, 84226, 86057));
5;0.966796875000000;82395;10;190.14;((80564, 87888), (82395, 84226, 86057));
5;0.967773437500000;82395;9;187.61;((80564, 87888), (82395, 84226, 86057));
5;0.968261718750000;82395;3;185.84;((80564, 87888), (82395, 84226, 86057));
5;0.968017578125000;82395;6;187.93;((80564, 87888), (82395, 84226, 86057));
5;0.968139648437500;82395;6;185.45;((80564, 87888), (82395, 84226, 86057));
5;0.968200683593750;82395;1;183.11;((80564, 87888), (82395, 84226, 86057));
5;0.968170166015625;82395;7;187.44;((80564, 87888), (82395, 84226, 86057));
5;0.968185424804688;82395;8;188.96;((80564, 87888), (82395, 84226, 86057));
5;0.968193054199219;82395;10;190.59;((80564, 87888), (82395, 84226, 86057));
5;0.968196868896484;82395;7;188.35;((80564, 87888), (82395, 84226, 86057));
5;0.968198776245117;82395;6;187.55;((80564, 87888), (82395, 84226, 86057));
5;0.968199729919434;82395;4;185.74;((80564, 87888), (82395, 84226, 86057));
5;0.500000000000000;86057;11;107.23;((80564, 87888), (82395, 84226, 86057));
5;0.750000000000000;86057;11;151.81;((80564, 87888), (82395, 84226, 86057));
5;0.875000000000000;86057;11;176.31;((80564, 87888), (82395, 84226, 86057));
5;0.937500000000000;86057;11;189.66;((80564, 87888), (82395, 84226, 86057));
5;0.968750000000000;86057;3;185.59;((80564, 87888), (82395, 84226, 86057));
5;0.953125000000000;86057;11;192.23;((80564, 87888), (82395, 84226, 86057));
5;0.960937500000000;86057;11;195.14;((80564, 87888), (82395, 84226, 86057));
5;0.964843750000000;86057;11;195.88;((80564, 87888), (82395, 84226, 86057));
5;0.966796875000000;86057;11;192.47;((80564, 87888), (82395, 84226, 86057));
5;0.967773437500000;86057;8;197.28;((80564, 87888), (82395, 84226, 86057));
5;0.968261718750000;86057;6;186.67;((80564, 87888), (82395, 84226, 86057));
5;0.968505859375000;86057;3;182.85;((80564, 87888), (82395, 84226, 86057));
5;0.968383789062500;86057;4;184.40;((80564, 87888), (82395, 84226, 86057));
5;0.968322753906250;86057;6;185.64;((80564, 87888), (82395, 84226, 86057));
5;0.968353271484375;86057;7;186.16;((80564, 87888), (82395, 84226, 86057));
5;0.968368530273438;86057;7;185.81;((80564, 87888), (82395, 84226, 86057));
5;0.968376159667969;86057;6;185.97;((80564, 87888), (82395, 84226, 86057));
5;0.968379974365234;86057;7;186.54;((80564, 87888), (82395, 84226, 86057));
5;0.968381881713867;86057;5;185.96;((80564, 87888), (82395, 84226, 86057));
5;0.968380928039551;86057;4;185.64;((80564, 87888), (82395, 84226, 86057));
5;0.500000000000000;83310;11;105.60;((82395, 86057), (83310, 84225, 85140));
5;0.750000000000000;83310;11;152.54;((82395, 86057), (83310, 84225, 85140));
5;0.875000000000000;83310;11;175.66;((82395, 86057), (83310, 84225, 85140));
5;0.937500000000000;83310;11;191.51;((82395, 86057), (83310, 84225, 85140));
5;0.968750000000000;83310;0;87.97;((82395, 86057), (83310, 84225, 85140));
5;0.953125000000000;83310;11;192.43;((82395, 86057), (83310, 84225, 85140));
5;0.960937500000000;83310;11;192.25;((82395, 86057), (83310, 84225, 85140));
5;0.964843750000000;83310;0;118.34;((82395, 86057), (83310, 84225, 85140));
5;0.962890625000000;83310;8;187.05;((82395, 86057), (83310, 84225, 85140));
5;0.963867187500000;83310;2;183.91;((82395, 86057), (83310, 84225, 85140));
5;0.963378906250000;83310;1;181.92;((82395, 86057), (83310, 84225, 85140));
5;0.963134765625000;83310;7;196.19;((82395, 86057), (83310, 84225, 85140));
5;0.963256835937500;83310;8;185.87;((82395, 86057), (83310, 84225, 85140));
5;0.963317871093750;83310;7;186.20;((82395, 86057), (83310, 84225, 85140));
5;0.963348388671875;83310;9;187.78;((82395, 86057), (83310, 84225, 85140));
5;0.963363647460938;83310;6;185.16;((82395, 86057), (83310, 84225, 85140));
5;0.963371276855469;83310;7;186.17;((82395, 86057), (83310, 84225, 85140));
5;0.963375091552734;83310;9;187.09;((82395, 86057), (83310, 84225, 85140));
5;0.963376998901367;83310;4;184.19;((82395, 86057), (83310, 84225, 85140));
5;0.963376045227051;83310;3;184.61;((82395, 86057), (83310, 84225, 85140));
5;0.500000000000000;84225;11;106.22;((82395, 86057), (83310, 84225, 85140));
5;0.750000000000000;84225;11;153.18;((82395, 86057), (83310, 84225, 85140));
5;0.875000000000000;84225;11;177.29;((82395, 86057), (83310, 84225, 85140));
5;0.937500000000000;84225;11;188.56;((82395, 86057), (83310, 84225, 85140));
5;0.968750000000000;84225;4;185.39;((82395, 86057), (83310, 84225, 85140));
5;0.953125000000000;84225;11;191.40;((82395, 86057), (83310, 84225, 85140));
5;0.960937500000000;84225;11;192.73;((82395, 86057), (83310, 84225, 85140));
5;0.964843750000000;84225;11;194.79;((82395, 86057), (83310, 84225, 85140));
5;0.966796875000000;84225;8;188.32;((82395, 86057), (83310, 84225, 85140));
5;0.967773437500000;84225;6;186.82;((82395, 86057), (83310, 84225, 85140));
5;0.968261718750000;84225;5;187.15;((82395, 86057), (83310, 84225, 85140));
5;0.968017578125000;84225;5;186.57;((82395, 86057), (83310, 84225, 85140));
5;0.967895507812500;84225;8;190.80;((82395, 86057), (83310, 84225, 85140));
5;0.967956542968750;84225;7;186.38;((82395, 86057), (83310, 84225, 85140));
5;0.967987060546875;84225;9;189.08;((82395, 86057), (83310, 84225, 85140));
5;0.968002319335938;84225;9;188.68;((82395, 86057), (83310, 84225, 85140));
5;0.968009948730469;84225;4;185.08;((82395, 86057), (83310, 84225, 85140));
5;0.968006134033203;84225;7;193.21;((82395, 86057), (83310, 84225, 85140));
5;0.968008041381836;84225;8;187.05;((82395, 86057), (83310, 84225, 85140));
5;0.968008995056152;84225;9;186.76;((82395, 86057), (83310, 84225, 85140));
5;0.500000000000000;85140;11;107.10;((82395, 86057), (83310, 84225, 85140));
5;0.750000000000000;85140;11;152.10;((82395, 86057), (83310, 84225, 85140));
5;0.875000000000000;85140;11;177.09;((82395, 86057), (83310, 84225, 85140));
5;0.937500000000000;85140;11;188.63;((82395, 86057), (83310, 84225, 85140));
5;0.968750000000000;85140;0;87.40;((82395, 86057), (83310, 84225, 85140));
5;0.953125000000000;85140;11;192.29;((82395, 86057), (83310, 84225, 85140));
5;0.960937500000000;85140;10;187.74;((82395, 86057), (83310, 84225, 85140));
5;0.964843750000000;85140;1;179.56;((82395, 86057), (83310, 84225, 85140));
5;0.962890625000000;85140;8;188.40;((82395, 86057), (83310, 84225, 85140));
5;0.963867187500000;85140;3;184.44;((82395, 86057), (83310, 84225, 85140));
5;0.963378906250000;85140;6;186.18;((82395, 86057), (83310, 84225, 85140));
5;0.963623046875000;85140;3;183.66;((82395, 86057), (83310, 84225, 85140));
5;0.963500976562500;85140;3;184.69;((82395, 86057), (83310, 84225, 85140));
5;0.963439941406250;85140;6;186.25;((82395, 86057), (83310, 84225, 85140));
5;0.963470458984375;85140;5;185.63;((82395, 86057), (83310, 84225, 85140));
5;0.963455200195312;85140;3;183.59;((82395, 86057), (83310, 84225, 85140));
5;0.963447570800781;85140;7;186.82;((82395, 86057), (83310, 84225, 85140));
5;0.963451385498047;85140;5;184.67;((82395, 86057), (83310, 84225, 85140));
5;0.963449478149414;85140;7;186.12;((82395, 86057), (83310, 84225, 85140));
5;0.963450431823730;85140;6;186.18;((82395, 86057), (83310, 84225, 85140));
5;0.500000000000000;83767;11;105.96;((83310, 85140), (83767, 84224, 84681));
5;0.750000000000000;83767;11;151.85;((83310, 85140), (83767, 84224, 84681));
5;0.875000000000000;83767;11;179.57;((83310, 85140), (83767, 84224, 84681));
5;0.937500000000000;83767;11;187.63;((83310, 85140), (83767, 84224, 84681));
5;0.968750000000000;83767;5;186.81;((83310, 85140), (83767, 84224, 84681));
5;0.953125000000000;83767;11;191.32;((83310, 85140), (83767, 84224, 84681));
5;0.960937500000000;83767;11;197.55;((83310, 85140), (83767, 84224, 84681));
5;0.964843750000000;83767;11;194.02;((83310, 85140), (83767, 84224, 84681));
5;0.966796875000000;83767;11;195.01;((83310, 85140), (83767, 84224, 84681));
5;0.967773437500000;83767;6;187.43;((83310, 85140), (83767, 84224, 84681));
5;0.968261718750000;83767;7;187.30;((83310, 85140), (83767, 84224, 84681));
5;0.968505859375000;83767;3;183.70;((83310, 85140), (83767, 84224, 84681));
5;0.968383789062500;83767;1;183.04;((83310, 85140), (83767, 84224, 84681));
5;0.968322753906250;83767;5;185.61;((83310, 85140), (83767, 84224, 84681));
5;0.968292236328125;83767;7;186.60;((83310, 85140), (83767, 84224, 84681));
5;0.968307495117188;83767;5;187.19;((83310, 85140), (83767, 84224, 84681));
5;0.968299865722656;83767;7;189.31;((83310, 85140), (83767, 84224, 84681));
5;0.968303680419922;83767;6;187.15;((83310, 85140), (83767, 84224, 84681));
5;0.968305587768555;83767;7;185.76;((83310, 85140), (83767, 84224, 84681));
5;0.968306541442871;83767;3;184.92;((83310, 85140), (83767, 84224, 84681));
5;0.500000000000000;84224;11;106.99;((83310, 85140), (83767, 84224, 84681));
5;0.750000000000000;84224;11;153.04;((83310, 85140), (83767, 84224, 84681));
5;0.875000000000000;84224;11;181.17;((83310, 85140), (83767, 84224, 84681));
5;0.937500000000000;84224;11;190.82;((83310, 85140), (83767, 84224, 84681));
5;0.968750000000000;84224;0;86.51;((83310, 85140), (83767, 84224, 84681));
5;0.953125000000000;84224;11;190.29;((83310, 85140), (83767, 84224, 84681));
5;0.960937500000000;84224;10;189.81;((83310, 85140), (83767, 84224, 84681));
5;0.964843750000000;84224;1;182.26;((83310, 85140), (83767, 84224, 84681));
5;0.962890625000000;84224;8;186.96;((83310, 85140), (83767, 84224, 84681));
5;0.963867187500000;84224;3;184.22;((83310, 85140), (83767, 84224, 84681));
5;0.963378906250000;84224;6;187.79;((83310, 85140), (83767, 84224, 84681));
5;0.963623046875000;84224;5;184.80;((83310, 85140), (83767, 84224, 84681));
5;0.963500976562500;84224;8;186.15;((83310, 85140), (83767, 84224, 84681));
5;0.963562011718750;84224;2;181.37;((83310, 85140), (83767, 84224, 84681));
5;0.963531494140625;84224;5;185.62;((83310, 85140), (83767, 84224, 84681));
5;0.963516235351562;84224;6;186.17;((83310, 85140), (83767, 84224, 84681));
5;0.963523864746094;84224;7;187.57;((83310, 85140), (83767, 84224, 84681));
5;0.963527679443359;84224;4;186.03;((83310, 85140), (83767, 84224, 84681));
5;0.963525772094727;84224;6;185.25;((83310, 85140), (83767, 84224, 84681));
5;0.963526725769043;84224;8;189.11;((83310, 85140), (83767, 84224, 84681));
5;0.500000000000000;84681;11;106.47;((83310, 85140), (83767, 84224, 84681));
5;0.750000000000000;84681;11;155.37;((83310, 85140), (83767, 84224, 84681));
5;0.875000000000000;84681;11;174.91;((83310, 85140), (83767, 84224, 84681));
5;0.937500000000000;84681;11;188.14;((83310, 85140), (83767, 84224, 84681));
5;0.968750000000000;84681;7;187.51;((83310, 85140), (83767, 84224, 84681));
5;0.984375000000000;84681;0;80.87;((83310, 85140), (83767, 84224, 84681));
5;0.976562500000000;84681;0;81.94;((83310, 85140), (83767, 84224, 84681));
5;0.972656250000000;84681;0;93.56;((83310, 85140), (83767, 84224, 84681));
5;0.970703125000000;84681;0;108.53;((83310, 85140), (83767, 84224, 84681));
5;0.969726562500000;84681;1;182.38;((83310, 85140), (83767, 84224, 84681));
5;0.969238281250000;84681;2;184.50;((83310, 85140), (83767, 84224, 84681));
5;0.968994140625000;84681;3;185.01;((83310, 85140), (83767, 84224, 84681));
5;0.968872070312500;84681;1;185.02;((83310, 85140), (83767, 84224, 84681));
5;0.968811035156250;84681;3;185.18;((83310, 85140), (83767, 84224, 84681));
5;0.968780517578125;84681;4;184.89;((83310, 85140), (83767, 84224, 84681));
5;0.968765258789062;84681;4;184.89;((83310, 85140), (83767, 84224, 84681));
5;0.968757629394531;84681;4;186.06;((83310, 85140), (83767, 84224, 84681));
5;0.968753814697266;84681;5;185.10;((83310, 85140), (83767, 84224, 84681));
5;0.968751907348633;84681;5;183.46;((83310, 85140), (83767, 84224, 84681));
5;0.968750953674316;84681;4;185.50;((83310, 85140), (83767, 84224, 84681));
5;0.500000000000000;84453;11;106.12;((84224, 85140), (84453, 84682, 84911));
5;0.750000000000000;84453;11;153.71;((84224, 85140), (84453, 84682, 84911));
5;0.875000000000000;84453;11;180.88;((84224, 85140), (84453, 84682, 84911));
5;0.937500000000000;84453;11;189.14;((84224, 85140), (84453, 84682, 84911));
5;0.968750000000000;84453;3;184.54;((84224, 85140), (84453, 84682, 84911));
5;0.953125000000000;84453;11;191.78;((84224, 85140), (84453, 84682, 84911));
5;0.960937500000000;84453;11;193.90;((84224, 85140), (84453, 84682, 84911));
5;0.964843750000000;84453;11;194.71;((84224, 85140), (84453, 84682, 84911));
5;0.966796875000000;84453;9;188.70;((84224, 85140), (84453, 84682, 84911));
5;0.967773437500000;84453;7;188.09;((84224, 85140), (84453, 84682, 84911));
5;0.968261718750000;84453;4;185.98;((84224, 85140), (84453, 84682, 84911));
5;0.968017578125000;84453;7;185.59;((84224, 85140), (84453, 84682, 84911));
5;0.968139648437500;84453;6;187.56;((84224, 85140), (84453, 84682, 84911));
5;0.968200683593750;84453;9;192.38;((84224, 85140), (84453, 84682, 84911));
5;0.968231201171875;84453;6;190.14;((84224, 85140), (84453, 84682, 84911));
5;0.968246459960938;84453;6;188.17;((84224, 85140), (84453, 84682, 84911));
5;0.968254089355469;84453;9;190.88;((84224, 85140), (84453, 84682, 84911));
5;0.968257904052734;84453;7;189.14;((84224, 85140), (84453, 84682, 84911));
5;0.968259811401367;84453;6;186.59;((84224, 85140), (84453, 84682, 84911));
5;0.968260765075684;84453;6;186.96;((84224, 85140), (84453, 84682, 84911));
5;0.500000000000000;84682;11;106.77;((84224, 85140), (84453, 84682, 84911));
5;0.750000000000000;84682;11;151.89;((84224, 85140), (84453, 84682, 84911));
5;0.875000000000000;84682;11;175.62;((84224, 85140), (84453, 84682, 84911));
5;0.937500000000000;84682;11;190.69;((84224, 85140), (84453, 84682, 84911));
5;0.968750000000000;84682;0;86.94;((84224, 85140), (84453, 84682, 84911));
5;0.953125000000000;84682;11;193.50;((84224, 85140), (84453, 84682, 84911));
5;0.960937500000000;84682;10;188.11;((84224, 85140), (84453, 84682, 84911));
5;0.964843750000000;84682;1;180.89;((84224, 85140), (84453, 84682, 84911));
5;0.962890625000000;84682;8;191.87;((84224, 85140), (84453, 84682, 84911));
5;0.963867187500000;84682;5;186.51;((84224, 85140), (84453, 84682, 84911));
5;0.963378906250000;84682;7;185.79;((84224, 85140), (84453, 84682, 84911));
5;0.963623046875000;84682;4;183.64;((84224, 85140), (84453, 84682, 84911));
5;0.963500976562500;84682;8;187.10;((84224, 85140), (84453, 84682, 84911));
5;0.963562011718750;84682;5;186.63;((84224, 85140), (84453, 84682, 84911));
5;0.963531494140625;84682;5;184.94;((84224, 85140), (84453, 84682, 84911));
5;0.963516235351562;84682;7;186.46;((84224, 85140), (84453, 84682, 84911));
5;0.963523864746094;84682;4;183.90;((84224, 85140), (84453, 84682, 84911));
5;0.963520050048828;84682;7;186.90;((84224, 85140), (84453, 84682, 84911));
5;0.963521957397461;84682;6;185.01;((84224, 85140), (84453, 84682, 84911));
5;0.963522911071777;84682;6;194.63;((84224, 85140), (84453, 84682, 84911));
5;0.500000000000000;84911;11;105.55;((84224, 85140), (84453, 84682, 84911));
5;0.750000000000000;84911;11;153.60;((84224, 85140), (84453, 84682, 84911));
5;0.875000000000000;84911;11;176.22;((84224, 85140), (84453, 84682, 84911));
5;0.937500000000000;84911;11;188.28;((84224, 85140), (84453, 84682, 84911));
5;0.968750000000000;84911;3;184.29;((84224, 85140), (84453, 84682, 84911));
5;0.953125000000000;84911;11;192.32;((84224, 85140), (84453, 84682, 84911));
5;0.960937500000000;84911;11;195.85;((84224, 85140), (84453, 84682, 84911));
5;0.964843750000000;84911;11;192.53;((84224, 85140), (84453, 84682, 84911));
5;0.966796875000000;84911;10;191.06;((84224, 85140), (84453, 84682, 84911));
5;0.967773437500000;84911;7;186.64;((84224, 85140), (84453, 84682, 84911));
5;0.968261718750000;84911;4;185.47;((84224, 85140), (84453, 84682, 84911));
5;0.968017578125000;84911;7;186.78;((84224, 85140), (84453, 84682, 84911));
5;0.968139648437500;84911;6;188.77;((84224, 85140), (84453, 84682, 84911));
5;0.968200683593750;84911;5;185.62;((84224, 85140), (84453, 84682, 84911));
5;0.968170166015625;84911;7;188.70;((84224, 85140), (84453, 84682, 84911));
5;0.968185424804688;84911;6;186.42;((84224, 85140), (84453, 84682, 84911));
5;0.968193054199219;84911;2;184.86;((84224, 85140), (84453, 84682, 84911));
5;0.968189239501953;84911;5;186.01;((84224, 85140), (84453, 84682, 84911));
5;0.968187332153320;84911;6;188.56;((84224, 85140), (84453, 84682, 84911));
5;0.968188285827637;84911;6;186.91;((84224, 85140), (84453, 84682, 84911));
5;0.500000000000000;84338;11;107.08;((84224, 84682), (84338, 84452, 84566));
5;0.750000000000000;84338;11;152.21;((84224, 84682), (84338, 84452, 84566));
5;0.875000000000000;84338;11;175.85;((84224, 84682), (84338, 84452, 84566));
5;0.937500000000000;84338;11;228.58;((84224, 84682), (84338, 84452, 84566));
5;0.968750000000000;84338;5;185.04;((84224, 84682), (84338, 84452, 84566));
5;0.953125000000000;84338;11;191.74;((84224, 84682), (84338, 84452, 84566));
5;0.960937500000000;84338;11;192.69;((84224, 84682), (84338, 84452, 84566));
5;0.964843750000000;84338;11;194.12;((84224, 84682), (84338, 84452, 84566));
5;0.966796875000000;84338;9;189.82;((84224, 84682), (84338, 84452, 84566));
5;0.967773437500000;84338;10;190.11;((84224, 84682), (84338, 84452, 84566));
5;0.968261718750000;84338;5;189.12;((84224, 84682), (84338, 84452, 84566));
5;0.968017578125000;84338;7;188.53;((84224, 84682), (84338, 84452, 84566));
5;0.968139648437500;84338;6;188.23;((84224, 84682), (84338, 84452, 84566));
5;0.968200683593750;84338;8;187.86;((84224, 84682), (84338, 84452, 84566));
5;0.968231201171875;84338;5;187.57;((84224, 84682), (84338, 84452, 84566));
5;0.968215942382812;84338;5;186.42;((84224, 84682), (84338, 84452, 84566));
5;0.968208312988281;84338;9;188.20;((84224, 84682), (84338, 84452, 84566));
5;0.968212127685547;84338;7;186.99;((84224, 84682), (84338, 84452, 84566));
5;0.968214035034180;84338;8;187.09;((84224, 84682), (84338, 84452, 84566));
5;0.968214988708496;84338;7;186.20;((84224, 84682), (84338, 84452, 84566));
5;0.500000000000000;84452;11;105.51;((84224, 84682), (84338, 84452, 84566));
5;0.750000000000000;84452;11;152.06;((84224, 84682), (84338, 84452, 84566));
5;0.875000000000000;84452;11;175.64;((84224, 84682), (84338, 84452, 84566));
5;0.937500000000000;84452;11;188.45;((84224, 84682), (84338, 84452, 84566));
5;0.968750000000000;84452;0;86.98;((84224, 84682), (84338, 84452, 84566));
5;0.953125000000000;84452;11;193.48;((84224, 84682), (84338, 84452, 84566));
5;0.960937500000000;84452;11;192.81;((84224, 84682), (84338, 84452, 84566));
5;0.964843750000000;84452;0;118.44;((84224, 84682), (84338, 84452, 84566));
5;0.962890625000000;84452;7;185.82;((84224, 84682), (84338, 84452, 84566));
5;0.963867187500000;84452;4;183.85;((84224, 84682), (84338, 84452, 84566));
5;0.963378906250000;84452;7;188.16;((84224, 84682), (84338, 84452, 84566));
5;0.963623046875000;84452;4;186.89;((84224, 84682), (84338, 84452, 84566));
5;0.963500976562500;84452;6;187.35;((84224, 84682), (84338, 84452, 84566));
5;0.963562011718750;84452;4;186.56;((84224, 84682), (84338, 84452, 84566));
5;0.963531494140625;84452;8;187.14;((84224, 84682), (84338, 84452, 84566));
5;0.963546752929688;84452;3;184.18;((84224, 84682), (84338, 84452, 84566));
5;0.963539123535156;84452;3;183.26;((84224, 84682), (84338, 84452, 84566));
5;0.963535308837891;84452;6;184.38;((84224, 84682), (84338, 84452, 84566));
5;0.963537216186523;84452;5;184.61;((84224, 84682), (84338, 84452, 84566));
5;0.963536262512207;84452;6;185.00;((84224, 84682), (84338, 84452, 84566));
5;0.500000000000000;84566;11;105.46;((84224, 84682), (84338, 84452, 84566));
5;0.750000000000000;84566;11;193.75;((84224, 84682), (84338, 84452, 84566));
5;0.875000000000000;84566;11;178.13;((84224, 84682), (84338, 84452, 84566));
5;0.937500000000000;84566;11;198.24;((84224, 84682), (84338, 84452, 84566));
5;0.968750000000000;84566;6;186.34;((84224, 84682), (84338, 84452, 84566));
5;0.984375000000000;84566;0;80.62;((84224, 84682), (84338, 84452, 84566));
5;0.976562500000000;84566;0;84.24;((84224, 84682), (84338, 84452, 84566));
5;0.972656250000000;84566;0;94.72;((84224, 84682), (84338, 84452, 84566));
5;0.970703125000000;84566;0;116.96;((84224, 84682), (84338, 84452, 84566));
5;0.969726562500000;84566;0;122.73;((84224, 84682), (84338, 84452, 84566));
5;0.969238281250000;84566;4;185.89;((84224, 84682), (84338, 84452, 84566));
5;0.968994140625000;84566;2;184.05;((84224, 84682), (84338, 84452, 84566));
5;0.968872070312500;84566;4;187.38;((84224, 84682), (84338, 84452, 84566));
5;0.968811035156250;84566;5;186.73;((84224, 84682), (84338, 84452, 84566));
5;0.968780517578125;84566;2;184.68;((84224, 84682), (84338, 84452, 84566));
5;0.968765258789062;84566;2;182.37;((84224, 84682), (84338, 84452, 84566));
5;0.968757629394531;84566;5;185.97;((84224, 84682), (84338, 84452, 84566));
5;0.968753814697266;84566;1;185.11;((84224, 84682), (84338, 84452, 84566));
5;0.968751907348633;84566;4;185.83;((84224, 84682), (84338, 84452, 84566));
5;0.968750953674316;84566;4;185.90;((84224, 84682), (84338, 84452, 84566));
5;0.500000000000000;84509;11;107.02;((84452, 84682), (84509, 84566, 84623));
5;0.750000000000000;84509;11;153.48;((84452, 84682), (84509, 84566, 84623));
5;0.875000000000000;84509;11;177.73;((84452, 84682), (84509, 84566, 84623));
5;0.937500000000000;84509;11;187.26;((84452, 84682), (84509, 84566, 84623));
5;0.968750000000000;84509;5;186.77;((84452, 84682), (84509, 84566, 84623));
5;0.953125000000000;84509;11;234.52;((84452, 84682), (84509, 84566, 84623));
5;0.960937500000000;84509;11;193.24;((84452, 84682), (84509, 84566, 84623));
5;0.964843750000000;84509;11;194.87;((84452, 84682), (84509, 84566, 84623));
5;0.966796875000000;84509;11;194.70;((84452, 84682), (84509, 84566, 84623));
5;0.967773437500000;84509;9;190.45;((84452, 84682), (84509, 84566, 84623));
5;0.968261718750000;84509;5;186.69;((84452, 84682), (84509, 84566, 84623));
5;0.968017578125000;84509;6;185.92;((84452, 84682), (84509, 84566, 84623));
5;0.968139648437500;84509;6;187.13;((84452, 84682), (84509, 84566, 84623));
5;0.968200683593750;84509;8;190.11;((84452, 84682), (84509, 84566, 84623));
5;0.968231201171875;84509;5;186.59;((84452, 84682), (84509, 84566, 84623));
5;0.968215942382812;84509;8;187.75;((84452, 84682), (84509, 84566, 84623));
5;0.968223571777344;84509;7;202.75;((84452, 84682), (84509, 84566, 84623));
5;0.968227386474609;84509;6;199.15;((84452, 84682), (84509, 84566, 84623));
5;0.968229293823242;84509;2;186.83;((84452, 84682), (84509, 84566, 84623));
5;0.968228340148926;84509;7;187.07;((84452, 84682), (84509, 84566, 84623));
5;0.500000000000000;84623;11;105.27;((84452, 84682), (84509, 84566, 84623));
5;0.750000000000000;84623;11;152.33;((84452, 84682), (84509, 84566, 84623));
5;0.875000000000000;84623;11;176.79;((84452, 84682), (84509, 84566, 84623));
5;0.937500000000000;84623;11;190.93;((84452, 84682), (84509, 84566, 84623));
5;0.968750000000000;84623;5;186.98;((84452, 84682), (84509, 84566, 84623));
5;0.953125000000000;84623;11;194.06;((84452, 84682), (84509, 84566, 84623));
5;0.960937500000000;84623;11;194.54;((84452, 84682), (84509, 84566, 84623));
5;0.964843750000000;84623;11;194.31;((84452, 84682), (84509, 84566, 84623));
5;0.966796875000000;84623;10;190.26;((84452, 84682), (84509, 84566, 84623));
5;0.967773437500000;84623;7;187.13;((84452, 84682), (84509, 84566, 84623));
5;0.968261718750000;84623;6;188.24;((84452, 84682), (84509, 84566, 84623));
5;0.968505859375000;84623;3;184.16;((84452, 84682), (84509, 84566, 84623));
5;0.968383789062500;84623;5;186.08;((84452, 84682), (84509, 84566, 84623));
5;0.968322753906250;84623;6;187.07;((84452, 84682), (84509, 84566, 84623));
5;0.968353271484375;84623;8;187.21;((84452, 84682), (84509, 84566, 84623));
5;0.968368530273438;84623;6;189.98;((84452, 84682), (84509, 84566, 84623));
5;0.968376159667969;84623;6;187.72;((84452, 84682), (84509, 84566, 84623));
5;0.968379974365234;84623;4;185.89;((84452, 84682), (84509, 84566, 84623));
5;0.968378067016602;84623;6;186.03;((84452, 84682), (84509, 84566, 84623));
5;0.968379020690918;84623;7;186.81;((84452, 84682), (84509, 84566, 84623));
5;0.500000000000000;84537;11;107.68;((84509, 84623), (84537, 84565, 84593));
5;0.750000000000000;84537;11;151.62;((84509, 84623), (84537, 84565, 84593));
5;0.875000000000000;84537;11;177.02;((84509, 84623), (84537, 84565, 84593));
5;0.937500000000000;84537;11;189.45;((84509, 84623), (84537, 84565, 84593));
5;0.968750000000000;84537;6;188.33;((84509, 84623), (84537, 84565, 84593));
5;0.984375000000000;84537;0;80.58;((84509, 84623), (84537, 84565, 84593));
5;0.976562500000000;84537;0;82.12;((84509, 84623), (84537, 84565, 84593));
5;0.972656250000000;84537;0;101.65;((84509, 84623), (84537, 84565, 84593));
5;0.970703125000000;84537;0;107.97;((84509, 84623), (84537, 84565, 84593));
5;0.969726562500000;84537;0;119.41;((84509, 84623), (84537, 84565, 84593));
5;0.969238281250000;84537;2;184.56;((84509, 84623), (84537, 84565, 84593));
5;0.968994140625000;84537;2;185.86;((84509, 84623), (84537, 84565, 84593));
5;0.968872070312500;84537;1;182.74;((84509, 84623), (84537, 84565, 84593));
5;0.968811035156250;84537;3;183.76;((84509, 84623), (84537, 84565, 84593));
5;0.968780517578125;84537;1;183.09;((84509, 84623), (84537, 84565, 84593));
5;0.968765258789062;84537;3;182.94;((84509, 84623), (84537, 84565, 84593));
5;0.968757629394531;84537;5;187.61;((84509, 84623), (84537, 84565, 84593));
5;0.968753814697266;84537;4;193.19;((84509, 84623), (84537, 84565, 84593));
5;0.968751907348633;84537;2;184.81;((84509, 84623), (84537, 84565, 84593));
5;0.968750953674316;84537;6;187.94;((84509, 84623), (84537, 84565, 84593));
5;0.500000000000000;84565;11;105.72;((84509, 84623), (84537, 84565, 84593));
5;0.750000000000000;84565;11;152.47;((84509, 84623), (84537, 84565, 84593));
5;0.875000000000000;84565;11;175.28;((84509, 84623), (84537, 84565, 84593));
5;0.937500000000000;84565;11;189.21;((84509, 84623), (84537, 84565, 84593));
5;0.968750000000000;84565;6;192.67;((84509, 84623), (84537, 84565, 84593));
5;0.984375000000000;84565;0;80.80;((84509, 84623), (84537, 84565, 84593));
5;0.976562500000000;84565;0;90.96;((84509, 84623), (84537, 84565, 84593));
5;0.972656250000000;84565;0;98.62;((84509, 84623), (84537, 84565, 84593));
5;0.970703125000000;84565;0;129.27;((84509, 84623), (84537, 84565, 84593));
5;0.969726562500000;84565;3;184.30;((84509, 84623), (84537, 84565, 84593));
5;0.969238281250000;84565;2;184.21;((84509, 84623), (84537, 84565, 84593));
5;0.968994140625000;84565;3;185.10;((84509, 84623), (84537, 84565, 84593));
5;0.968872070312500;84565;5;186.66;((84509, 84623), (84537, 84565, 84593));
5;0.968811035156250;84565;2;186.09;((84509, 84623), (84537, 84565, 84593));
5;0.968780517578125;84565;4;185.69;((84509, 84623), (84537, 84565, 84593));
5;0.968765258789062;84565;3;186.74;((84509, 84623), (84537, 84565, 84593));
5;0.968757629394531;84565;2;184.56;((84509, 84623), (84537, 84565, 84593));
5;0.968753814697266;84565;4;188.06;((84509, 84623), (84537, 84565, 84593));
5;0.968751907348633;84565;3;185.83;((84509, 84623), (84537, 84565, 84593));
5;0.968750953674316;84565;2;182.09;((84509, 84623), (84537, 84565, 84593));
5;0.500000000000000;84593;11;105.14;((84509, 84623), (84537, 84565, 84593));
5;0.750000000000000;84593;11;152.37;((84509, 84623), (84537, 84565, 84593));
5;0.875000000000000;84593;11;175.76;((84509, 84623), (84537, 84565, 84593));
5;0.937500000000000;84593;11;188.23;((84509, 84623), (84537, 84565, 84593));
5;0.968750000000000;84593;3;186.71;((84509, 84623), (84537, 84565, 84593));
5;0.953125000000000;84593;11;191.28;((84509, 84623), (84537, 84565, 84593));
5;0.960937500000000;84593;11;193.67;((84509, 84623), (84537, 84565, 84593));
5;0.964843750000000;84593;11;193.13;((84509, 84623), (84537, 84565, 84593));
5;0.966796875000000;84593;11;193.62;((84509, 84623), (84537, 84565, 84593));
5;0.967773437500000;84593;6;187.50;((84509, 84623), (84537, 84565, 84593));
5;0.968261718750000;84593;5;188.07;((84509, 84623), (84537, 84565, 84593));
5;0.968017578125000;84593;7;189.06;((84509, 84623), (84537, 84565, 84593));
5;0.968139648437500;84593;8;186.94;((84509, 84623), (84537, 84565, 84593));
5;0.968200683593750;84593;9;192.23;((84509, 84623), (84537, 84565, 84593));
5;0.968231201171875;84593;4;186.81;((84509, 84623), (84537, 84565, 84593));
5;0.968215942382812;84593;4;187.73;((84509, 84623), (84537, 84565, 84593));
5;0.968208312988281;84593;5;185.76;((84509, 84623), (84537, 84565, 84593));
5;0.968204498291016;84593;10;192.24;((84509, 84623), (84537, 84565, 84593));
5;0.968206405639648;84593;7;187.48;((84509, 84623), (84537, 84565, 84593));
5;0.968207359313965;84593;9;188.90;((84509, 84623), (84537, 84565, 84593));
5;0.500000000000000;84523;11;106.07;((84509, 84565), (84523, 84537, 84551));
5;0.750000000000000;84523;11;153.32;((84509, 84565), (84523, 84537, 84551));
5;0.875000000000000;84523;11;181.75;((84509, 84565), (84523, 84537, 84551));
5;0.937500000000000;84523;11;189.53;((84509, 84565), (84523, 84537, 84551));
5;0.968750000000000;84523;3;183.77;((84509, 84565), (84523, 84537, 84551));
5;0.953125000000000;84523;11;191.19;((84509, 84565), (84523, 84537, 84551));
5;0.960937500000000;84523;11;192.79;((84509, 84565), (84523, 84537, 84551));
5;0.964843750000000;84523;11;194.15;((84509, 84565), (84523, 84537, 84551));
5;0.966796875000000;84523;10;190.58;((84509, 84565), (84523, 84537, 84551));
5;0.967773437500000;84523;10;190.87;((84509, 84565), (84523, 84537, 84551));
5;0.968261718750000;84523;4;188.21;((84509, 84565), (84523, 84537, 84551));
5;0.968017578125000;84523;6;188.76;((84509, 84565), (84523, 84537, 84551));
5;0.968139648437500;84523;9;190.65;((84509, 84565), (84523, 84537, 84551));
5;0.968200683593750;84523;4;187.63;((84509, 84565), (84523, 84537, 84551));
5;0.968170166015625;84523;8;188.58;((84509, 84565), (84523, 84537, 84551));
5;0.968185424804688;84523;9;188.82;((84509, 84565), (84523, 84537, 84551));
5;0.968193054199219;84523;6;192.89;((84509, 84565), (84523, 84537, 84551));
5;0.968196868896484;84523;8;189.04;((84509, 84565), (84523, 84537, 84551));
5;0.968198776245117;84523;8;188.36;((84509, 84565), (84523, 84537, 84551));
5;0.968199729919434;84523;9;197.95;((84509, 84565), (84523, 84537, 84551));
5;0.500000000000000;84551;11;106.48;((84509, 84565), (84523, 84537, 84551));
5;0.750000000000000;84551;11;153.18;((84509, 84565), (84523, 84537, 84551));
5;0.875000000000000;84551;11;178.55;((84509, 84565), (84523, 84537, 84551));
5;0.937500000000000;84551;11;187.97;((84509, 84565), (84523, 84537, 84551));
5;0.968750000000000;84551;2;183.58;((84509, 84565), (84523, 84537, 84551));
5;0.953125000000000;84551;11;192.58;((84509, 84565), (84523, 84537, 84551));
5;0.960937500000000;84551;11;193.66;((84509, 84565), (84523, 84537, 84551));
5;0.964843750000000;84551;11;193.51;((84509, 84565), (84523, 84537, 84551));
5;0.966796875000000;84551;10;191.12;((84509, 84565), (84523, 84537, 84551));
5;0.967773437500000;84551;8;189.27;((84509, 84565), (84523, 84537, 84551));
5;0.968261718750000;84551;4;185.22;((84509, 84565), (84523, 84537, 84551));
5;0.968017578125000;84551;8;189.45;((84509, 84565), (84523, 84537, 84551));
5;0.968139648437500;84551;7;187.56;((84509, 84565), (84523, 84537, 84551));
5;0.968200683593750;84551;4;187.88;((84509, 84565), (84523, 84537, 84551));
5;0.968170166015625;84551;4;187.04;((84509, 84565), (84523, 84537, 84551));
5;0.968154907226562;84551;8;191.52;((84509, 84565), (84523, 84537, 84551));
5;0.968162536621094;84551;5;186.23;((84509, 84565), (84523, 84537, 84551));
5;0.968158721923828;84551;7;188.32;((84509, 84565), (84523, 84537, 84551));
5;0.968160629272461;84551;7;186.95;((84509, 84565), (84523, 84537, 84551));
5;0.968161582946777;84551;7;185.77;((84509, 84565), (84523, 84537, 84551));
