5;0.500000000000000;875000;11;51.66;((0, 3500000), (875000, 1750000, 2625000));
5;0.750000000000000;875000;0;38.39;((0, 3500000), (875000, 1750000, 2625000));
5;0.625000000000000;875000;11;63.35;((0, 3500000), (875000, 1750000, 2625000));
5;0.687500000000000;875000;11;69.18;((0, 3500000), (875000, 1750000, 2625000));
5;0.718750000000000;875000;11;71.60;((0, 3500000), (875000, 1750000, 2625000));
5;0.734375000000000;875000;11;71.93;((0, 3500000), (875000, 1750000, 2625000));
5;0.742187500000000;875000;0;40.33;((0, 3500000), (875000, 1750000, 2625000));
5;0.738281250000000;875000;11;74.26;((0, 3500000), (875000, 1750000, 2625000));
5;0.740234375000000;875000;11;72.53;((0, 3500000), (875000, 1750000, 2625000));
5;0.741210937500000;875000;9;68.44;((0, 3500000), (875000, 1750000, 2625000));
5;0.741699218750000;875000;6;68.53;((0, 3500000), (875000, 1750000, 2625000));
5;0.741943359375000;875000;2;66.08;((0, 3500000), (875000, 1750000, 2625000));
5;0.741821289062500;875000;1;65.04;((0, 3500000), (875000, 1750000, 2625000));
5;0.741760253906250;875000;3;66.71;((0, 3500000), (875000, 1750000, 2625000));
5;0.741729736328125;875000;4;67.18;((0, 3500000), (875000, 1750000, 2625000));
5;0.741714477539062;875000;6;68.01;((0, 3500000), (875000, 1750000, 2625000));
5;0.741722106933594;875000;2;65.65;((0, 3500000), (875000, 1750000, 2625000));
5;0.741718292236328;875000;1;65.43;((0, 3500000), (875000, 1750000, 2625000));
5;0.741716384887695;875000;4;68.00;((0, 3500000), (875000, 1750000, 2625000));
5;0.741715431213379;875000;2;65.82;((0, 3500000), (875000, 1750000, 2625000));
5;0.500000000000000;1750000;11;49.64;((0, 3500000), (875000, 1750000, 2625000));
5;0.750000000000000;1750000;0;33.46;((0, 3500000), (875000, 1750000, 2625000));
5;0.625000000000000;1750000;0;33.06;((0, 3500000), (875000, 1750000, 2625000));
5;0.562500000000000;1750000;11;55.00;((0, 3500000), (875000, 1750000, 2625000));
5;0.593750000000000;1750000;11;57.85;((0, 3500000), (875000, 1750000, 2625000));
5;0.609375000000000;1750000;11;58.84;((0, 3500000), (875000, 1750000, 2625000));
5;0.617187500000000;1750000;0;33.78;((0, 3500000), (875000, 1750000, 2625000));
5;0.613281250000000;1750000;11;59.07;((0, 3500000), (875000, 1750000, 2625000));
5;0.615234375000000;1750000;11;59.68;((0, 3500000), (875000, 1750000, 2625000));
5;0.616210937500000;1750000;3;56.74;((0, 3500000), (875000, 1750000, 2625000));
5;0.615722656250000;1750000;9;58.34;((0, 3500000), (875000, 1750000, 2625000));
5;0.615966796875000;1750000;4;56.84;((0, 3500000), (875000, 1750000, 2625000));
5;0.615844726562500;1750000;6;57.58;((0, 3500000), (875000, 1750000, 2625000));
5;0.615905761718750;1750000;5;57.97;((0, 3500000), (875000, 1750000, 2625000));
5;0.615875244140625;1750000;7;57.77;((0, 3500000), (875000, 1750000, 2625000));
5;0.615890502929688;1750000;9;58.20;((0, 3500000), (875000, 1750000, 2625000));
5;0.615898132324219;1750000;4;56.71;((0, 3500000), (875000, 1750000, 2625000));
5;0.615894317626953;1750000;8;57.82;((0, 3500000), (875000, 1750000, 2625000));
5;0.615896224975586;1750000;5;57.67;((0, 3500000), (875000, 1750000, 2625000));
5;0.615895271301270;1750000;4;57.31;((0, 3500000), (875000, 1750000, 2625000));
5;0.500000000000000;2625000;11;49.11;((0, 3500000), (875000, 1750000, 2625000));
5;0.750000000000000;2625000;0;32.05;((0, 3500000), (875000, 1750000, 2625000));
5;0.625000000000000;2625000;0;31.24;((0, 3500000), (875000, 1750000, 2625000));
5;0.562500000000000;2625000;11;54.72;((0, 3500000), (875000, 1750000, 2625000));
5;0.593750000000000;2625000;11;57.93;((0, 3500000), (875000, 1750000, 2625000));
5;0.609375000000000;2625000;0;31.95;((0, 3500000), (875000, 1750000, 2625000));
5;0.601562500000000;2625000;11;58.21;((0, 3500000), (875000, 1750000, 2625000));
5;0.605468750000000;2625000;11;59.50;((0, 3500000), (875000, 1750000, 2625000));
5;0.607421875000000;2625000;4;56.26;((0, 3500000), (875000, 1750000, 2625000));
5;0.606445312500000;2625000;11;58.46;((0, 3500000), (875000, 1750000, 2625000));
5;0.606933593750000;2625000;11;58.61;((0, 3500000), (875000, 1750000, 2625000));
5;0.607177734375000;2625000;10;57.90;((0, 3500000), (875000, 1750000, 2625000));
5;0.607299804687500;2625000;8;57.28;((0, 3500000), (875000, 1750000, 2625000));
5;0.607360839843750;2625000;4;56.07;((0, 3500000), (875000, 1750000, 2625000));
5;0.607330322265625;2625000;7;56.69;((0, 3500000), (875000, 1750000, 2625000));
5;0.607345581054688;2625000;8;57.14;((0, 3500000), (875000, 1750000, 2625000));
5;0.607353210449219;2625000;5;56.57;((0, 3500000), (875000, 1750000, 2625000));
5;0.607349395751953;2625000;2;54.78;((0, 3500000), (875000, 1750000, 2625000));
5;0.607347488403320;2625000;4;55.92;((0, 3500000), (875000, 1750000, 2625000));
5;0.607346534729004;2625000;6;57.56;((0, 3500000), (875000, 1750000, 2625000));
5;0.500000000000000;437500;11;49.76;((0, 1750000), (437500, 875000, 1312500));
5;0.750000000000000;437500;11;70.96;((0, 1750000), (437500, 875000, 1312500));
5;0.875000000000000;437500;0;37.16;((0, 1750000), (437500, 875000, 1312500));
5;0.812500000000000;437500;11;76.59;((0, 1750000), (437500, 875000, 1312500));
5;0.843750000000000;437500;11;79.36;((0, 1750000), (437500, 875000, 1312500));
5;0.859375000000000;437500;11;80.31;((0, 1750000), (437500, 875000, 1312500));
5;0.867187500000000;437500;0;37.40;((0, 1750000), (437500, 875000, 1312500));
5;0.863281250000000;437500;0;44.60;((0, 1750000), (437500, 875000, 1312500));
5;0.861328125000000;437500;5;77.08;((0, 1750000), (437500, 875000, 1312500));
5;0.860351562500000;437500;11;80.66;((0, 1750000), (437500, 875000, 1312500));
5;0.860839843750000;437500;10;79.36;((0, 1750000), (437500, 875000, 1312500));
5;0.861083984375000;437500;9;78.85;((0, 1750000), (437500, 875000, 1312500));
5;0.861206054687500;437500;9;78.22;((0, 1750000), (437500, 875000, 1312500));
5;0.861267089843750;437500;4;77.40;((0, 1750000), (437500, 875000, 1312500));
5;0.861236572265625;437500;8;77.59;((0, 1750000), (437500, 875000, 1312500));
5;0.861251831054688;437500;9;79.83;((0, 1750000), (437500, 875000, 1312500));
5;0.861259460449219;437500;11;86.97;((0, 1750000), (437500, 875000, 1312500));
5;0.861263275146484;437500;5;77.05;((0, 1750000), (437500, 875000, 1312500));
5;0.861261367797852;437500;10;80.43;((0, 1750000), (437500, 875000, 1312500));
5;0.861262321472168;437500;10;79.34;((0, 1750000), (437500, 875000, 1312500));
5;0.500000000000000;1312500;11;48.92;((0, 1750000), (437500, 875000, 1312500));
5;0.750000000000000;1312500;0;34.06;((0, 1750000), (437500, 875000, 1312500));
5;0.625000000000000;1312500;11;60.27;((0, 1750000), (437500, 875000, 1312500));
5;0.687500000000000;1312500;0;34.17;((0, 1750000), (437500, 875000, 1312500));
5;0.656250000000000;1312500;0;34.86;((0, 1750000), (437500, 875000, 1312500));
5;0.640625000000000;1312500;11;61.81;((0, 1750000), (437500, 875000, 1312500));
5;0.648437500000000;1312500;10;61.12;((0, 1750000), (437500, 875000, 1312500));
5;0.652343750000000;1312500;0;34.96;((0, 1750000), (437500, 875000, 1312500));
5;0.650390625000000;1312500;0;35.61;((0, 1750000), (437500, 875000, 1312500));
5;0.649414062500000;1312500;1;57.85;((0, 1750000), (437500, 875000, 1312500));
5;0.648925781250000;1312500;7;60.36;((0, 1750000), (437500, 875000, 1312500));
5;0.649169921875000;1312500;2;58.52;((0, 1750000), (437500, 875000, 1312500));
5;0.649047851562500;1312500;1;57.81;((0, 1750000), (437500, 875000, 1312500));
5;0.648986816406250;1312500;5;59.70;((0, 1750000), (437500, 875000, 1312500));
5;0.648956298828125;1312500;4;59.58;((0, 1750000), (437500, 875000, 1312500));
5;0.648941040039062;1312500;3;59.16;((0, 1750000), (437500, 875000, 1312500));
5;0.648933410644531;1312500;4;59.61;((0, 1750000), (437500, 875000, 1312500));
5;0.648929595947266;1312500;4;59.45;((0, 1750000), (437500, 875000, 1312500));
5;0.648927688598633;1312500;2;58.34;((0, 1750000), (437500, 875000, 1312500));
5;0.648926734924316;1312500;3;59.43;((0, 1750000), (437500, 875000, 1312500));
5;0.500000000000000;218750;11;48.31;((0, 875000), (218750, 437500, 656250));
5;0.750000000000000;218750;11;70.07;((0, 875000), (218750, 437500, 656250));
5;0.875000000000000;218750;11;81.56;((0, 875000), (218750, 437500, 656250));
5;0.937500000000000;218750;0;37.09;((0, 875000), (218750, 437500, 656250));
5;0.906250000000000;218750;11;84.41;((0, 875000), (218750, 437500, 656250));
5;0.921875000000000;218750;0;52.26;((0, 875000), (218750, 437500, 656250));
5;0.914062500000000;218750;11;86.28;((0, 875000), (218750, 437500, 656250));
5;0.917968750000000;218750;11;93.08;((0, 875000), (218750, 437500, 656250));
5;0.919921875000000;218750;9;83.49;((0, 875000), (218750, 437500, 656250));
5;0.920898437500000;218750;2;80.49;((0, 875000), (218750, 437500, 656250));
5;0.920410156250000;218750;3;80.54;((0, 875000), (218750, 437500, 656250));
5;0.920166015625000;218750;4;81.33;((0, 875000), (218750, 437500, 656250));
5;0.920043945312500;218750;7;82.66;((0, 875000), (218750, 437500, 656250));
5;0.920104980468750;218750;5;81.90;((0, 875000), (218750, 437500, 656250));
5;0.920074462890625;218750;10;83.98;((0, 875000), (218750, 437500, 656250));
5;0.920089721679688;218750;7;82.55;((0, 875000), (218750, 437500, 656250));
5;0.920097351074219;218750;6;82.48;((0, 875000), (218750, 437500, 656250));
5;0.920101165771484;218750;8;82.87;((0, 875000), (218750, 437500, 656250));
5;0.920103073120117;218750;7;82.57;((0, 875000), (218750, 437500, 656250));
5;0.920104026794434;218750;7;82.59;((0, 875000), (218750, 437500, 656250));
5;0.500000000000000;656250;11;49.08;((0, 875000), (218750, 437500, 656250));
5;0.750000000000000;656250;11;71.23;((0, 875000), (218750, 437500, 656250));
5;0.875000000000000;656250;0;41.24;((0, 875000), (218750, 437500, 656250));
5;0.812500000000000;656250;0;36.92;((0, 875000), (218750, 437500, 656250));
5;0.781250000000000;656250;11;74.34;((0, 875000), (218750, 437500, 656250));
5;0.796875000000000;656250;11;75.56;((0, 875000), (218750, 437500, 656250));
5;0.804687500000000;656250;0;37.82;((0, 875000), (218750, 437500, 656250));
5;0.800781250000000;656250;11;75.70;((0, 875000), (218750, 437500, 656250));
5;0.802734375000000;656250;0;40.70;((0, 875000), (218750, 437500, 656250));
5;0.801757812500000;656250;3;71.50;((0, 875000), (218750, 437500, 656250));
5;0.801269531250000;656250;9;74.03;((0, 875000), (218750, 437500, 656250));
5;0.801513671875000;656250;3;72.58;((0, 875000), (218750, 437500, 656250));
5;0.801391601562500;656250;5;71.98;((0, 875000), (218750, 437500, 656250));
5;0.801330566406250;656250;4;71.48;((0, 875000), (218750, 437500, 656250));
5;0.801300048828125;656250;7;73.53;((0, 875000), (218750, 437500, 656250));
5;0.801315307617188;656250;2;70.23;((0, 875000), (218750, 437500, 656250));
5;0.801307678222656;656250;6;72.45;((0, 875000), (218750, 437500, 656250));
5;0.801311492919922;656250;9;73.64;((0, 875000), (218750, 437500, 656250));
5;0.801313400268555;656250;8;73.33;((0, 875000), (218750, 437500, 656250));
5;0.801314353942871;656250;7;73.59;((0, 875000), (218750, 437500, 656250));
5;0.500000000000000;109375;11;47.91;((0, 437500), (109375, 218750, 328125));
5;0.750000000000000;109375;11;70.91;((0, 437500), (109375, 218750, 328125));
5;0.875000000000000;109375;11;80.66;((0, 437500), (109375, 218750, 328125));
5;0.937500000000000;109375;11;85.81;((0, 437500), (109375, 218750, 328125));
5;0.968750000000000;109375;0;36.82;((0, 437500), (109375, 218750, 328125));
5;0.953125000000000;109375;3;82.93;((0, 437500), (109375, 218750, 328125));
5;0.945312500000000;109375;11;87.12;((0, 437500), (109375, 218750, 328125));
5;0.949218750000000;109375;11;87.11;((0, 437500), (109375, 218750, 328125));
5;0.951171875000000;109375;11;87.58;((0, 437500), (109375, 218750, 328125));
5;0.952148437500000;109375;3;83.32;((0, 437500), (109375, 218750, 328125));
5;0.951660156250000;109375;8;84.47;((0, 437500), (109375, 218750, 328125));
5;0.951904296875000;109375;3;82.85;((0, 437500), (109375, 218750, 328125));
5;0.951782226562500;109375;7;83.75;((0, 437500), (109375, 218750, 328125));
5;0.951843261718750;109375;5;83.21;((0, 437500), (109375, 218750, 328125));
5;0.951812744140625;109375;5;83.10;((0, 437500), (109375, 218750, 328125));
5;0.951797485351562;109375;8;85.55;((0, 437500), (109375, 218750, 328125));
5;0.951805114746094;109375;4;83.46;((0, 437500), (109375, 218750, 328125));
5;0.951801300048828;109375;4;83.53;((0, 437500), (109375, 218750, 328125));
5;0.951799392700195;109375;4;83.18;((0, 437500), (109375, 218750, 328125));
5;0.951798439025879;109375;7;84.78;((0, 437500), (109375, 218750, 328125));
5;0.500000000000000;328125;11;48.91;((0, 437500), (109375, 218750, 328125));
5;0.750000000000000;328125;11;70.33;((0, 437500), (109375, 218750, 328125));
5;0.875000000000000;328125;11;81.71;((0, 437500), (109375, 218750, 328125));
5;0.937500000000000;328125;0;37.08;((0, 437500), (109375, 218750, 328125));
5;0.906250000000000;328125;0;37.27;((0, 437500), (109375, 218750, 328125));
5;0.890625000000000;328125;11;84.75;((0, 437500), (109375, 218750, 328125));
5;0.898437500000000;328125;0;41.80;((0, 437500), (109375, 218750, 328125));
5;0.894531250000000;328125;11;83.29;((0, 437500), (109375, 218750, 328125));
5;0.896484375000000;328125;0;52.94;((0, 437500), (109375, 218750, 328125));
5;0.895507812500000;328125;5;80.05;((0, 437500), (109375, 218750, 328125));
5;0.895019531250000;328125;10;82.03;((0, 437500), (109375, 218750, 328125));
5;0.895263671875000;328125;8;80.79;((0, 437500), (109375, 218750, 328125));
5;0.895385742187500;328125;7;80.73;((0, 437500), (109375, 218750, 328125));
5;0.895446777343750;328125;9;82.69;((0, 437500), (109375, 218750, 328125));
5;0.895477294921875;328125;8;80.32;((0, 437500), (109375, 218750, 328125));
5;0.895492553710938;328125;5;80.01;((0, 437500), (109375, 218750, 328125));
5;0.895484924316406;328125;8;81.04;((0, 437500), (109375, 218750, 328125));
5;0.895488739013672;328125;4;79.05;((0, 437500), (109375, 218750, 328125));
5;0.895486831665039;328125;7;80.52;((0, 437500), (109375, 218750, 328125));
5;0.895487785339355;328125;5;83.59;((0, 437500), (109375, 218750, 328125));
5;0.500000000000000;54687;11;48.49;((0, 218750), (54687, 109374, 164061));
5;0.750000000000000;54687;11;72.53;((0, 218750), (54687, 109374, 164061));
5;0.875000000000000;54687;11;80.00;((0, 218750), (54687, 109374, 164061));
5;0.937500000000000;54687;11;85.63;((0, 218750), (54687, 109374, 164061));
5;0.968750000000000;54687;0;38.76;((0, 218750), (54687, 109374, 164061));
5;0.953125000000000;54687;11;86.74;((0, 218750), (54687, 109374, 164061));
5;0.960937500000000;54687;6;83.92;((0, 218750), (54687, 109374, 164061));
5;0.964843750000000;54687;0;45.87;((0, 218750), (54687, 109374, 164061));
5;0.962890625000000;54687;4;82.80;((0, 218750), (54687, 109374, 164061));
5;0.961914062500000;54687;7;85.13;((0, 218750), (54687, 109374, 164061));
5;0.962402343750000;54687;3;81.89;((0, 218750), (54687, 109374, 164061));
5;0.962158203125000;54687;2;81.49;((0, 218750), (54687, 109374, 164061));
5;0.962036132812500;54687;3;82.72;((0, 218750), (54687, 109374, 164061));
5;0.961975097656250;54687;3;82.95;((0, 218750), (54687, 109374, 164061));
5;0.961944580078125;54687;6;83.97;((0, 218750), (54687, 109374, 164061));
5;0.961959838867188;54687;7;84.19;((0, 218750), (54687, 109374, 164061));
5;0.961967468261719;54687;6;84.47;((0, 218750), (54687, 109374, 164061));
5;0.961971282958984;54687;4;83.57;((0, 218750), (54687, 109374, 164061));
5;0.961969375610352;54687;3;82.70;((0, 218750), (54687, 109374, 164061));
5;0.961968421936035;54687;3;82.18;((0, 218750), (54687, 109374, 164061));
5;0.500000000000000;109374;11;48.06;((0, 218750), (54687, 109374, 164061));
5;0.750000000000000;109374;11;69.94;((0, 218750), (54687, 109374, 164061));
5;0.875000000000000;109374;11;81.08;((0, 218750), (54687, 109374, 164061));
5;0.937500000000000;109374;11;86.42;((0, 218750), (54687, 109374, 164061));
5;0.968750000000000;109374;0;37.36;((0, 218750), (54687, 109374, 164061));
5;0.953125000000000;109374;0;38.26;((0, 218750), (54687, 109374, 164061));
5;0.945312500000000;109374;10;85.94;((0, 218750), (54687, 109374, 164061));
5;0.949218750000000;109374;0;52.23;((0, 218750), (54687, 109374, 164061));
5;0.947265625000000;109374;6;83.98;((0, 218750), (54687, 109374, 164061));
5;0.948242187500000;109374;0;52.79;((0, 218750), (54687, 109374, 164061));
5;0.947753906250000;109374;3;82.32;((0, 218750), (54687, 109374, 164061));
5;0.947509765625000;109374;4;82.26;((0, 218750), (54687, 109374, 164061));
5;0.947387695312500;109374;4;83.04;((0, 218750), (54687, 109374, 164061));
5;0.947326660156250;109374;5;86.66;((0, 218750), (54687, 109374, 164061));
5;0.947296142578125;109374;4;83.14;((0, 218750), (54687, 109374, 164061));
5;0.947280883789062;109374;4;83.34;((0, 218750), (54687, 109374, 164061));
5;0.947273254394531;109374;6;83.74;((0, 218750), (54687, 109374, 164061));
5;0.947277069091797;109374;5;82.67;((0, 218750), (54687, 109374, 164061));
5;0.947275161743164;109374;5;82.94;((0, 218750), (54687, 109374, 164061));
5;0.947274208068848;109374;5;83.92;((0, 218750), (54687, 109374, 164061));
5;0.500000000000000;164061;11;48.09;((0, 218750), (54687, 109374, 164061));
5;0.750000000000000;164061;11;70.06;((0, 218750), (54687, 109374, 164061));
5;0.875000000000000;164061;11;81.21;((0, 218750), (54687, 109374, 164061));
5;0.937500000000000;164061;11;86.50;((0, 218750), (54687, 109374, 164061));
5;0.968750000000000;164061;0;37.05;((0, 218750), (54687, 109374, 164061));
5;0.953125000000000;164061;0;36.93;((0, 218750), (54687, 109374, 164061));
5;0.945312500000000;164061;0;38.91;((0, 218750), (54687, 109374, 164061));
5;0.941406250000000;164061;0;46.95;((0, 218750), (54687, 109374, 164061));
5;0.939453125000000;164061;3;81.58;((0, 218750), (54687, 109374, 164061));
5;0.938476562500000;164061;7;83.63;((0, 218750), (54687, 109374, 164061));
5;0.938964843750000;164061;5;82.88;((0, 218750), (54687, 109374, 164061));
5;0.938720703125000;164061;3;82.43;((0, 218750), (54687, 109374, 164061));
5;0.938598632812500;164061;7;83.90;((0, 218750), (54687, 109374, 164061));
5;0.938659667968750;164061;4;82.30;((0, 218750), (54687, 109374, 164061));
5;0.938629150390625;164061;9;85.41;((0, 218750), (54687, 109374, 164061));
5;0.938644409179688;164061;3;82.28;((0, 218750), (54687, 109374, 164061));
5;0.938636779785156;164061;5;82.40;((0, 218750), (54687, 109374, 164061));
5;0.938632965087891;164061;4;83.15;((0, 218750), (54687, 109374, 164061));
5;0.938631057739258;164061;7;84.10;((0, 218750), (54687, 109374, 164061));
5;0.938632011413574;164061;6;92.69;((0, 218750), (54687, 109374, 164061));
5;0.500000000000000;27343;11;47.25;((0, 109374), (27343, 54686, 82029));
5;0.750000000000000;27343;11;68.98;((0, 109374), (27343, 54686, 82029));
5;0.875000000000000;27343;11;78.94;((0, 109374), (27343, 54686, 82029));
5;0.937500000000000;27343;11;84.89;((0, 109374), (27343, 54686, 82029));
5;0.968750000000000;27343;0;39.50;((0, 109374), (27343, 54686, 82029));
5;0.953125000000000;27343;11;86.11;((0, 109374), (27343, 54686, 82029));
5;0.960937500000000;27343;8;87.44;((0, 109374), (27343, 54686, 82029));
5;0.964843750000000;27343;0;53.19;((0, 109374), (27343, 54686, 82029));
5;0.962890625000000;27343;2;83.51;((0, 109374), (27343, 54686, 82029));
5;0.961914062500000;27343;4;82.78;((0, 109374), (27343, 54686, 82029));
5;0.961425781250000;27343;4;82.26;((0, 109374), (27343, 54686, 82029));
5;0.961181640625000;27343;2;83.38;((0, 109374), (27343, 54686, 82029));
5;0.961059570312500;27343;4;96.11;((0, 109374), (27343, 54686, 82029));
5;0.960998535156250;27343;6;82.74;((0, 109374), (27343, 54686, 82029));
5;0.961029052734375;27343;3;82.49;((0, 109374), (27343, 54686, 82029));
5;0.961013793945312;27343;3;81.91;((0, 109374), (27343, 54686, 82029));
5;0.961006164550781;27343;5;83.04;((0, 109374), (27343, 54686, 82029));
5;0.961002349853516;27343;6;83.81;((0, 109374), (27343, 54686, 82029));
5;0.961004257202148;27343;5;84.81;((0, 109374), (27343, 54686, 82029));
5;0.961003303527832;27343;6;83.42;((0, 109374), (27343, 54686, 82029));
5;0.500000000000000;54686;11;47.90;((0, 109374), (27343, 54686, 82029));
5;0.750000000000000;54686;11;69.85;((0, 109374), (27343, 54686, 82029));
5;0.875000000000000;54686;11;79.83;((0, 109374), (27343, 54686, 82029));
5;0.937500000000000;54686;11;86.95;((0, 109374), (27343, 54686, 82029));
5;0.968750000000000;54686;0;38.46;((0, 109374), (27343, 54686, 82029));
5;0.953125000000000;54686;11;87.14;((0, 109374), (27343, 54686, 82029));
5;0.960937500000000;54686;9;85.61;((0, 109374), (27343, 54686, 82029));
5;0.964843750000000;54686;0;49.18;((0, 109374), (27343, 54686, 82029));
5;0.962890625000000;54686;1;83.24;((0, 109374), (27343, 54686, 82029));
5;0.961914062500000;54686;5;86.07;((0, 109374), (27343, 54686, 82029));
5;0.961425781250000;54686;5;84.55;((0, 109374), (27343, 54686, 82029));
5;0.961181640625000;54686;6;83.30;((0, 109374), (27343, 54686, 82029));
5;0.961303710937500;54686;8;83.88;((0, 109374), (27343, 54686, 82029));
5;0.961364746093750;54686;5;84.15;((0, 109374), (27343, 54686, 82029));
5;0.961334228515625;54686;7;84.80;((0, 109374), (27343, 54686, 82029));
5;0.961349487304688;54686;7;84.12;((0, 109374), (27343, 54686, 82029));
5;0.961357116699219;54686;3;91.15;((0, 109374), (27343, 54686, 82029));
5;0.961353302001953;54686;7;83.31;((0, 109374), (27343, 54686, 82029));
5;0.961355209350586;54686;6;85.24;((0, 109374), (27343, 54686, 82029));
5;0.961356163024902;54686;7;84.11;((0, 109374), (27343, 54686, 82029));
5;0.500000000000000;82029;11;48.34;((0, 109374), (27343, 54686, 82029));
5;0.750000000000000;82029;11;69.49;((0, 109374), (27343, 54686, 82029));
5;0.875000000000000;82029;11;81.97;((0, 109374), (27343, 54686, 82029));
5;0.937500000000000;82029;11;88.99;((0, 109374), (27343, 54686, 82029));
5;0.968750000000000;82029;0;36.72;((0, 109374), (27343, 54686, 82029));
5;0.953125000000000;82029;11;87.45;((0, 109374), (27343, 54686, 82029));
5;0.960937500000000;82029;0;46.24;((0, 109374), (27343, 54686, 82029));
5;0.957031250000000;82029;8;84.52;((0, 109374), (27343, 54686, 82029));
5;0.958984375000000;82029;0;50.13;((0, 109374), (27343, 54686, 82029));
5;0.958007812500000;82029;4;82.59;((0, 109374), (27343, 54686, 82029));
5;0.957519531250000;82029;6;84.29;((0, 109374), (27343, 54686, 82029));
5;0.957763671875000;82029;7;84.72;((0, 109374), (27343, 54686, 82029));
5;0.957885742187500;82029;4;83.60;((0, 109374), (27343, 54686, 82029));
5;0.957824707031250;82029;5;84.34;((0, 109374), (27343, 54686, 82029));
5;0.957794189453125;82029;5;83.72;((0, 109374), (27343, 54686, 82029));
5;0.957778930664062;82029;3;84.68;((0, 109374), (27343, 54686, 82029));
5;0.957771301269531;82029;3;82.86;((0, 109374), (27343, 54686, 82029));
5;0.957767486572266;82029;3;83.31;((0, 109374), (27343, 54686, 82029));
5;0.957765579223633;82029;4;82.98;((0, 109374), (27343, 54686, 82029));
5;0.957764625549316;82029;3;82.62;((0, 109374), (27343, 54686, 82029));
5;0.500000000000000;41014;11;47.25;((27343, 82029), (41014, 54685, 68356));
5;0.750000000000000;41014;11;69.18;((27343, 82029), (41014, 54685, 68356));
5;0.875000000000000;41014;11;79.75;((27343, 82029), (41014, 54685, 68356));
5;0.937500000000000;41014;11;85.08;((27343, 82029), (41014, 54685, 68356));
5;0.968750000000000;41014;0;37.85;((27343, 82029), (41014, 54685, 68356));
5;0.953125000000000;41014;9;84.20;((27343, 82029), (41014, 54685, 68356));
5;0.960937500000000;41014;0;46.95;((27343, 82029), (41014, 54685, 68356));
5;0.957031250000000;41014;6;83.56;((27343, 82029), (41014, 54685, 68356));
5;0.958984375000000;41014;1;81.01;((27343, 82029), (41014, 54685, 68356));
5;0.958007812500000;41014;1;80.42;((27343, 82029), (41014, 54685, 68356));
5;0.957519531250000;41014;4;83.96;((27343, 82029), (41014, 54685, 68356));
5;0.957275390625000;41014;4;82.62;((27343, 82029), (41014, 54685, 68356));
5;0.957153320312500;41014;6;82.56;((27343, 82029), (41014, 54685, 68356));
5;0.957214355468750;41014;8;85.19;((27343, 82029), (41014, 54685, 68356));
5;0.957244873046875;41014;3;84.42;((27343, 82029), (41014, 54685, 68356));
5;0.957229614257812;41014;5;84.15;((27343, 82029), (41014, 54685, 68356));
5;0.957221984863281;41014;5;84.10;((27343, 82029), (41014, 54685, 68356));
5;0.957218170166016;41014;6;84.18;((27343, 82029), (41014, 54685, 68356));
5;0.957220077514648;41014;7;83.11;((27343, 82029), (41014, 54685, 68356));
5;0.957221031188965;41014;5;84.26;((27343, 82029), (41014, 54685, 68356));
5;0.500000000000000;54685;11;47.56;((27343, 82029), (41014, 54685, 68356));
5;0.750000000000000;54685;11;69.32;((27343, 82029), (41014, 54685, 68356));
5;0.875000000000000;54685;11;80.67;((27343, 82029), (41014, 54685, 68356));
5;0.937500000000000;54685;11;85.30;((27343, 82029), (41014, 54685, 68356));
5;0.968750000000000;54685;0;38.43;((27343, 82029), (41014, 54685, 68356));
5;0.953125000000000;54685;11;87.61;((27343, 82029), (41014, 54685, 68356));
5;0.960937500000000;54685;11;88.58;((27343, 82029), (41014, 54685, 68356));
5;0.964843750000000;54685;0;48.19;((27343, 82029), (41014, 54685, 68356));
5;0.962890625000000;54685;2;83.80;((27343, 82029), (41014, 54685, 68356));
5;0.961914062500000;54685;6;84.46;((27343, 82029), (41014, 54685, 68356));
5;0.962402343750000;54685;3;82.87;((27343, 82029), (41014, 54685, 68356));
5;0.962158203125000;54685;2;83.02;((27343, 82029), (41014, 54685, 68356));
5;0.962036132812500;54685;3;85.40;((27343, 82029), (41014, 54685, 68356));
5;0.961975097656250;54685;5;83.72;((27343, 82029), (41014, 54685, 68356));
5;0.961944580078125;54685;7;83.80;((27343, 82029), (41014, 54685, 68356));
5;0.961959838867188;54685;3;83.11;((27343, 82029), (41014, 54685, 68356));
5;0.961952209472656;54685;5;83.89;((27343, 82029), (41014, 54685, 68356));
5;0.961948394775391;54685;4;84.27;((27343, 82029), (41014, 54685, 68356));
5;0.961946487426758;54685;5;90.68;((27343, 82029), (41014, 54685, 68356));
5;0.961945533752441;54685;3;84.28;((27343, 82029), (41014, 54685, 68356));
5;0.500000000000000;68356;11;47.45;((27343, 82029), (41014, 54685, 68356));
5;0.750000000000000;68356;11;71.11;((27343, 82029), (41014, 54685, 68356));
5;0.875000000000000;68356;11;80.89;((27343, 82029), (41014, 54685, 68356));
5;0.937500000000000;68356;11;86.58;((27343, 82029), (41014, 54685, 68356));
5;0.968750000000000;68356;0;36.60;((27343, 82029), (41014, 54685, 68356));
5;0.953125000000000;68356;11;87.14;((27343, 82029), (41014, 54685, 68356));
5;0.960937500000000;68356;2;82.85;((27343, 82029), (41014, 54685, 68356));
5;0.957031250000000;68356;10;86.83;((27343, 82029), (41014, 54685, 68356));
5;0.958984375000000;68356;9;84.52;((27343, 82029), (41014, 54685, 68356));
5;0.959960937500000;68356;5;85.51;((27343, 82029), (41014, 54685, 68356));
5;0.959472656250000;68356;6;85.00;((27343, 82029), (41014, 54685, 68356));
5;0.959716796875000;68356;5;84.14;((27343, 82029), (41014, 54685, 68356));
5;0.959594726562500;68356;6;84.47;((27343, 82029), (41014, 54685, 68356));
5;0.959655761718750;68356;4;83.25;((27343, 82029), (41014, 54685, 68356));
5;0.959625244140625;68356;3;83.40;((27343, 82029), (41014, 54685, 68356));
5;0.959609985351562;68356;5;83.54;((27343, 82029), (41014, 54685, 68356));
5;0.959602355957031;68356;5;85.04;((27343, 82029), (41014, 54685, 68356));
5;0.959598541259766;68356;5;84.48;((27343, 82029), (41014, 54685, 68356));
5;0.959596633911133;68356;5;85.29;((27343, 82029), (41014, 54685, 68356));
5;0.959595680236816;68356;7;90.36;((27343, 82029), (41014, 54685, 68356));
5;0.500000000000000;47849;11;49.98;((41014, 68356), (47849, 54684, 61519));
5;0.750000000000000;47849;11;68.80;((41014, 68356), (47849, 54684, 61519));
5;0.875000000000000;47849;11;81.38;((41014, 68356), (47849, 54684, 61519));
5;0.937500000000000;47849;11;85.13;((41014, 68356), (47849, 54684, 61519));
5;0.968750000000000;47849;0;39.77;((41014, 68356), (47849, 54684, 61519));
5;0.953125000000000;47849;11;85.80;((41014, 68356), (47849, 54684, 61519));
5;0.960937500000000;47849;8;84.20;((41014, 68356), (47849, 54684, 61519));
5;0.964843750000000;47849;0;53.67;((41014, 68356), (47849, 54684, 61519));
5;0.962890625000000;47849;5;83.02;((41014, 68356), (47849, 54684, 61519));
5;0.961914062500000;47849;4;85.18;((41014, 68356), (47849, 54684, 61519));
5;0.961425781250000;47849;7;84.85;((41014, 68356), (47849, 54684, 61519));
5;0.961669921875000;47849;5;82.94;((41014, 68356), (47849, 54684, 61519));
5;0.961547851562500;47849;7;90.68;((41014, 68356), (47849, 54684, 61519));
5;0.961608886718750;47849;7;87.59;((41014, 68356), (47849, 54684, 61519));
5;0.961639404296875;47849;7;90.98;((41014, 68356), (47849, 54684, 61519));
5;0.961654663085938;47849;6;89.53;((41014, 68356), (47849, 54684, 61519));
5;0.961662292480469;47849;7;86.70;((41014, 68356), (47849, 54684, 61519));
5;0.961666107177734;47849;4;82.07;((41014, 68356), (47849, 54684, 61519));
5;0.961664199829102;47849;6;82.58;((41014, 68356), (47849, 54684, 61519));
5;0.961665153503418;47849;7;83.01;((41014, 68356), (47849, 54684, 61519));
5;0.500000000000000;54684;11;46.43;((41014, 68356), (47849, 54684, 61519));
5;0.750000000000000;54684;11;67.59;((41014, 68356), (47849, 54684, 61519));
5;0.875000000000000;54684;11;78.44;((41014, 68356), (47849, 54684, 61519));
5;0.937500000000000;54684;11;83.56;((41014, 68356), (47849, 54684, 61519));
5;0.968750000000000;54684;0;36.47;((41014, 68356), (47849, 54684, 61519));
5;0.953125000000000;54684;11;84.90;((41014, 68356), (47849, 54684, 61519));
5;0.960937500000000;54684;0;44.22;((41014, 68356), (47849, 54684, 61519));
5;0.957031250000000;54684;7;82.98;((41014, 68356), (47849, 54684, 61519));
5;0.958984375000000;54684;1;79.82;((41014, 68356), (47849, 54684, 61519));
5;0.958007812500000;54684;1;79.69;((41014, 68356), (47849, 54684, 61519));
5;0.957519531250000;54684;5;82.05;((41014, 68356), (47849, 54684, 61519));
5;0.957275390625000;54684;3;80.83;((41014, 68356), (47849, 54684, 61519));
5;0.957153320312500;54684;6;83.11;((41014, 68356), (47849, 54684, 61519));
5;0.957214355468750;54684;4;82.16;((41014, 68356), (47849, 54684, 61519));
5;0.957183837890625;54684;5;82.25;((41014, 68356), (47849, 54684, 61519));
5;0.957168579101562;54684;3;81.72;((41014, 68356), (47849, 54684, 61519));
5;0.957160949707031;54684;3;80.97;((41014, 68356), (47849, 54684, 61519));
5;0.957157135009766;54684;2;80.35;((41014, 68356), (47849, 54684, 61519));
5;0.957155227661133;54684;5;82.05;((41014, 68356), (47849, 54684, 61519));
5;0.957154273986816;54684;5;81.85;((41014, 68356), (47849, 54684, 61519));
5;0.500000000000000;61519;11;46.61;((41014, 68356), (47849, 54684, 61519));
5;0.750000000000000;61519;11;69.62;((41014, 68356), (47849, 54684, 61519));
5;0.875000000000000;61519;11;77.75;((41014, 68356), (47849, 54684, 61519));
5;0.937500000000000;61519;11;82.99;((41014, 68356), (47849, 54684, 61519));
5;0.968750000000000;61519;0;39.44;((41014, 68356), (47849, 54684, 61519));
5;0.953125000000000;61519;11;88.45;((41014, 68356), (47849, 54684, 61519));
5;0.960937500000000;61519;3;81.10;((41014, 68356), (47849, 54684, 61519));
5;0.957031250000000;61519;11;85.78;((41014, 68356), (47849, 54684, 61519));
5;0.958984375000000;61519;11;85.64;((41014, 68356), (47849, 54684, 61519));
5;0.959960937500000;61519;10;85.12;((41014, 68356), (47849, 54684, 61519));
5;0.960449218750000;61519;8;83.52;((41014, 68356), (47849, 54684, 61519));
5;0.960693359375000;61519;4;82.39;((41014, 68356), (47849, 54684, 61519));
5;0.960571289062500;61519;6;82.57;((41014, 68356), (47849, 54684, 61519));
5;0.960632324218750;61519;7;83.39;((41014, 68356), (47849, 54684, 61519));
5;0.960662841796875;61519;8;83.87;((41014, 68356), (47849, 54684, 61519));
5;0.960678100585938;61519;5;82.26;((41014, 68356), (47849, 54684, 61519));
5;0.960670471191406;61519;5;84.49;((41014, 68356), (47849, 54684, 61519));
5;0.960666656494141;61519;8;83.23;((41014, 68356), (47849, 54684, 61519));
5;0.960668563842773;61519;9;83.82;((41014, 68356), (47849, 54684, 61519));
5;0.960669517517090;61519;5;82.12;((41014, 68356), (47849, 54684, 61519));
5;0.500000000000000;44431;11;46.57;((41014, 54684), (44431, 47848, 51265));
5;0.750000000000000;44431;11;67.45;((41014, 54684), (44431, 47848, 51265));
5;0.875000000000000;44431;11;77.88;((41014, 54684), (44431, 47848, 51265));
5;0.937500000000000;44431;11;83.77;((41014, 54684), (44431, 47848, 51265));
5;0.968750000000000;44431;0;41.56;((41014, 54684), (44431, 47848, 51265));
5;0.953125000000000;44431;11;84.38;((41014, 54684), (44431, 47848, 51265));
5;0.960937500000000;44431;10;84.94;((41014, 54684), (44431, 47848, 51265));
5;0.964843750000000;44431;1;79.34;((41014, 54684), (44431, 47848, 51265));
5;0.962890625000000;44431;1;80.61;((41014, 54684), (44431, 47848, 51265));
5;0.961914062500000;44431;7;83.47;((41014, 54684), (44431, 47848, 51265));
5;0.962402343750000;44431;6;84.64;((41014, 54684), (44431, 47848, 51265));
5;0.962646484375000;44431;7;82.55;((41014, 54684), (44431, 47848, 51265));
5;0.962768554687500;44431;3;81.37;((41014, 54684), (44431, 47848, 51265));
5;0.962707519531250;44431;6;89.97;((41014, 54684), (44431, 47848, 51265));
5;0.962738037109375;44431;6;82.37;((41014, 54684), (44431, 47848, 51265));
5;0.962753295898438;44431;5;81.78;((41014, 54684), (44431, 47848, 51265));
5;0.962745666503906;44431;4;82.45;((41014, 54684), (44431, 47848, 51265));
5;0.962741851806641;44431;5;81.54;((41014, 54684), (44431, 47848, 51265));
5;0.962739944458008;44431;3;81.47;((41014, 54684), (44431, 47848, 51265));
5;0.962738990783691;44431;4;81.61;((41014, 54684), (44431, 47848, 51265));
5;0.500000000000000;47848;11;46.19;((41014, 54684), (44431, 47848, 51265));
5;0.750000000000000;47848;11;67.06;((41014, 54684), (44431, 47848, 51265));
5;0.875000000000000;47848;11;77.82;((41014, 54684), (44431, 47848, 51265));
5;0.937500000000000;47848;11;83.82;((41014, 54684), (44431, 47848, 51265));
5;0.968750000000000;47848;0;37.82;((41014, 54684), (44431, 47848, 51265));
5;0.953125000000000;47848;11;84.57;((41014, 54684), (44431, 47848, 51265));
5;0.960937500000000;47848;8;83.23;((41014, 54684), (44431, 47848, 51265));
5;0.964843750000000;47848;0;52.57;((41014, 54684), (44431, 47848, 51265));
5;0.962890625000000;47848;4;82.07;((41014, 54684), (44431, 47848, 51265));
5;0.961914062500000;47848;6;82.34;((41014, 54684), (44431, 47848, 51265));
5;0.962402343750000;47848;5;81.87;((41014, 54684), (44431, 47848, 51265));
5;0.962158203125000;47848;5;81.72;((41014, 54684), (44431, 47848, 51265));
5;0.962036132812500;47848;8;83.00;((41014, 54684), (44431, 47848, 51265));
5;0.962097167968750;47848;6;82.60;((41014, 54684), (44431, 47848, 51265));
5;0.962127685546875;47848;3;81.70;((41014, 54684), (44431, 47848, 51265));
5;0.962112426757812;47848;7;83.52;((41014, 54684), (44431, 47848, 51265));
5;0.962120056152344;47848;4;81.99;((41014, 54684), (44431, 47848, 51265));
5;0.962116241455078;47848;6;82.40;((41014, 54684), (44431, 47848, 51265));
5;0.962118148803711;47848;6;82.56;((41014, 54684), (44431, 47848, 51265));
5;0.962119102478027;47848;5;82.52;((41014, 54684), (44431, 47848, 51265));
5;0.500000000000000;51265;11;46.41;((41014, 54684), (44431, 47848, 51265));
5;0.750000000000000;51265;11;67.11;((41014, 54684), (44431, 47848, 51265));
5;0.875000000000000;51265;11;77.88;((41014, 54684), (44431, 47848, 51265));
5;0.937500000000000;51265;11;83.20;((41014, 54684), (44431, 47848, 51265));
5;0.968750000000000;51265;0;40.54;((41014, 54684), (44431, 47848, 51265));
5;0.953125000000000;51265;11;86.58;((41014, 54684), (44431, 47848, 51265));
5;0.960937500000000;51265;9;84.00;((41014, 54684), (44431, 47848, 51265));
5;0.964843750000000;51265;0;51.27;((41014, 54684), (44431, 47848, 51265));
5;0.962890625000000;51265;3;81.59;((41014, 54684), (44431, 47848, 51265));
5;0.961914062500000;51265;9;83.63;((41014, 54684), (44431, 47848, 51265));
5;0.962402343750000;51265;4;81.33;((41014, 54684), (44431, 47848, 51265));
5;0.962158203125000;51265;5;83.08;((41014, 54684), (44431, 47848, 51265));
5;0.962036132812500;51265;5;82.92;((41014, 54684), (44431, 47848, 51265));
5;0.961975097656250;51265;8;84.09;((41014, 54684), (44431, 47848, 51265));
5;0.962005615234375;51265;6;82.79;((41014, 54684), (44431, 47848, 51265));
5;0.962020874023438;51265;3;81.32;((41014, 54684), (44431, 47848, 51265));
5;0.962013244628906;51265;6;82.34;((41014, 54684), (44431, 47848, 51265));
5;0.962017059326172;51265;4;81.85;((41014, 54684), (44431, 47848, 51265));
5;0.962015151977539;51265;5;82.30;((41014, 54684), (44431, 47848, 51265));
5;0.962014198303223;51265;2;80.85;((41014, 54684), (44431, 47848, 51265));
5;0.500000000000000;42722;11;47.04;((41014, 47848), (42722, 44430, 46138));
5;0.750000000000000;42722;11;66.82;((41014, 47848), (42722, 44430, 46138));
5;0.875000000000000;42722;11;77.86;((41014, 47848), (42722, 44430, 46138));
5;0.937500000000000;42722;11;83.57;((41014, 47848), (42722, 44430, 46138));
5;0.968750000000000;42722;0;37.02;((41014, 47848), (42722, 44430, 46138));
5;0.953125000000000;42722;11;84.12;((41014, 47848), (42722, 44430, 46138));
5;0.960937500000000;42722;0;55.76;((41014, 47848), (42722, 44430, 46138));
5;0.957031250000000;42722;6;82.10;((41014, 47848), (42722, 44430, 46138));
5;0.958984375000000;42722;2;80.30;((41014, 47848), (42722, 44430, 46138));
5;0.958007812500000;42722;1;79.18;((41014, 47848), (42722, 44430, 46138));
5;0.957519531250000;42722;3;80.95;((41014, 47848), (42722, 44430, 46138));
5;0.957275390625000;42722;5;81.63;((41014, 47848), (42722, 44430, 46138));
5;0.957153320312500;42722;6;81.54;((41014, 47848), (42722, 44430, 46138));
5;0.957214355468750;42722;7;81.90;((41014, 47848), (42722, 44430, 46138));
5;0.957244873046875;42722;3;81.71;((41014, 47848), (42722, 44430, 46138));
5;0.957229614257812;42722;5;81.95;((41014, 47848), (42722, 44430, 46138));
5;0.957221984863281;42722;7;82.95;((41014, 47848), (42722, 44430, 46138));
5;0.957225799560547;42722;7;82.33;((41014, 47848), (42722, 44430, 46138));
5;0.957227706909180;42722;1;79.56;((41014, 47848), (42722, 44430, 46138));
5;0.957226753234863;42722;4;81.48;((41014, 47848), (42722, 44430, 46138));
5;0.500000000000000;44430;11;46.66;((41014, 47848), (42722, 44430, 46138));
5;0.750000000000000;44430;11;67.29;((41014, 47848), (42722, 44430, 46138));
5;0.875000000000000;44430;11;77.66;((41014, 47848), (42722, 44430, 46138));
5;0.937500000000000;44430;11;82.71;((41014, 47848), (42722, 44430, 46138));
5;0.968750000000000;44430;0;37.18;((41014, 47848), (42722, 44430, 46138));
5;0.953125000000000;44430;11;84.08;((41014, 47848), (42722, 44430, 46138));
5;0.960937500000000;44430;0;51.33;((41014, 47848), (42722, 44430, 46138));
5;0.957031250000000;44430;4;81.75;((41014, 47848), (42722, 44430, 46138));
5;0.955078125000000;44430;8;83.16;((41014, 47848), (42722, 44430, 46138));
5;0.956054687500000;44430;8;82.93;((41014, 47848), (42722, 44430, 46138));
5;0.956542968750000;44430;3;80.99;((41014, 47848), (42722, 44430, 46138));
5;0.956298828125000;44430;8;82.72;((41014, 47848), (42722, 44430, 46138));
5;0.956420898437500;44430;7;82.38;((41014, 47848), (42722, 44430, 46138));
5;0.956481933593750;44430;9;83.27;((41014, 47848), (42722, 44430, 46138));
5;0.956512451171875;44430;6;82.48;((41014, 47848), (42722, 44430, 46138));
5;0.956527709960938;44430;9;83.46;((41014, 47848), (42722, 44430, 46138));
5;0.956535339355469;44430;8;84.88;((41014, 47848), (42722, 44430, 46138));
5;0.956539154052734;44430;7;82.38;((41014, 47848), (42722, 44430, 46138));
5;0.956541061401367;44430;10;84.08;((41014, 47848), (42722, 44430, 46138));
5;0.956542015075684;44430;9;83.37;((41014, 47848), (42722, 44430, 46138));
5;0.500000000000000;46138;11;46.37;((41014, 47848), (42722, 44430, 46138));
5;0.750000000000000;46138;11;68.26;((41014, 47848), (42722, 44430, 46138));
5;0.875000000000000;46138;11;77.47;((41014, 47848), (42722, 44430, 46138));
5;0.937500000000000;46138;11;82.45;((41014, 47848), (42722, 44430, 46138));
5;0.968750000000000;46138;0;38.57;((41014, 47848), (42722, 44430, 46138));
5;0.953125000000000;46138;11;87.74;((41014, 47848), (42722, 44430, 46138));
5;0.960937500000000;46138;8;84.58;((41014, 47848), (42722, 44430, 46138));
5;0.964843750000000;46138;0;57.94;((41014, 47848), (42722, 44430, 46138));
5;0.962890625000000;46138;5;83.92;((41014, 47848), (42722, 44430, 46138));
5;0.961914062500000;46138;9;84.83;((41014, 47848), (42722, 44430, 46138));
5;0.962402343750000;46138;6;83.28;((41014, 47848), (42722, 44430, 46138));
5;0.962646484375000;46138;5;82.79;((41014, 47848), (42722, 44430, 46138));
5;0.962524414062500;46138;5;84.75;((41014, 47848), (42722, 44430, 46138));
5;0.962463378906250;46138;4;82.67;((41014, 47848), (42722, 44430, 46138));
5;0.962432861328125;46138;7;83.11;((41014, 47848), (42722, 44430, 46138));
5;0.962448120117188;46138;4;83.19;((41014, 47848), (42722, 44430, 46138));
5;0.962440490722656;46138;3;83.12;((41014, 47848), (42722, 44430, 46138));
5;0.962436676025391;46138;8;84.14;((41014, 47848), (42722, 44430, 46138));
5;0.962438583374023;46138;7;84.89;((41014, 47848), (42722, 44430, 46138));
5;0.962439537048340;46138;4;84.40;((41014, 47848), (42722, 44430, 46138));
5;0.500000000000000;45284;11;48.11;((44430, 47848), (45284, 46138, 46992));
5;0.750000000000000;45284;11;68.91;((44430, 47848), (45284, 46138, 46992));
5;0.875000000000000;45284;11;98.16;((44430, 47848), (45284, 46138, 46992));
5;0.937500000000000;45284;11;84.33;((44430, 47848), (45284, 46138, 46992));
5;0.968750000000000;45284;0;37.08;((44430, 47848), (45284, 46138, 46992));
5;0.953125000000000;45284;11;86.27;((44430, 47848), (45284, 46138, 46992));
5;0.960937500000000;45284;0;48.26;((44430, 47848), (45284, 46138, 46992));
5;0.957031250000000;45284;4;82.93;((44430, 47848), (45284, 46138, 46992));
5;0.955078125000000;45284;10;86.18;((44430, 47848), (45284, 46138, 46992));
5;0.956054687500000;45284;8;83.49;((44430, 47848), (45284, 46138, 46992));
5;0.956542968750000;45284;6;85.20;((44430, 47848), (45284, 46138, 46992));
5;0.956787109375000;45284;5;83.37;((44430, 47848), (45284, 46138, 46992));
5;0.956665039062500;45284;8;86.11;((44430, 47848), (45284, 46138, 46992));
5;0.956726074218750;45284;7;83.96;((44430, 47848), (45284, 46138, 46992));
5;0.956756591796875;45284;5;83.45;((44430, 47848), (45284, 46138, 46992));
5;0.956741333007812;45284;6;82.29;((44430, 47848), (45284, 46138, 46992));
5;0.956748962402344;45284;5;82.55;((44430, 47848), (45284, 46138, 46992));
5;0.956745147705078;45284;4;83.11;((44430, 47848), (45284, 46138, 46992));
5;0.956743240356445;45284;5;83.16;((44430, 47848), (45284, 46138, 46992));
5;0.956742286682129;45284;6;83.35;((44430, 47848), (45284, 46138, 46992));
5;0.500000000000000;46992;11;48.56;((44430, 47848), (45284, 46138, 46992));
5;0.750000000000000;46992;11;69.44;((44430, 47848), (45284, 46138, 46992));
5;0.875000000000000;46992;11;79.36;((44430, 47848), (45284, 46138, 46992));
5;0.937500000000000;46992;11;84.89;((44430, 47848), (45284, 46138, 46992));
5;0.968750000000000;46992;0;37.14;((44430, 47848), (45284, 46138, 46992));
5;0.953125000000000;46992;11;87.40;((44430, 47848), (45284, 46138, 46992));
5;0.960937500000000;46992;1;80.92;((44430, 47848), (45284, 46138, 46992));
5;0.957031250000000;46992;7;83.92;((44430, 47848), (45284, 46138, 46992));
5;0.958984375000000;46992;1;80.45;((44430, 47848), (45284, 46138, 46992));
5;0.958007812500000;46992;2;81.82;((44430, 47848), (45284, 46138, 46992));
5;0.957519531250000;46992;6;85.28;((44430, 47848), (45284, 46138, 46992));
5;0.957763671875000;46992;2;81.15;((44430, 47848), (45284, 46138, 46992));
5;0.957641601562500;46992;4;83.38;((44430, 47848), (45284, 46138, 46992));
5;0.957580566406250;46992;3;82.40;((44430, 47848), (45284, 46138, 46992));
5;0.957550048828125;46992;4;82.72;((44430, 47848), (45284, 46138, 46992));
5;0.957534790039062;46992;5;83.90;((44430, 47848), (45284, 46138, 46992));
5;0.957527160644531;46992;3;83.72;((44430, 47848), (45284, 46138, 46992));
5;0.957523345947266;46992;3;82.36;((44430, 47848), (45284, 46138, 46992));
5;0.957521438598633;46992;3;82.32;((44430, 47848), (45284, 46138, 46992));
5;0.957520484924316;46992;5;83.63;((44430, 47848), (45284, 46138, 46992));
5;0.500000000000000;45711;11;48.99;((45284, 46992), (45711, 46138, 46565));
5;0.750000000000000;45711;11;70.48;((45284, 46992), (45711, 46138, 46565));
5;0.875000000000000;45711;11;79.88;((45284, 46992), (45711, 46138, 46565));
5;0.937500000000000;45711;11;85.45;((45284, 46992), (45711, 46138, 46565));
5;0.968750000000000;45711;0;39.82;((45284, 46992), (45711, 46138, 46565));
5;0.953125000000000;45711;11;88.97;((45284, 46992), (45711, 46138, 46565));
5;0.960937500000000;45711;6;84.11;((45284, 46992), (45711, 46138, 46565));
5;0.964843750000000;45711;0;53.36;((45284, 46992), (45711, 46138, 46565));
5;0.962890625000000;45711;5;84.43;((45284, 46992), (45711, 46138, 46565));
5;0.961914062500000;45711;6;83.48;((45284, 46992), (45711, 46138, 46565));
5;0.962402343750000;45711;6;84.09;((45284, 46992), (45711, 46138, 46565));
5;0.962646484375000;45711;3;82.95;((45284, 46992), (45711, 46138, 46565));
5;0.962524414062500;45711;4;84.42;((45284, 46992), (45711, 46138, 46565));
5;0.962463378906250;45711;9;84.41;((45284, 46992), (45711, 46138, 46565));
5;0.962493896484375;45711;5;83.66;((45284, 46992), (45711, 46138, 46565));
5;0.962478637695312;45711;7;85.32;((45284, 46992), (45711, 46138, 46565));
5;0.962486267089844;45711;4;83.51;((45284, 46992), (45711, 46138, 46565));
5;0.962482452392578;45711;5;84.57;((45284, 46992), (45711, 46138, 46565));
5;0.962480545043945;45711;6;83.09;((45284, 46992), (45711, 46138, 46565));
5;0.962481498718262;45711;6;84.48;((45284, 46992), (45711, 46138, 46565));
5;0.500000000000000;46565;11;47.69;((45284, 46992), (45711, 46138, 46565));
5;0.750000000000000;46565;11;69.42;((45284, 46992), (45711, 46138, 46565));
5;0.875000000000000;46565;11;79.77;((45284, 46992), (45711, 46138, 46565));
5;0.937500000000000;46565;11;84.39;((45284, 46992), (45711, 46138, 46565));
5;0.968750000000000;46565;0;42.13;((45284, 46992), (45711, 46138, 46565));
5;0.953125000000000;46565;11;86.84;((45284, 46992), (45711, 46138, 46565));
5;0.960937500000000;46565;9;90.22;((45284, 46992), (45711, 46138, 46565));
5;0.964843750000000;46565;0;50.01;((45284, 46992), (45711, 46138, 46565));
5;0.962890625000000;46565;2;82.94;((45284, 46992), (45711, 46138, 46565));
5;0.961914062500000;46565;6;83.86;((45284, 46992), (45711, 46138, 46565));
5;0.962402343750000;46565;4;83.55;((45284, 46992), (45711, 46138, 46565));
5;0.962158203125000;46565;4;84.47;((45284, 46992), (45711, 46138, 46565));
5;0.962036132812500;46565;5;83.27;((45284, 46992), (45711, 46138, 46565));
5;0.961975097656250;46565;6;84.31;((45284, 46992), (45711, 46138, 46565));
5;0.962005615234375;46565;6;83.96;((45284, 46992), (45711, 46138, 46565));
5;0.962020874023438;46565;5;83.99;((45284, 46992), (45711, 46138, 46565));
5;0.962013244628906;46565;8;84.00;((45284, 46992), (45711, 46138, 46565));
5;0.962017059326172;46565;7;84.40;((45284, 46992), (45711, 46138, 46565));
5;0.962018966674805;46565;6;84.39;((45284, 46992), (45711, 46138, 46565));
5;0.962019920349121;46565;10;85.26;((45284, 46992), (45711, 46138, 46565));
5;0.500000000000000;45497;11;48.55;((45284, 46138), (45497, 45710, 45923));
5;0.750000000000000;45497;11;68.38;((45284, 46138), (45497, 45710, 45923));
5;0.875000000000000;45497;11;81.64;((45284, 46138), (45497, 45710, 45923));
5;0.937500000000000;45497;11;85.62;((45284, 46138), (45497, 45710, 45923));
5;0.968750000000000;45497;0;45.62;((45284, 46138), (45497, 45710, 45923));
5;0.953125000000000;45497;11;86.88;((45284, 46138), (45497, 45710, 45923));
5;0.960937500000000;45497;9;85.28;((45284, 46138), (45497, 45710, 45923));
5;0.964843750000000;45497;1;82.56;((45284, 46138), (45497, 45710, 45923));
5;0.962890625000000;45497;3;84.45;((45284, 46138), (45497, 45710, 45923));
5;0.961914062500000;45497;6;85.59;((45284, 46138), (45497, 45710, 45923));
5;0.962402343750000;45497;2;83.84;((45284, 46138), (45497, 45710, 45923));
5;0.962158203125000;45497;8;85.16;((45284, 46138), (45497, 45710, 45923));
5;0.962280273437500;45497;4;82.51;((45284, 46138), (45497, 45710, 45923));
5;0.962219238281250;45497;7;84.56;((45284, 46138), (45497, 45710, 45923));
5;0.962249755859375;45497;6;83.62;((45284, 46138), (45497, 45710, 45923));
5;0.962265014648438;45497;3;84.13;((45284, 46138), (45497, 45710, 45923));
5;0.962257385253906;45497;7;84.92;((45284, 46138), (45497, 45710, 45923));
5;0.962261199951172;45497;5;84.97;((45284, 46138), (45497, 45710, 45923));
5;0.962259292602539;45497;8;85.09;((45284, 46138), (45497, 45710, 45923));
5;0.962260246276855;45497;4;82.72;((45284, 46138), (45497, 45710, 45923));
5;0.500000000000000;45710;11;48.08;((45284, 46138), (45497, 45710, 45923));
5;0.750000000000000;45710;11;68.20;((45284, 46138), (45497, 45710, 45923));
5;0.875000000000000;45710;11;79.33;((45284, 46138), (45497, 45710, 45923));
5;0.937500000000000;45710;11;88.88;((45284, 46138), (45497, 45710, 45923));
5;0.968750000000000;45710;0;36.31;((45284, 46138), (45497, 45710, 45923));
5;0.953125000000000;45710;11;87.38;((45284, 46138), (45497, 45710, 45923));
5;0.960937500000000;45710;0;52.13;((45284, 46138), (45497, 45710, 45923));
5;0.957031250000000;45710;4;82.76;((45284, 46138), (45497, 45710, 45923));
5;0.955078125000000;45710;11;86.33;((45284, 46138), (45497, 45710, 45923));
5;0.956054687500000;45710;8;84.40;((45284, 46138), (45497, 45710, 45923));
5;0.956542968750000;45710;2;81.41;((45284, 46138), (45497, 45710, 45923));
5;0.956298828125000;45710;7;83.44;((45284, 46138), (45497, 45710, 45923));
5;0.956420898437500;45710;5;82.46;((45284, 46138), (45497, 45710, 45923));
5;0.956359863281250;45710;7;83.08;((45284, 46138), (45497, 45710, 45923));
5;0.956390380859375;45710;9;84.54;((45284, 46138), (45497, 45710, 45923));
5;0.956405639648438;45710;8;84.02;((45284, 46138), (45497, 45710, 45923));
5;0.956413269042969;45710;8;86.49;((45284, 46138), (45497, 45710, 45923));
5;0.956417083740234;45710;9;89.01;((45284, 46138), (45497, 45710, 45923));
5;0.956418991088867;45710;8;85.19;((45284, 46138), (45497, 45710, 45923));
5;0.956419944763184;45710;5;83.60;((45284, 46138), (45497, 45710, 45923));
5;0.500000000000000;45923;11;48.14;((45284, 46138), (45497, 45710, 45923));
5;0.750000000000000;45923;11;68.74;((45284, 46138), (45497, 45710, 45923));
5;0.875000000000000;45923;11;79.67;((45284, 46138), (45497, 45710, 45923));
5;0.937500000000000;45923;11;85.98;((45284, 46138), (45497, 45710, 45923));
5;0.968750000000000;45923;0;40.39;((45284, 46138), (45497, 45710, 45923));
5;0.953125000000000;45923;11;86.33;((45284, 46138), (45497, 45710, 45923));
5;0.960937500000000;45923;6;84.81;((45284, 46138), (45497, 45710, 45923));
5;0.964843750000000;45923;0;58.74;((45284, 46138), (45497, 45710, 45923));
5;0.962890625000000;45923;6;85.59;((45284, 46138), (45497, 45710, 45923));
5;0.963867187500000;45923;2;82.91;((45284, 46138), (45497, 45710, 45923));
5;0.963378906250000;45923;2;82.60;((45284, 46138), (45497, 45710, 45923));
5;0.963134765625000;45923;3;82.64;((45284, 46138), (45497, 45710, 45923));
5;0.963012695312500;45923;4;82.76;((45284, 46138), (45497, 45710, 45923));
5;0.962951660156250;45923;3;83.54;((45284, 46138), (45497, 45710, 45923));
5;0.962921142578125;45923;4;85.81;((45284, 46138), (45497, 45710, 45923));
5;0.962905883789062;45923;2;82.65;((45284, 46138), (45497, 45710, 45923));
5;0.962898254394531;45923;5;83.25;((45284, 46138), (45497, 45710, 45923));
5;0.962894439697266;45923;3;86.31;((45284, 46138), (45497, 45710, 45923));
5;0.962892532348633;45923;5;84.33;((45284, 46138), (45497, 45710, 45923));
5;0.962891578674316;45923;5;85.74;((45284, 46138), (45497, 45710, 45923));
5;0.500000000000000;45817;11;50.39;((45710, 46138), (45817, 45924, 46031));
5;0.750000000000000;45817;11;73.08;((45710, 46138), (45817, 45924, 46031));
5;0.875000000000000;45817;11;78.09;((45710, 46138), (45817, 45924, 46031));
5;0.937500000000000;45817;11;83.03;((45710, 46138), (45817, 45924, 46031));
5;0.968750000000000;45817;0;42.25;((45710, 46138), (45817, 45924, 46031));
5;0.953125000000000;45817;11;84.18;((45710, 46138), (45817, 45924, 46031));
5;0.960937500000000;45817;9;83.59;((45710, 46138), (45817, 45924, 46031));
5;0.964843750000000;45817;1;80.24;((45710, 46138), (45817, 45924, 46031));
5;0.962890625000000;45817;3;81.48;((45710, 46138), (45817, 45924, 46031));
5;0.961914062500000;45817;5;82.11;((45710, 46138), (45817, 45924, 46031));
5;0.961425781250000;45817;7;82.48;((45710, 46138), (45817, 45924, 46031));
5;0.961669921875000;45817;7;83.61;((45710, 46138), (45817, 45924, 46031));
5;0.961791992187500;45817;9;83.55;((45710, 46138), (45817, 45924, 46031));
5;0.961853027343750;45817;8;82.72;((45710, 46138), (45817, 45924, 46031));
5;0.961883544921875;45817;7;82.83;((45710, 46138), (45817, 45924, 46031));
5;0.961898803710938;45817;7;83.35;((45710, 46138), (45817, 45924, 46031));
5;0.961906433105469;45817;5;82.05;((45710, 46138), (45817, 45924, 46031));
5;0.961902618408203;45817;7;82.99;((45710, 46138), (45817, 45924, 46031));
5;0.961904525756836;45817;9;83.60;((45710, 46138), (45817, 45924, 46031));
5;0.961905479431152;45817;9;84.08;((45710, 46138), (45817, 45924, 46031));
5;0.500000000000000;45924;11;46.61;((45710, 46138), (45817, 45924, 46031));
5;0.750000000000000;45924;11;67.49;((45710, 46138), (45817, 45924, 46031));
5;0.875000000000000;45924;11;78.95;((45710, 46138), (45817, 45924, 46031));
5;0.937500000000000;45924;11;82.23;((45710, 46138), (45817, 45924, 46031));
5;0.968750000000000;45924;0;36.49;((45710, 46138), (45817, 45924, 46031));
5;0.953125000000000;45924;10;83.04;((45710, 46138), (45817, 45924, 46031));
5;0.960937500000000;45924;0;45.84;((45710, 46138), (45817, 45924, 46031));
5;0.957031250000000;45924;5;81.86;((45710, 46138), (45817, 45924, 46031));
5;0.955078125000000;45924;11;85.51;((45710, 46138), (45817, 45924, 46031));
5;0.956054687500000;45924;5;81.98;((45710, 46138), (45817, 45924, 46031));
5;0.955566406250000;45924;9;83.49;((45710, 46138), (45817, 45924, 46031));
5;0.955810546875000;45924;8;82.84;((45710, 46138), (45817, 45924, 46031));
5;0.955932617187500;45924;6;82.21;((45710, 46138), (45817, 45924, 46031));
5;0.955993652343750;45924;9;84.04;((45710, 46138), (45817, 45924, 46031));
5;0.956024169921875;45924;7;84.53;((45710, 46138), (45817, 45924, 46031));
5;0.956039428710938;45924;9;83.56;((45710, 46138), (45817, 45924, 46031));
5;0.956047058105469;45924;7;81.88;((45710, 46138), (45817, 45924, 46031));
5;0.956050872802734;45924;9;82.77;((45710, 46138), (45817, 45924, 46031));
5;0.956052780151367;45924;9;83.42;((45710, 46138), (45817, 45924, 46031));
5;0.956053733825684;45924;7;82.04;((45710, 46138), (45817, 45924, 46031));
5;0.500000000000000;46031;11;46.21;((45710, 46138), (45817, 45924, 46031));
5;0.750000000000000;46031;11;67.13;((45710, 46138), (45817, 45924, 46031));
5;0.875000000000000;46031;11;79.84;((45710, 46138), (45817, 45924, 46031));
5;0.937500000000000;46031;11;82.80;((45710, 46138), (45817, 45924, 46031));
5;0.968750000000000;46031;0;43.89;((45710, 46138), (45817, 45924, 46031));
5;0.953125000000000;46031;11;84.21;((45710, 46138), (45817, 45924, 46031));
5;0.960937500000000;46031;10;83.82;((45710, 46138), (45817, 45924, 46031));
5;0.964843750000000;46031;1;80.08;((45710, 46138), (45817, 45924, 46031));
5;0.962890625000000;46031;5;88.32;((45710, 46138), (45817, 45924, 46031));
5;0.961914062500000;46031;6;85.96;((45710, 46138), (45817, 45924, 46031));
5;0.962402343750000;46031;3;81.56;((45710, 46138), (45817, 45924, 46031));
5;0.962158203125000;46031;7;82.85;((45710, 46138), (45817, 45924, 46031));
5;0.962280273437500;46031;4;81.80;((45710, 46138), (45817, 45924, 46031));
5;0.962219238281250;46031;3;81.98;((45710, 46138), (45817, 45924, 46031));
5;0.962188720703125;46031;6;82.69;((45710, 46138), (45817, 45924, 46031));
5;0.962203979492188;46031;6;83.00;((45710, 46138), (45817, 45924, 46031));
5;0.962211608886719;46031;4;81.55;((45710, 46138), (45817, 45924, 46031));
5;0.962207794189453;46031;7;82.95;((45710, 46138), (45817, 45924, 46031));
5;0.962209701538086;46031;5;84.53;((45710, 46138), (45817, 45924, 46031));
5;0.962208747863770;46031;7;82.31;((45710, 46138), (45817, 45924, 46031));
5;0.500000000000000;45977;11;47.09;((45924, 46138), (45977, 46030, 46083));
5;0.750000000000000;45977;11;67.48;((45924, 46138), (45977, 46030, 46083));
5;0.875000000000000;45977;11;77.47;((45924, 46138), (45977, 46030, 46083));
5;0.937500000000000;45977;11;85.67;((45924, 46138), (45977, 46030, 46083));
5;0.968750000000000;45977;0;39.00;((45924, 46138), (45977, 46030, 46083));
5;0.953125000000000;45977;11;84.10;((45924, 46138), (45977, 46030, 46083));
5;0.960937500000000;45977;10;85.05;((45924, 46138), (45977, 46030, 46083));
5;0.964843750000000;45977;0;52.38;((45924, 46138), (45977, 46030, 46083));
5;0.962890625000000;45977;6;82.45;((45924, 46138), (45977, 46030, 46083));
5;0.963867187500000;45977;4;82.14;((45924, 46138), (45977, 46030, 46083));
5;0.963378906250000;45977;1;80.10;((45924, 46138), (45977, 46030, 46083));
5;0.963134765625000;45977;6;82.94;((45924, 46138), (45977, 46030, 46083));
5;0.963256835937500;45977;3;81.75;((45924, 46138), (45977, 46030, 46083));
5;0.963195800781250;45977;3;81.29;((45924, 46138), (45977, 46030, 46083));
5;0.963165283203125;45977;6;82.50;((45924, 46138), (45977, 46030, 46083));
5;0.963180541992188;45977;3;81.52;((45924, 46138), (45977, 46030, 46083));
5;0.963172912597656;45977;3;85.61;((45924, 46138), (45977, 46030, 46083));
5;0.963169097900391;45977;3;82.45;((45924, 46138), (45977, 46030, 46083));
5;0.963167190551758;45977;1;80.11;((45924, 46138), (45977, 46030, 46083));
5;0.963166236877441;45977;2;80.55;((45924, 46138), (45977, 46030, 46083));
5;0.500000000000000;46030;11;48.94;((45924, 46138), (45977, 46030, 46083));
5;0.750000000000000;46030;11;66.97;((45924, 46138), (45977, 46030, 46083));
5;0.875000000000000;46030;11;77.71;((45924, 46138), (45977, 46030, 46083));
5;0.937500000000000;46030;11;83.17;((45924, 46138), (45977, 46030, 46083));
5;0.968750000000000;46030;0;36.21;((45924, 46138), (45977, 46030, 46083));
5;0.953125000000000;46030;11;84.35;((45924, 46138), (45977, 46030, 46083));
5;0.960937500000000;46030;0;48.20;((45924, 46138), (45977, 46030, 46083));
5;0.957031250000000;46030;5;81.31;((45924, 46138), (45977, 46030, 46083));
5;0.955078125000000;46030;10;83.57;((45924, 46138), (45977, 46030, 46083));
5;0.956054687500000;46030;7;87.23;((45924, 46138), (45977, 46030, 46083));
5;0.956542968750000;46030;7;82.48;((45924, 46138), (45977, 46030, 46083));
5;0.956787109375000;46030;5;81.34;((45924, 46138), (45977, 46030, 46083));
5;0.956665039062500;46030;8;83.44;((45924, 46138), (45977, 46030, 46083));
5;0.956726074218750;46030;6;82.20;((45924, 46138), (45977, 46030, 46083));
5;0.956756591796875;46030;6;82.22;((45924, 46138), (45977, 46030, 46083));
5;0.956771850585938;46030;7;82.34;((45924, 46138), (45977, 46030, 46083));
5;0.956779479980469;46030;4;81.72;((45924, 46138), (45977, 46030, 46083));
5;0.956775665283203;46030;6;82.69;((45924, 46138), (45977, 46030, 46083));
5;0.956777572631836;46030;4;81.34;((45924, 46138), (45977, 46030, 46083));
5;0.956776618957520;46030;7;82.63;((45924, 46138), (45977, 46030, 46083));
5;0.500000000000000;46083;11;46.91;((45924, 46138), (45977, 46030, 46083));
5;0.750000000000000;46083;11;67.21;((45924, 46138), (45977, 46030, 46083));
5;0.875000000000000;46083;11;77.34;((45924, 46138), (45977, 46030, 46083));
5;0.937500000000000;46083;11;82.45;((45924, 46138), (45977, 46030, 46083));
5;0.968750000000000;46083;0;40.63;((45924, 46138), (45977, 46030, 46083));
5;0.953125000000000;46083;11;84.81;((45924, 46138), (45977, 46030, 46083));
5;0.960937500000000;46083;10;83.74;((45924, 46138), (45977, 46030, 46083));
5;0.964843750000000;46083;1;79.53;((45924, 46138), (45977, 46030, 46083));
5;0.962890625000000;46083;1;79.65;((45924, 46138), (45977, 46030, 46083));
5;0.961914062500000;46083;6;86.37;((45924, 46138), (45977, 46030, 46083));
5;0.962402343750000;46083;5;82.70;((45924, 46138), (45977, 46030, 46083));
5;0.962158203125000;46083;7;82.95;((45924, 46138), (45977, 46030, 46083));
5;0.962280273437500;46083;6;82.59;((45924, 46138), (45977, 46030, 46083));
5;0.962341308593750;46083;7;82.57;((45924, 46138), (45977, 46030, 46083));
5;0.962371826171875;46083;4;81.89;((45924, 46138), (45977, 46030, 46083));
5;0.962356567382812;46083;5;82.37;((45924, 46138), (45977, 46030, 46083));
5;0.962348937988281;46083;5;82.37;((45924, 46138), (45977, 46030, 46083));
5;0.962345123291016;46083;6;85.39;((45924, 46138), (45977, 46030, 46083));
5;0.962347030639648;46083;5;82.04;((45924, 46138), (45977, 46030, 46083));
5;0.962346076965332;46083;4;81.55;((45924, 46138), (45977, 46030, 46083));
5;0.500000000000000;45950;11;46.23;((45924, 46030), (45950, 45976, 46002));
5;0.750000000000000;45950;11;66.97;((45924, 46030), (45950, 45976, 46002));
5;0.875000000000000;45950;11;77.42;((45924, 46030), (45950, 45976, 46002));
5;0.937500000000000;45950;11;87.24;((45924, 46030), (45950, 45976, 46002));
5;0.968750000000000;45950;0;35.68;((45924, 46030), (45950, 45976, 46002));
5;0.953125000000000;45950;11;83.74;((45924, 46030), (45950, 45976, 46002));
5;0.960937500000000;45950;0;48.72;((45924, 46030), (45950, 45976, 46002));
5;0.957031250000000;45950;5;81.39;((45924, 46030), (45950, 45976, 46002));
5;0.955078125000000;45950;9;82.81;((45924, 46030), (45950, 45976, 46002));
5;0.956054687500000;45950;11;90.68;((45924, 46030), (45950, 45976, 46002));
5;0.956542968750000;45950;7;82.51;((45924, 46030), (45950, 45976, 46002));
5;0.956787109375000;45950;7;84.25;((45924, 46030), (45950, 45976, 46002));
5;0.956909179687500;45950;6;82.81;((45924, 46030), (45950, 45976, 46002));
5;0.956970214843750;45950;5;81.31;((45924, 46030), (45950, 45976, 46002));
5;0.956939697265625;45950;7;82.92;((45924, 46030), (45950, 45976, 46002));
5;0.956954956054688;45950;3;81.03;((45924, 46030), (45950, 45976, 46002));
5;0.956947326660156;45950;5;81.08;((45924, 46030), (45950, 45976, 46002));
5;0.956943511962891;45950;7;84.29;((45924, 46030), (45950, 45976, 46002));
5;0.956945419311523;45950;9;91.87;((45924, 46030), (45950, 45976, 46002));
5;0.956946372985840;45950;8;83.36;((45924, 46030), (45950, 45976, 46002));
5;0.500000000000000;45976;11;47.14;((45924, 46030), (45950, 45976, 46002));
5;0.750000000000000;45976;11;66.86;((45924, 46030), (45950, 45976, 46002));
5;0.875000000000000;45976;11;77.23;((45924, 46030), (45950, 45976, 46002));
5;0.937500000000000;45976;11;83.82;((45924, 46030), (45950, 45976, 46002));
5;0.968750000000000;45976;0;39.22;((45924, 46030), (45950, 45976, 46002));
5;0.953125000000000;45976;11;84.28;((45924, 46030), (45950, 45976, 46002));
5;0.960937500000000;45976;9;84.58;((45924, 46030), (45950, 45976, 46002));
5;0.964843750000000;45976;0;52.21;((45924, 46030), (45950, 45976, 46002));
5;0.962890625000000;45976;4;81.74;((45924, 46030), (45950, 45976, 46002));
5;0.961914062500000;45976;6;83.13;((45924, 46030), (45950, 45976, 46002));
5;0.962402343750000;45976;8;83.18;((45924, 46030), (45950, 45976, 46002));
5;0.962646484375000;45976;3;81.37;((45924, 46030), (45950, 45976, 46002));
5;0.962524414062500;45976;6;82.12;((45924, 46030), (45950, 45976, 46002));
5;0.962585449218750;45976;6;82.14;((45924, 46030), (45950, 45976, 46002));
5;0.962615966796875;45976;5;82.43;((45924, 46030), (45950, 45976, 46002));
5;0.962600708007812;45976;1;80.43;((45924, 46030), (45950, 45976, 46002));
5;0.962593078613281;45976;4;81.48;((45924, 46030), (45950, 45976, 46002));
5;0.962589263916016;45976;5;82.04;((45924, 46030), (45950, 45976, 46002));
5;0.962587356567383;45976;5;81.93;((45924, 46030), (45950, 45976, 46002));
5;0.962586402893066;45976;4;81.84;((45924, 46030), (45950, 45976, 46002));
5;0.500000000000000;46002;11;46.15;((45924, 46030), (45950, 45976, 46002));
5;0.750000000000000;46002;11;67.95;((45924, 46030), (45950, 45976, 46002));
5;0.875000000000000;46002;11;77.42;((45924, 46030), (45950, 45976, 46002));
5;0.937500000000000;46002;11;83.17;((45924, 46030), (45950, 45976, 46002));
5;0.968750000000000;46002;0;36.62;((45924, 46030), (45950, 45976, 46002));
5;0.953125000000000;46002;11;85.04;((45924, 46030), (45950, 45976, 46002));
5;0.960937500000000;46002;0;50.42;((45924, 46030), (45950, 45976, 46002));
5;0.957031250000000;46002;8;84.40;((45924, 46030), (45950, 45976, 46002));
5;0.958984375000000;46002;0;58.24;((45924, 46030), (45950, 45976, 46002));
5;0.958007812500000;46002;1;79.05;((45924, 46030), (45950, 45976, 46002));
5;0.957519531250000;46002;4;80.62;((45924, 46030), (45950, 45976, 46002));
5;0.957275390625000;46002;5;83.26;((45924, 46030), (45950, 45976, 46002));
5;0.957153320312500;46002;3;80.33;((45924, 46030), (45950, 45976, 46002));
5;0.957092285156250;46002;10;83.45;((45924, 46030), (45950, 45976, 46002));
5;0.957122802734375;46002;4;81.36;((45924, 46030), (45950, 45976, 46002));
5;0.957107543945312;46002;6;82.00;((45924, 46030), (45950, 45976, 46002));
5;0.957115173339844;46002;8;87.17;((45924, 46030), (45950, 45976, 46002));
5;0.957118988037109;46002;3;80.91;((45924, 46030), (45950, 45976, 46002));
5;0.957117080688477;46002;3;81.07;((45924, 46030), (45950, 45976, 46002));
5;0.957116127014160;46002;6;82.05;((45924, 46030), (45950, 45976, 46002));
5;0.500000000000000;45963;11;46.83;((45950, 46002), (45963, 45976, 45989));
5;0.750000000000000;45963;11;66.91;((45950, 46002), (45963, 45976, 45989));
5;0.875000000000000;45963;11;77.22;((45950, 46002), (45963, 45976, 45989));
5;0.937500000000000;45963;11;82.79;((45950, 46002), (45963, 45976, 45989));
5;0.968750000000000;45963;0;38.44;((45950, 46002), (45963, 45976, 45989));
5;0.953125000000000;45963;11;85.18;((45950, 46002), (45963, 45976, 45989));
5;0.960937500000000;45963;10;83.67;((45950, 46002), (45963, 45976, 45989));
5;0.964843750000000;45963;1;79.28;((45950, 46002), (45963, 45976, 45989));
5;0.962890625000000;45963;2;80.46;((45950, 46002), (45963, 45976, 45989));
5;0.961914062500000;45963;7;83.85;((45950, 46002), (45963, 45976, 45989));
5;0.962402343750000;45963;6;82.42;((45950, 46002), (45963, 45976, 45989));
5;0.962646484375000;45963;3;81.55;((45950, 46002), (45963, 45976, 45989));
5;0.962524414062500;45963;6;82.60;((45950, 46002), (45963, 45976, 45989));
5;0.962585449218750;45963;6;82.74;((45950, 46002), (45963, 45976, 45989));
5;0.962615966796875;45963;4;82.54;((45950, 46002), (45963, 45976, 45989));
5;0.962600708007812;45963;5;81.48;((45950, 46002), (45963, 45976, 45989));
5;0.962593078613281;45963;5;83.58;((45950, 46002), (45963, 45976, 45989));
5;0.962589263916016;45963;4;81.90;((45950, 46002), (45963, 45976, 45989));
5;0.962587356567383;45963;7;82.70;((45950, 46002), (45963, 45976, 45989));
5;0.962588310241699;45963;2;82.17;((45950, 46002), (45963, 45976, 45989));
5;0.500000000000000;45989;11;46.37;((45950, 46002), (45963, 45976, 45989));
5;0.750000000000000;45989;11;67.65;((45950, 46002), (45963, 45976, 45989));
5;0.875000000000000;45989;11;77.61;((45950, 46002), (45963, 45976, 45989));
5;0.937500000000000;45989;11;82.63;((45950, 46002), (45963, 45976, 45989));
5;0.968750000000000;45989;0;39.06;((45950, 46002), (45963, 45976, 45989));
5;0.953125000000000;45989;11;84.05;((45950, 46002), (45963, 45976, 45989));
5;0.960937500000000;45989;10;83.81;((45950, 46002), (45963, 45976, 45989));
5;0.964843750000000;45989;0;57.23;((45950, 46002), (45963, 45976, 45989));
5;0.962890625000000;45989;7;83.08;((45950, 46002), (45963, 45976, 45989));
5;0.963867187500000;45989;2;80.52;((45950, 46002), (45963, 45976, 45989));
5;0.963378906250000;45989;3;80.97;((45950, 46002), (45963, 45976, 45989));
5;0.963134765625000;45989;5;81.72;((45950, 46002), (45963, 45976, 45989));
5;0.963012695312500;45989;4;81.42;((45950, 46002), (45963, 45976, 45989));
5;0.962951660156250;45989;3;99.58;((45950, 46002), (45963, 45976, 45989));
5;0.962921142578125;45989;3;81.63;((45950, 46002), (45963, 45976, 45989));
5;0.962905883789062;45989;2;80.48;((45950, 46002), (45963, 45976, 45989));
5;0.962898254394531;45989;3;82.17;((45950, 46002), (45963, 45976, 45989));
5;0.962894439697266;45989;4;84.39;((45950, 46002), (45963, 45976, 45989));
5;0.962892532348633;45989;6;82.98;((45950, 46002), (45963, 45976, 45989));
5;0.962893486022949;45989;3;81.19;((45950, 46002), (45963, 45976, 45989));
