5;0.500000000000000;125000;11;6.39;((0, 500000), (125000, 250000, 375000));
5;0.750000000000000;125000;0;4.77;((0, 500000), (125000, 250000, 375000));
5;0.625000000000000;125000;11;7.86;((0, 500000), (125000, 250000, 375000));
5;0.687500000000000;125000;11;8.67;((0, 500000), (125000, 250000, 375000));
5;0.718750000000000;125000;11;8.90;((0, 500000), (125000, 250000, 375000));
5;0.734375000000000;125000;11;9.39;((0, 500000), (125000, 250000, 375000));
5;0.742187500000000;125000;1;8.72;((0, 500000), (125000, 250000, 375000));
5;0.738281250000000;125000;11;9.23;((0, 500000), (125000, 250000, 375000));
5;0.740234375000000;125000;6;9.03;((0, 500000), (125000, 250000, 375000));
5;0.741210937500000;125000;2;8.78;((0, 500000), (125000, 250000, 375000));
5;0.740722656250000;125000;5;8.89;((0, 500000), (125000, 250000, 375000));
5;0.740478515625000;125000;6;8.96;((0, 500000), (125000, 250000, 375000));
5;0.740600585937500;125000;4;8.88;((0, 500000), (125000, 250000, 375000));
5;0.740539550781250;125000;7;9.38;((0, 500000), (125000, 250000, 375000));
5;0.740570068359375;125000;3;8.89;((0, 500000), (125000, 250000, 375000));
5;0.740554809570312;125000;4;9.33;((0, 500000), (125000, 250000, 375000));
5;0.740547180175781;125000;6;9.00;((0, 500000), (125000, 250000, 375000));
5;0.740550994873047;125000;5;9.55;((0, 500000), (125000, 250000, 375000));
5;0.740549087524414;125000;7;8.97;((0, 500000), (125000, 250000, 375000));
5;0.740550041198730;125000;6;9.02;((0, 500000), (125000, 250000, 375000));
5;0.500000000000000;250000;11;6.42;((0, 500000), (125000, 250000, 375000));
5;0.750000000000000;250000;0;4.30;((0, 500000), (125000, 250000, 375000));
5;0.625000000000000;250000;0;4.36;((0, 500000), (125000, 250000, 375000));
5;0.562500000000000;250000;11;7.19;((0, 500000), (125000, 250000, 375000));
5;0.593750000000000;250000;11;7.77;((0, 500000), (125000, 250000, 375000));
5;0.609375000000000;250000;11;7.73;((0, 500000), (125000, 250000, 375000));
5;0.617187500000000;250000;0;4.32;((0, 500000), (125000, 250000, 375000));
5;0.613281250000000;250000;11;8.14;((0, 500000), (125000, 250000, 375000));
5;0.615234375000000;250000;9;8.44;((0, 500000), (125000, 250000, 375000));
5;0.616210937500000;250000;2;8.58;((0, 500000), (125000, 250000, 375000));
5;0.615722656250000;250000;7;8.20;((0, 500000), (125000, 250000, 375000));
5;0.615966796875000;250000;8;8.33;((0, 500000), (125000, 250000, 375000));
5;0.616088867187500;250000;7;8.32;((0, 500000), (125000, 250000, 375000));
5;0.616149902343750;250000;3;8.04;((0, 500000), (125000, 250000, 375000));
5;0.616119384765625;250000;4;7.89;((0, 500000), (125000, 250000, 375000));
5;0.616104125976562;250000;6;8.53;((0, 500000), (125000, 250000, 375000));
5;0.616111755371094;250000;2;7.80;((0, 500000), (125000, 250000, 375000));
5;0.616107940673828;250000;7;8.29;((0, 500000), (125000, 250000, 375000));
5;0.616109848022461;250000;1;7.81;((0, 500000), (125000, 250000, 375000));
5;0.616108894348145;250000;5;7.71;((0, 500000), (125000, 250000, 375000));
5;0.500000000000000;375000;11;6.80;((0, 500000), (125000, 250000, 375000));
5;0.750000000000000;375000;0;4.21;((0, 500000), (125000, 250000, 375000));
5;0.625000000000000;375000;0;4.22;((0, 500000), (125000, 250000, 375000));
5;0.562500000000000;375000;11;7.73;((0, 500000), (125000, 250000, 375000));
5;0.593750000000000;375000;11;8.28;((0, 500000), (125000, 250000, 375000));
5;0.609375000000000;375000;0;4.47;((0, 500000), (125000, 250000, 375000));
5;0.601562500000000;375000;11;8.39;((0, 500000), (125000, 250000, 375000));
5;0.605468750000000;375000;11;8.60;((0, 500000), (125000, 250000, 375000));
5;0.607421875000000;375000;1;7.19;((0, 500000), (125000, 250000, 375000));
5;0.606445312500000;375000;11;7.65;((0, 500000), (125000, 250000, 375000));
5;0.606933593750000;375000;6;7.57;((0, 500000), (125000, 250000, 375000));
5;0.607177734375000;375000;7;7.48;((0, 500000), (125000, 250000, 375000));
5;0.607299804687500;375000;4;7.42;((0, 500000), (125000, 250000, 375000));
5;0.607238769531250;375000;8;7.58;((0, 500000), (125000, 250000, 375000));
5;0.607269287109375;375000;6;7.48;((0, 500000), (125000, 250000, 375000));
5;0.607284545898438;375000;8;7.56;((0, 500000), (125000, 250000, 375000));
5;0.607292175292969;375000;4;7.50;((0, 500000), (125000, 250000, 375000));
5;0.607288360595703;375000;7;7.52;((0, 500000), (125000, 250000, 375000));
5;0.607290267944336;375000;5;7.50;((0, 500000), (125000, 250000, 375000));
5;0.607289314270020;375000;4;7.36;((0, 500000), (125000, 250000, 375000));
5;0.500000000000000;62500;11;6.39;((0, 250000), (62500, 125000, 187500));
5;0.750000000000000;62500;11;9.60;((0, 250000), (62500, 125000, 187500));
5;0.875000000000000;62500;0;4.78;((0, 250000), (62500, 125000, 187500));
5;0.812500000000000;62500;11;10.24;((0, 250000), (62500, 125000, 187500));
5;0.843750000000000;62500;11;10.50;((0, 250000), (62500, 125000, 187500));
5;0.859375000000000;62500;0;5.97;((0, 250000), (62500, 125000, 187500));
5;0.851562500000000;62500;11;10.87;((0, 250000), (62500, 125000, 187500));
5;0.855468750000000;62500;7;10.39;((0, 250000), (62500, 125000, 187500));
5;0.857421875000000;62500;1;9.97;((0, 250000), (62500, 125000, 187500));
5;0.856445312500000;62500;6;10.25;((0, 250000), (62500, 125000, 187500));
5;0.856933593750000;62500;5;10.20;((0, 250000), (62500, 125000, 187500));
5;0.856689453125000;62500;3;10.12;((0, 250000), (62500, 125000, 187500));
5;0.856567382812500;62500;8;10.41;((0, 250000), (62500, 125000, 187500));
5;0.856628417968750;62500;5;10.11;((0, 250000), (62500, 125000, 187500));
5;0.856597900390625;62500;5;10.18;((0, 250000), (62500, 125000, 187500));
5;0.856582641601562;62500;1;10.01;((0, 250000), (62500, 125000, 187500));
5;0.856575012207031;62500;8;10.28;((0, 250000), (62500, 125000, 187500));
5;0.856578826904297;62500;5;10.25;((0, 250000), (62500, 125000, 187500));
5;0.856576919555664;62500;4;10.10;((0, 250000), (62500, 125000, 187500));
5;0.856575965881348;62500;5;10.22;((0, 250000), (62500, 125000, 187500));
5;0.500000000000000;187500;11;6.43;((0, 250000), (62500, 125000, 187500));
5;0.750000000000000;187500;0;4.37;((0, 250000), (62500, 125000, 187500));
5;0.625000000000000;187500;11;7.89;((0, 250000), (62500, 125000, 187500));
5;0.687500000000000;187500;0;4.34;((0, 250000), (62500, 125000, 187500));
5;0.656250000000000;187500;0;4.57;((0, 250000), (62500, 125000, 187500));
5;0.640625000000000;187500;11;8.18;((0, 250000), (62500, 125000, 187500));
5;0.648437500000000;187500;7;8.00;((0, 250000), (62500, 125000, 187500));
5;0.652343750000000;187500;0;4.54;((0, 250000), (62500, 125000, 187500));
5;0.650390625000000;187500;0;4.72;((0, 250000), (62500, 125000, 187500));
5;0.649414062500000;187500;1;7.68;((0, 250000), (62500, 125000, 187500));
5;0.648925781250000;187500;3;7.86;((0, 250000), (62500, 125000, 187500));
5;0.648681640625000;187500;5;7.87;((0, 250000), (62500, 125000, 187500));
5;0.648559570312500;187500;6;7.96;((0, 250000), (62500, 125000, 187500));
5;0.648620605468750;187500;7;8.04;((0, 250000), (62500, 125000, 187500));
5;0.648651123046875;187500;7;8.01;((0, 250000), (62500, 125000, 187500));
5;0.648666381835938;187500;5;7.93;((0, 250000), (62500, 125000, 187500));
5;0.648658752441406;187500;6;8.02;((0, 250000), (62500, 125000, 187500));
5;0.648662567138672;187500;3;7.84;((0, 250000), (62500, 125000, 187500));
5;0.648660659790039;187500;5;7.93;((0, 250000), (62500, 125000, 187500));
5;0.648659706115723;187500;4;7.94;((0, 250000), (62500, 125000, 187500));
5;0.500000000000000;31250;11;6.32;((0, 125000), (31250, 62500, 93750));
5;0.750000000000000;31250;11;9.20;((0, 125000), (31250, 62500, 93750));
5;0.875000000000000;31250;11;10.60;((0, 125000), (31250, 62500, 93750));
5;0.937500000000000;31250;0;4.77;((0, 125000), (31250, 62500, 93750));
5;0.906250000000000;31250;9;10.90;((0, 125000), (31250, 62500, 93750));
5;0.921875000000000;31250;0;5.03;((0, 125000), (31250, 62500, 93750));
5;0.914062500000000;31250;0;6.35;((0, 125000), (31250, 62500, 93750));
5;0.910156250000000;31250;8;10.79;((0, 125000), (31250, 62500, 93750));
5;0.912109375000000;31250;3;10.58;((0, 125000), (31250, 62500, 93750));
5;0.911132812500000;31250;4;11.06;((0, 125000), (31250, 62500, 93750));
5;0.910644531250000;31250;7;10.74;((0, 125000), (31250, 62500, 93750));
5;0.910888671875000;31250;3;10.55;((0, 125000), (31250, 62500, 93750));
5;0.910766601562500;31250;4;10.56;((0, 125000), (31250, 62500, 93750));
5;0.910705566406250;31250;6;10.70;((0, 125000), (31250, 62500, 93750));
5;0.910736083984375;31250;6;10.73;((0, 125000), (31250, 62500, 93750));
5;0.910751342773438;31250;6;10.71;((0, 125000), (31250, 62500, 93750));
5;0.910758972167969;31250;7;10.78;((0, 125000), (31250, 62500, 93750));
5;0.910762786865234;31250;5;10.69;((0, 125000), (31250, 62500, 93750));
5;0.910760879516602;31250;3;10.48;((0, 125000), (31250, 62500, 93750));
5;0.910759925842285;31250;2;10.47;((0, 125000), (31250, 62500, 93750));
5;0.500000000000000;93750;11;6.42;((0, 125000), (31250, 62500, 93750));
5;0.750000000000000;93750;11;9.39;((0, 125000), (31250, 62500, 93750));
5;0.875000000000000;93750;0;4.68;((0, 125000), (31250, 62500, 93750));
5;0.812500000000000;93750;0;4.75;((0, 125000), (31250, 62500, 93750));
5;0.781250000000000;93750;11;9.71;((0, 125000), (31250, 62500, 93750));
5;0.796875000000000;93750;11;9.78;((0, 125000), (31250, 62500, 93750));
5;0.804687500000000;93750;0;4.91;((0, 125000), (31250, 62500, 93750));
5;0.800781250000000;93750;2;9.29;((0, 125000), (31250, 62500, 93750));
5;0.798828125000000;93750;6;9.92;((0, 125000), (31250, 62500, 93750));
5;0.799804687500000;93750;4;9.65;((0, 125000), (31250, 62500, 93750));
5;0.799316406250000;93750;2;9.32;((0, 125000), (31250, 62500, 93750));
5;0.799072265625000;93750;2;9.35;((0, 125000), (31250, 62500, 93750));
5;0.798950195312500;93750;7;9.65;((0, 125000), (31250, 62500, 93750));
5;0.799011230468750;93750;5;9.85;((0, 125000), (31250, 62500, 93750));
5;0.798980712890625;93750;6;9.54;((0, 125000), (31250, 62500, 93750));
5;0.798995971679688;93750;6;9.59;((0, 125000), (31250, 62500, 93750));
5;0.799003601074219;93750;6;9.68;((0, 125000), (31250, 62500, 93750));
5;0.799007415771484;93750;4;9.47;((0, 125000), (31250, 62500, 93750));
5;0.799005508422852;93750;4;9.56;((0, 125000), (31250, 62500, 93750));
5;0.799004554748535;93750;2;9.31;((0, 125000), (31250, 62500, 93750));
5;0.500000000000000;15625;11;6.28;((0, 62500), (15625, 31250, 46875));
5;0.750000000000000;15625;11;9.10;((0, 62500), (15625, 31250, 46875));
5;0.875000000000000;15625;11;10.50;((0, 62500), (15625, 31250, 46875));
5;0.937500000000000;15625;4;10.74;((0, 62500), (15625, 31250, 46875));
5;0.906250000000000;15625;11;10.86;((0, 62500), (15625, 31250, 46875));
5;0.921875000000000;15625;11;11.00;((0, 62500), (15625, 31250, 46875));
5;0.929687500000000;15625;11;11.09;((0, 62500), (15625, 31250, 46875));
5;0.933593750000000;15625;9;10.95;((0, 62500), (15625, 31250, 46875));
5;0.935546875000000;15625;7;10.95;((0, 62500), (15625, 31250, 46875));
5;0.936523437500000;15625;3;10.75;((0, 62500), (15625, 31250, 46875));
5;0.936035156250000;15625;6;10.94;((0, 62500), (15625, 31250, 46875));
5;0.936279296875000;15625;4;11.09;((0, 62500), (15625, 31250, 46875));
5;0.936157226562500;15625;5;10.92;((0, 62500), (15625, 31250, 46875));
5;0.936096191406250;15625;8;11.03;((0, 62500), (15625, 31250, 46875));
5;0.936126708984375;15625;5;10.89;((0, 62500), (15625, 31250, 46875));
5;0.936111450195312;15625;5;10.99;((0, 62500), (15625, 31250, 46875));
5;0.936103820800781;15625;6;10.95;((0, 62500), (15625, 31250, 46875));
5;0.936107635498047;15625;5;10.92;((0, 62500), (15625, 31250, 46875));
5;0.936105728149414;15625;7;10.95;((0, 62500), (15625, 31250, 46875));
5;0.936106681823730;15625;5;10.83;((0, 62500), (15625, 31250, 46875));
5;0.500000000000000;46875;11;6.33;((0, 62500), (15625, 31250, 46875));
5;0.750000000000000;46875;11;9.25;((0, 62500), (15625, 31250, 46875));
5;0.875000000000000;46875;11;10.68;((0, 62500), (15625, 31250, 46875));
5;0.937500000000000;46875;0;4.75;((0, 62500), (15625, 31250, 46875));
5;0.906250000000000;46875;0;4.74;((0, 62500), (15625, 31250, 46875));
5;0.890625000000000;46875;1;10.19;((0, 62500), (15625, 31250, 46875));
5;0.882812500000000;46875;11;10.76;((0, 62500), (15625, 31250, 46875));
5;0.886718750000000;46875;11;10.78;((0, 62500), (15625, 31250, 46875));
5;0.888671875000000;46875;6;10.65;((0, 62500), (15625, 31250, 46875));
5;0.889648437500000;46875;7;10.56;((0, 62500), (15625, 31250, 46875));
5;0.890136718750000;46875;4;10.89;((0, 62500), (15625, 31250, 46875));
5;0.889892578125000;46875;4;10.41;((0, 62500), (15625, 31250, 46875));
5;0.889770507812500;46875;4;10.47;((0, 62500), (15625, 31250, 46875));
5;0.889709472656250;46875;4;10.44;((0, 62500), (15625, 31250, 46875));
5;0.889678955078125;46875;5;10.57;((0, 62500), (15625, 31250, 46875));
5;0.889663696289062;46875;3;10.49;((0, 62500), (15625, 31250, 46875));
5;0.889656066894531;46875;5;10.41;((0, 62500), (15625, 31250, 46875));
5;0.889652252197266;46875;7;10.65;((0, 62500), (15625, 31250, 46875));
5;0.889654159545898;46875;2;10.84;((0, 62500), (15625, 31250, 46875));
5;0.889653205871582;46875;2;10.26;((0, 62500), (15625, 31250, 46875));
5;0.500000000000000;7812;11;6.32;((0, 31250), (7812, 15624, 23436));
5;0.750000000000000;7812;11;9.02;((0, 31250), (7812, 15624, 23436));
5;0.875000000000000;7812;11;10.67;((0, 31250), (7812, 15624, 23436));
5;0.937500000000000;7812;0;7.03;((0, 31250), (7812, 15624, 23436));
5;0.906250000000000;7812;11;11.26;((0, 31250), (7812, 15624, 23436));
5;0.921875000000000;7812;11;10.97;((0, 31250), (7812, 15624, 23436));
5;0.929687500000000;7812;9;10.96;((0, 31250), (7812, 15624, 23436));
5;0.933593750000000;7812;1;10.55;((0, 31250), (7812, 15624, 23436));
5;0.931640625000000;7812;4;10.62;((0, 31250), (7812, 15624, 23436));
5;0.930664062500000;7812;7;10.88;((0, 31250), (7812, 15624, 23436));
5;0.931152343750000;7812;6;10.78;((0, 31250), (7812, 15624, 23436));
5;0.931396484375000;7812;4;10.67;((0, 31250), (7812, 15624, 23436));
5;0.931274414062500;7812;6;10.77;((0, 31250), (7812, 15624, 23436));
5;0.931335449218750;7812;4;10.71;((0, 31250), (7812, 15624, 23436));
5;0.931304931640625;7812;5;10.79;((0, 31250), (7812, 15624, 23436));
5;0.931289672851562;7812;6;10.72;((0, 31250), (7812, 15624, 23436));
5;0.931297302246094;7812;6;10.74;((0, 31250), (7812, 15624, 23436));
5;0.931301116943359;7812;4;10.69;((0, 31250), (7812, 15624, 23436));
5;0.931299209594727;7812;3;10.64;((0, 31250), (7812, 15624, 23436));
5;0.931298255920410;7812;6;10.74;((0, 31250), (7812, 15624, 23436));
5;0.500000000000000;15624;11;6.97;((0, 31250), (7812, 15624, 23436));
5;0.750000000000000;15624;11;9.05;((0, 31250), (7812, 15624, 23436));
5;0.875000000000000;15624;11;10.56;((0, 31250), (7812, 15624, 23436));
5;0.937500000000000;15624;0;6.59;((0, 31250), (7812, 15624, 23436));
5;0.906250000000000;15624;11;10.82;((0, 31250), (7812, 15624, 23436));
5;0.921875000000000;15624;11;11.24;((0, 31250), (7812, 15624, 23436));
5;0.929687500000000;15624;5;10.73;((0, 31250), (7812, 15624, 23436));
5;0.925781250000000;15624;10;10.97;((0, 31250), (7812, 15624, 23436));
5;0.927734375000000;15624;8;10.99;((0, 31250), (7812, 15624, 23436));
5;0.928710937500000;15624;9;11.03;((0, 31250), (7812, 15624, 23436));
5;0.929199218750000;15624;8;11.20;((0, 31250), (7812, 15624, 23436));
5;0.929443359375000;15624;8;10.98;((0, 31250), (7812, 15624, 23436));
5;0.929565429687500;15624;7;10.88;((0, 31250), (7812, 15624, 23436));
5;0.929626464843750;15624;7;10.98;((0, 31250), (7812, 15624, 23436));
5;0.929656982421875;15624;6;10.82;((0, 31250), (7812, 15624, 23436));
5;0.929672241210938;15624;9;11.00;((0, 31250), (7812, 15624, 23436));
5;0.929679870605469;15624;7;10.87;((0, 31250), (7812, 15624, 23436));
5;0.929683685302734;15624;9;10.96;((0, 31250), (7812, 15624, 23436));
5;0.929685592651367;15624;6;10.92;((0, 31250), (7812, 15624, 23436));
5;0.929686546325684;15624;7;10.89;((0, 31250), (7812, 15624, 23436));
5;0.500000000000000;23436;11;6.31;((0, 31250), (7812, 15624, 23436));
5;0.750000000000000;23436;11;9.14;((0, 31250), (7812, 15624, 23436));
5;0.875000000000000;23436;11;12.45;((0, 31250), (7812, 15624, 23436));
5;0.937500000000000;23436;0;5.36;((0, 31250), (7812, 15624, 23436));
5;0.906250000000000;23436;11;11.07;((0, 31250), (7812, 15624, 23436));
5;0.921875000000000;23436;11;12.27;((0, 31250), (7812, 15624, 23436));
5;0.929687500000000;23436;0;7.61;((0, 31250), (7812, 15624, 23436));
5;0.925781250000000;23436;9;12.09;((0, 31250), (7812, 15624, 23436));
5;0.927734375000000;23436;2;10.75;((0, 31250), (7812, 15624, 23436));
5;0.926757812500000;23436;4;10.80;((0, 31250), (7812, 15624, 23436));
5;0.926269531250000;23436;6;10.77;((0, 31250), (7812, 15624, 23436));
5;0.926513671875000;23436;7;10.92;((0, 31250), (7812, 15624, 23436));
5;0.926635742187500;23436;4;10.81;((0, 31250), (7812, 15624, 23436));
5;0.926574707031250;23436;8;11.01;((0, 31250), (7812, 15624, 23436));
5;0.926605224609375;23436;5;10.90;((0, 31250), (7812, 15624, 23436));
5;0.926589965820312;23436;7;10.91;((0, 31250), (7812, 15624, 23436));
5;0.926597595214844;23436;8;11.01;((0, 31250), (7812, 15624, 23436));
5;0.926601409912109;23436;6;11.04;((0, 31250), (7812, 15624, 23436));
5;0.926603317260742;23436;6;10.96;((0, 31250), (7812, 15624, 23436));
5;0.926604270935059;23436;7;10.96;((0, 31250), (7812, 15624, 23436));
5;0.500000000000000;3906;11;6.28;((0, 15624), (3906, 7812, 11718));
5;0.750000000000000;3906;11;9.07;((0, 15624), (3906, 7812, 11718));
5;0.875000000000000;3906;11;10.43;((0, 15624), (3906, 7812, 11718));
5;0.937500000000000;3906;0;6.40;((0, 15624), (3906, 7812, 11718));
5;0.906250000000000;3906;11;10.88;((0, 15624), (3906, 7812, 11718));
5;0.921875000000000;3906;7;10.67;((0, 15624), (3906, 7812, 11718));
5;0.929687500000000;3906;1;10.29;((0, 15624), (3906, 7812, 11718));
5;0.925781250000000;3906;4;10.63;((0, 15624), (3906, 7812, 11718));
5;0.923828125000000;3906;5;10.60;((0, 15624), (3906, 7812, 11718));
5;0.922851562500000;3906;9;10.81;((0, 15624), (3906, 7812, 11718));
5;0.923339843750000;3906;5;10.64;((0, 15624), (3906, 7812, 11718));
5;0.923095703125000;3906;8;10.80;((0, 15624), (3906, 7812, 11718));
5;0.923217773437500;3906;6;10.63;((0, 15624), (3906, 7812, 11718));
5;0.923278808593750;3906;6;10.83;((0, 15624), (3906, 7812, 11718));
5;0.923309326171875;3906;5;10.53;((0, 15624), (3906, 7812, 11718));
5;0.923294067382812;3906;7;10.66;((0, 15624), (3906, 7812, 11718));
5;0.923301696777344;3906;7;10.89;((0, 15624), (3906, 7812, 11718));
5;0.923305511474609;3906;7;10.73;((0, 15624), (3906, 7812, 11718));
5;0.923307418823242;3906;4;10.57;((0, 15624), (3906, 7812, 11718));
5;0.923306465148926;3906;6;10.66;((0, 15624), (3906, 7812, 11718));
5;0.500000000000000;11718;11;6.30;((0, 15624), (3906, 7812, 11718));
5;0.750000000000000;11718;11;9.05;((0, 15624), (3906, 7812, 11718));
5;0.875000000000000;11718;11;10.52;((0, 15624), (3906, 7812, 11718));
5;0.937500000000000;11718;8;10.97;((0, 15624), (3906, 7812, 11718));
5;0.968750000000000;11718;0;4.71;((0, 15624), (3906, 7812, 11718));
5;0.953125000000000;11718;0;5.07;((0, 15624), (3906, 7812, 11718));
5;0.945312500000000;11718;0;6.45;((0, 15624), (3906, 7812, 11718));
5;0.941406250000000;11718;2;10.63;((0, 15624), (3906, 7812, 11718));
5;0.939453125000000;11718;3;10.73;((0, 15624), (3906, 7812, 11718));
5;0.938476562500000;11718;4;10.76;((0, 15624), (3906, 7812, 11718));
5;0.937988281250000;11718;4;10.88;((0, 15624), (3906, 7812, 11718));
5;0.937744140625000;11718;6;10.94;((0, 15624), (3906, 7812, 11718));
5;0.937866210937500;11718;6;10.97;((0, 15624), (3906, 7812, 11718));
5;0.937927246093750;11718;5;10.94;((0, 15624), (3906, 7812, 11718));
5;0.937896728515625;11718;5;11.08;((0, 15624), (3906, 7812, 11718));
5;0.937881469726562;11718;7;11.91;((0, 15624), (3906, 7812, 11718));
5;0.937889099121094;11718;8;12.44;((0, 15624), (3906, 7812, 11718));
5;0.937892913818359;11718;5;11.24;((0, 15624), (3906, 7812, 11718));
5;0.937891006469727;11718;8;11.54;((0, 15624), (3906, 7812, 11718));
5;0.937891960144043;11718;9;12.20;((0, 15624), (3906, 7812, 11718));
5;0.500000000000000;9765;11;6.68;((7812, 15624), (9765, 11718, 13671));
5;0.750000000000000;9765;11;9.59;((7812, 15624), (9765, 11718, 13671));
5;0.875000000000000;9765;11;10.87;((7812, 15624), (9765, 11718, 13671));
5;0.937500000000000;9765;5;11.43;((7812, 15624), (9765, 11718, 13671));
5;0.906250000000000;9765;11;11.86;((7812, 15624), (9765, 11718, 13671));
5;0.921875000000000;9765;11;11.80;((7812, 15624), (9765, 11718, 13671));
5;0.929687500000000;9765;10;11.61;((7812, 15624), (9765, 11718, 13671));
5;0.933593750000000;9765;8;11.60;((7812, 15624), (9765, 11718, 13671));
5;0.935546875000000;9765;10;11.36;((7812, 15624), (9765, 11718, 13671));
5;0.936523437500000;9765;7;11.39;((7812, 15624), (9765, 11718, 13671));
5;0.937011718750000;9765;8;11.61;((7812, 15624), (9765, 11718, 13671));
5;0.937255859375000;9765;5;11.71;((7812, 15624), (9765, 11718, 13671));
5;0.937133789062500;9765;4;11.41;((7812, 15624), (9765, 11718, 13671));
5;0.937072753906250;9765;7;11.48;((7812, 15624), (9765, 11718, 13671));
5;0.937103271484375;9765;6;12.13;((7812, 15624), (9765, 11718, 13671));
5;0.937118530273438;9765;8;12.21;((7812, 15624), (9765, 11718, 13671));
5;0.937126159667969;9765;5;11.80;((7812, 15624), (9765, 11718, 13671));
5;0.937122344970703;9765;7;11.92;((7812, 15624), (9765, 11718, 13671));
5;0.937124252319336;9765;10;11.93;((7812, 15624), (9765, 11718, 13671));
5;0.937125205993652;9765;7;11.89;((7812, 15624), (9765, 11718, 13671));
5;0.500000000000000;13671;11;6.80;((7812, 15624), (9765, 11718, 13671));
5;0.750000000000000;13671;11;10.40;((7812, 15624), (9765, 11718, 13671));
5;0.875000000000000;13671;11;11.70;((7812, 15624), (9765, 11718, 13671));
5;0.937500000000000;13671;5;11.37;((7812, 15624), (9765, 11718, 13671));
5;0.906250000000000;13671;11;12.50;((7812, 15624), (9765, 11718, 13671));
5;0.921875000000000;13671;11;12.71;((7812, 15624), (9765, 11718, 13671));
5;0.929687500000000;13671;11;12.02;((7812, 15624), (9765, 11718, 13671));
5;0.933593750000000;13671;9;11.39;((7812, 15624), (9765, 11718, 13671));
5;0.935546875000000;13671;6;11.10;((7812, 15624), (9765, 11718, 13671));
5;0.936523437500000;13671;7;11.21;((7812, 15624), (9765, 11718, 13671));
5;0.937011718750000;13671;8;11.37;((7812, 15624), (9765, 11718, 13671));
5;0.937255859375000;13671;6;11.04;((7812, 15624), (9765, 11718, 13671));
5;0.937377929687500;13671;5;11.03;((7812, 15624), (9765, 11718, 13671));
5;0.937316894531250;13671;4;11.09;((7812, 15624), (9765, 11718, 13671));
5;0.937286376953125;13671;6;11.34;((7812, 15624), (9765, 11718, 13671));
5;0.937301635742188;13671;7;11.09;((7812, 15624), (9765, 11718, 13671));
5;0.937309265136719;13671;7;11.16;((7812, 15624), (9765, 11718, 13671));
5;0.937313079833984;13671;6;11.04;((7812, 15624), (9765, 11718, 13671));
5;0.937314987182617;13671;6;11.06;((7812, 15624), (9765, 11718, 13671));
5;0.937315940856934;13671;7;11.09;((7812, 15624), (9765, 11718, 13671));
5;0.500000000000000;10741;11;6.37;((9765, 13671), (10741, 11717, 12693));
5;0.750000000000000;10741;11;9.18;((9765, 13671), (10741, 11717, 12693));
5;0.875000000000000;10741;11;10.67;((9765, 13671), (10741, 11717, 12693));
5;0.937500000000000;10741;9;11.18;((9765, 13671), (10741, 11717, 12693));
5;0.968750000000000;10741;0;4.79;((9765, 13671), (10741, 11717, 12693));
5;0.953125000000000;10741;0;5.21;((9765, 13671), (10741, 11717, 12693));
5;0.945312500000000;10741;0;6.82;((9765, 13671), (10741, 11717, 12693));
5;0.941406250000000;10741;5;10.91;((9765, 13671), (10741, 11717, 12693));
5;0.939453125000000;10741;6;11.03;((9765, 13671), (10741, 11717, 12693));
5;0.940429687500000;10741;3;10.90;((9765, 13671), (10741, 11717, 12693));
5;0.939941406250000;10741;5;10.93;((9765, 13671), (10741, 11717, 12693));
5;0.939697265625000;10741;6;11.23;((9765, 13671), (10741, 11717, 12693));
5;0.939819335937500;10741;6;11.03;((9765, 13671), (10741, 11717, 12693));
5;0.939880371093750;10741;3;10.91;((9765, 13671), (10741, 11717, 12693));
5;0.939849853515625;10741;5;10.95;((9765, 13671), (10741, 11717, 12693));
5;0.939834594726562;10741;5;10.97;((9765, 13671), (10741, 11717, 12693));
5;0.939826965332031;10741;2;10.95;((9765, 13671), (10741, 11717, 12693));
5;0.939823150634766;10741;3;10.89;((9765, 13671), (10741, 11717, 12693));
5;0.939821243286133;10741;4;10.97;((9765, 13671), (10741, 11717, 12693));
5;0.939820289611816;10741;5;10.90;((9765, 13671), (10741, 11717, 12693));
5;0.500000000000000;11717;11;6.35;((9765, 13671), (10741, 11717, 12693));
5;0.750000000000000;11717;11;9.17;((9765, 13671), (10741, 11717, 12693));
5;0.875000000000000;11717;11;10.59;((9765, 13671), (10741, 11717, 12693));
5;0.937500000000000;11717;7;11.07;((9765, 13671), (10741, 11717, 12693));
5;0.968750000000000;11717;0;4.76;((9765, 13671), (10741, 11717, 12693));
5;0.953125000000000;11717;0;5.25;((9765, 13671), (10741, 11717, 12693));
5;0.945312500000000;11717;0;6.42;((9765, 13671), (10741, 11717, 12693));
5;0.941406250000000;11717;0;6.76;((9765, 13671), (10741, 11717, 12693));
5;0.939453125000000;11717;5;11.03;((9765, 13671), (10741, 11717, 12693));
5;0.938476562500000;11717;5;11.02;((9765, 13671), (10741, 11717, 12693));
5;0.937988281250000;11717;7;11.05;((9765, 13671), (10741, 11717, 12693));
5;0.938232421875000;11717;6;10.94;((9765, 13671), (10741, 11717, 12693));
5;0.938354492187500;11717;7;11.10;((9765, 13671), (10741, 11717, 12693));
5;0.938415527343750;11717;3;10.95;((9765, 13671), (10741, 11717, 12693));
5;0.938385009765625;11717;6;10.98;((9765, 13671), (10741, 11717, 12693));
5;0.938400268554688;11717;3;10.92;((9765, 13671), (10741, 11717, 12693));
5;0.938392639160156;11717;5;10.93;((9765, 13671), (10741, 11717, 12693));
5;0.938388824462891;11717;8;11.07;((9765, 13671), (10741, 11717, 12693));
5;0.938390731811523;11717;7;11.02;((9765, 13671), (10741, 11717, 12693));
5;0.938391685485840;11717;6;11.31;((9765, 13671), (10741, 11717, 12693));
5;0.500000000000000;12693;11;6.47;((9765, 13671), (10741, 11717, 12693));
5;0.750000000000000;12693;11;9.14;((9765, 13671), (10741, 11717, 12693));
5;0.875000000000000;12693;11;10.60;((9765, 13671), (10741, 11717, 12693));
5;0.937500000000000;12693;8;11.17;((9765, 13671), (10741, 11717, 12693));
5;0.968750000000000;12693;0;4.78;((9765, 13671), (10741, 11717, 12693));
5;0.953125000000000;12693;0;5.39;((9765, 13671), (10741, 11717, 12693));
5;0.945312500000000;12693;0;6.15;((9765, 13671), (10741, 11717, 12693));
5;0.941406250000000;12693;5;11.42;((9765, 13671), (10741, 11717, 12693));
5;0.939453125000000;12693;3;10.90;((9765, 13671), (10741, 11717, 12693));
5;0.938476562500000;12693;8;11.05;((9765, 13671), (10741, 11717, 12693));
5;0.938964843750000;12693;8;11.08;((9765, 13671), (10741, 11717, 12693));
5;0.939208984375000;12693;7;11.03;((9765, 13671), (10741, 11717, 12693));
5;0.939331054687500;12693;5;11.05;((9765, 13671), (10741, 11717, 12693));
5;0.939270019531250;12693;3;11.05;((9765, 13671), (10741, 11717, 12693));
5;0.939239501953125;12693;5;10.94;((9765, 13671), (10741, 11717, 12693));
5;0.939224243164062;12693;3;10.90;((9765, 13671), (10741, 11717, 12693));
5;0.939216613769531;12693;6;10.99;((9765, 13671), (10741, 11717, 12693));
5;0.939220428466797;12693;5;10.99;((9765, 13671), (10741, 11717, 12693));
5;0.939218521118164;12693;7;11.03;((9765, 13671), (10741, 11717, 12693));
5;0.939219474792480;12693;5;11.10;((9765, 13671), (10741, 11717, 12693));
5;0.500000000000000;10253;11;6.34;((9765, 11717), (10253, 10741, 11229));
5;0.750000000000000;10253;11;9.16;((9765, 11717), (10253, 10741, 11229));
5;0.875000000000000;10253;11;10.54;((9765, 11717), (10253, 10741, 11229));
5;0.937500000000000;10253;7;11.13;((9765, 11717), (10253, 10741, 11229));
5;0.968750000000000;10253;0;4.81;((9765, 11717), (10253, 10741, 11229));
5;0.953125000000000;10253;0;5.33;((9765, 11717), (10253, 10741, 11229));
5;0.945312500000000;10253;0;6.43;((9765, 11717), (10253, 10741, 11229));
5;0.941406250000000;10253;2;10.77;((9765, 11717), (10253, 10741, 11229));
5;0.939453125000000;10253;4;10.96;((9765, 11717), (10253, 10741, 11229));
5;0.938476562500000;10253;7;11.06;((9765, 11717), (10253, 10741, 11229));
5;0.938964843750000;10253;6;10.96;((9765, 11717), (10253, 10741, 11229));
5;0.939208984375000;10253;5;10.99;((9765, 11717), (10253, 10741, 11229));
5;0.939086914062500;10253;6;11.06;((9765, 11717), (10253, 10741, 11229));
5;0.939147949218750;10253;5;10.89;((9765, 11717), (10253, 10741, 11229));
5;0.939117431640625;10253;7;11.12;((9765, 11717), (10253, 10741, 11229));
5;0.939132690429688;10253;7;11.06;((9765, 11717), (10253, 10741, 11229));
5;0.939140319824219;10253;7;11.07;((9765, 11717), (10253, 10741, 11229));
5;0.939144134521484;10253;6;11.03;((9765, 11717), (10253, 10741, 11229));
5;0.939146041870117;10253;5;10.86;((9765, 11717), (10253, 10741, 11229));
5;0.939145088195801;10253;4;10.92;((9765, 11717), (10253, 10741, 11229));
5;0.500000000000000;11229;11;6.49;((9765, 11717), (10253, 10741, 11229));
5;0.750000000000000;11229;11;9.17;((9765, 11717), (10253, 10741, 11229));
5;0.875000000000000;11229;11;10.58;((9765, 11717), (10253, 10741, 11229));
5;0.937500000000000;11229;7;11.51;((9765, 11717), (10253, 10741, 11229));
5;0.968750000000000;11229;0;4.81;((9765, 11717), (10253, 10741, 11229));
5;0.953125000000000;11229;0;5.20;((9765, 11717), (10253, 10741, 11229));
5;0.945312500000000;11229;0;6.50;((9765, 11717), (10253, 10741, 11229));
5;0.941406250000000;11229;2;10.79;((9765, 11717), (10253, 10741, 11229));
5;0.939453125000000;11229;5;10.92;((9765, 11717), (10253, 10741, 11229));
5;0.938476562500000;11229;7;11.05;((9765, 11717), (10253, 10741, 11229));
5;0.938964843750000;11229;6;11.20;((9765, 11717), (10253, 10741, 11229));
5;0.939208984375000;11229;5;10.89;((9765, 11717), (10253, 10741, 11229));
5;0.939086914062500;11229;7;11.00;((9765, 11717), (10253, 10741, 11229));
5;0.939147949218750;11229;4;11.17;((9765, 11717), (10253, 10741, 11229));
5;0.939117431640625;11229;5;11.00;((9765, 11717), (10253, 10741, 11229));
5;0.939102172851562;11229;6;11.09;((9765, 11717), (10253, 10741, 11229));
5;0.939109802246094;11229;6;11.02;((9765, 11717), (10253, 10741, 11229));
5;0.939113616943359;11229;2;10.83;((9765, 11717), (10253, 10741, 11229));
5;0.939111709594727;11229;6;11.06;((9765, 11717), (10253, 10741, 11229));
5;0.939112663269043;11229;5;11.05;((9765, 11717), (10253, 10741, 11229));
5;0.500000000000000;10497;11;6.33;((10253, 11229), (10497, 10741, 10985));
5;0.750000000000000;10497;11;9.15;((10253, 11229), (10497, 10741, 10985));
5;0.875000000000000;10497;11;10.52;((10253, 11229), (10497, 10741, 10985));
5;0.937500000000000;10497;10;11.17;((10253, 11229), (10497, 10741, 10985));
5;0.968750000000000;10497;0;4.72;((10253, 11229), (10497, 10741, 10985));
5;0.953125000000000;10497;0;5.23;((10253, 11229), (10497, 10741, 10985));
5;0.945312500000000;10497;0;6.91;((10253, 11229), (10497, 10741, 10985));
5;0.941406250000000;10497;4;10.87;((10253, 11229), (10497, 10741, 10985));
5;0.939453125000000;10497;4;10.91;((10253, 11229), (10497, 10741, 10985));
5;0.938476562500000;10497;8;11.01;((10253, 11229), (10497, 10741, 10985));
5;0.938964843750000;10497;7;11.12;((10253, 11229), (10497, 10741, 10985));
5;0.939208984375000;10497;7;11.01;((10253, 11229), (10497, 10741, 10985));
5;0.939331054687500;10497;7;11.06;((10253, 11229), (10497, 10741, 10985));
5;0.939392089843750;10497;7;11.01;((10253, 11229), (10497, 10741, 10985));
5;0.939422607421875;10497;3;10.88;((10253, 11229), (10497, 10741, 10985));
5;0.939407348632812;10497;5;10.94;((10253, 11229), (10497, 10741, 10985));
5;0.939399719238281;10497;4;11.09;((10253, 11229), (10497, 10741, 10985));
5;0.939395904541016;10497;3;10.81;((10253, 11229), (10497, 10741, 10985));
5;0.939393997192383;10497;3;10.86;((10253, 11229), (10497, 10741, 10985));
5;0.939393043518066;10497;3;10.91;((10253, 11229), (10497, 10741, 10985));
5;0.500000000000000;10985;11;6.35;((10253, 11229), (10497, 10741, 10985));
5;0.750000000000000;10985;11;9.13;((10253, 11229), (10497, 10741, 10985));
5;0.875000000000000;10985;11;10.55;((10253, 11229), (10497, 10741, 10985));
5;0.937500000000000;10985;6;11.00;((10253, 11229), (10497, 10741, 10985));
5;0.968750000000000;10985;0;4.84;((10253, 11229), (10497, 10741, 10985));
5;0.953125000000000;10985;0;5.29;((10253, 11229), (10497, 10741, 10985));
5;0.945312500000000;10985;0;6.65;((10253, 11229), (10497, 10741, 10985));
5;0.941406250000000;10985;2;10.77;((10253, 11229), (10497, 10741, 10985));
5;0.939453125000000;10985;4;10.92;((10253, 11229), (10497, 10741, 10985));
5;0.938476562500000;10985;8;11.06;((10253, 11229), (10497, 10741, 10985));
5;0.938964843750000;10985;6;11.08;((10253, 11229), (10497, 10741, 10985));
5;0.939208984375000;10985;6;11.03;((10253, 11229), (10497, 10741, 10985));
5;0.939331054687500;10985;3;10.89;((10253, 11229), (10497, 10741, 10985));
5;0.939270019531250;10985;6;10.91;((10253, 11229), (10497, 10741, 10985));
5;0.939300537109375;10985;3;10.91;((10253, 11229), (10497, 10741, 10985));
5;0.939285278320312;10985;4;10.92;((10253, 11229), (10497, 10741, 10985));
5;0.939277648925781;10985;3;11.72;((10253, 11229), (10497, 10741, 10985));
5;0.939273834228516;10985;4;11.08;((10253, 11229), (10497, 10741, 10985));
5;0.939271926879883;10985;8;11.17;((10253, 11229), (10497, 10741, 10985));
5;0.939272880554199;10985;6;10.93;((10253, 11229), (10497, 10741, 10985));
5;0.500000000000000;10619;11;6.40;((10497, 10985), (10619, 10741, 10863));
5;0.750000000000000;10619;11;9.24;((10497, 10985), (10619, 10741, 10863));
5;0.875000000000000;10619;11;10.65;((10497, 10985), (10619, 10741, 10863));
5;0.937500000000000;10619;6;10.98;((10497, 10985), (10619, 10741, 10863));
5;0.968750000000000;10619;0;4.87;((10497, 10985), (10619, 10741, 10863));
5;0.953125000000000;10619;0;5.32;((10497, 10985), (10619, 10741, 10863));
5;0.945312500000000;10619;1;10.63;((10497, 10985), (10619, 10741, 10863));
5;0.941406250000000;10619;2;10.75;((10497, 10985), (10619, 10741, 10863));
5;0.939453125000000;10619;3;10.82;((10497, 10985), (10619, 10741, 10863));
5;0.938476562500000;10619;4;11.05;((10497, 10985), (10619, 10741, 10863));
5;0.937988281250000;10619;7;11.06;((10497, 10985), (10619, 10741, 10863));
5;0.938232421875000;10619;8;11.15;((10497, 10985), (10619, 10741, 10863));
5;0.938354492187500;10619;8;11.10;((10497, 10985), (10619, 10741, 10863));
5;0.938415527343750;10619;6;10.98;((10497, 10985), (10619, 10741, 10863));
5;0.938446044921875;10619;7;10.97;((10497, 10985), (10619, 10741, 10863));
5;0.938461303710938;10619;5;10.91;((10497, 10985), (10619, 10741, 10863));
5;0.938453674316406;10619;3;10.79;((10497, 10985), (10619, 10741, 10863));
5;0.938449859619141;10619;7;11.21;((10497, 10985), (10619, 10741, 10863));
5;0.938451766967773;10619;8;11.05;((10497, 10985), (10619, 10741, 10863));
5;0.938452720642090;10619;8;11.07;((10497, 10985), (10619, 10741, 10863));
5;0.500000000000000;10863;11;6.37;((10497, 10985), (10619, 10741, 10863));
5;0.750000000000000;10863;11;9.24;((10497, 10985), (10619, 10741, 10863));
5;0.875000000000000;10863;11;10.54;((10497, 10985), (10619, 10741, 10863));
5;0.937500000000000;10863;9;11.12;((10497, 10985), (10619, 10741, 10863));
5;0.968750000000000;10863;0;4.77;((10497, 10985), (10619, 10741, 10863));
5;0.953125000000000;10863;0;5.69;((10497, 10985), (10619, 10741, 10863));
5;0.945312500000000;10863;0;7.21;((10497, 10985), (10619, 10741, 10863));
5;0.941406250000000;10863;5;11.05;((10497, 10985), (10619, 10741, 10863));
5;0.939453125000000;10863;4;10.98;((10497, 10985), (10619, 10741, 10863));
5;0.938476562500000;10863;3;10.90;((10497, 10985), (10619, 10741, 10863));
5;0.937988281250000;10863;5;11.08;((10497, 10985), (10619, 10741, 10863));
5;0.937744140625000;10863;9;11.35;((10497, 10985), (10619, 10741, 10863));
5;0.937866210937500;10863;9;11.10;((10497, 10985), (10619, 10741, 10863));
5;0.937927246093750;10863;7;11.20;((10497, 10985), (10619, 10741, 10863));
5;0.937957763671875;10863;8;11.00;((10497, 10985), (10619, 10741, 10863));
5;0.937973022460938;10863;7;11.05;((10497, 10985), (10619, 10741, 10863));
5;0.937980651855469;10863;8;11.16;((10497, 10985), (10619, 10741, 10863));
5;0.937984466552734;10863;5;10.97;((10497, 10985), (10619, 10741, 10863));
5;0.937982559204102;10863;4;10.93;((10497, 10985), (10619, 10741, 10863));
5;0.937981605529785;10863;5;11.03;((10497, 10985), (10619, 10741, 10863));
5;0.500000000000000;10680;11;6.37;((10619, 10863), (10680, 10741, 10802));
5;0.750000000000000;10680;11;9.12;((10619, 10863), (10680, 10741, 10802));
5;0.875000000000000;10680;11;10.52;((10619, 10863), (10680, 10741, 10802));
5;0.937500000000000;10680;1;10.65;((10619, 10863), (10680, 10741, 10802));
5;0.906250000000000;10680;11;11.18;((10619, 10863), (10680, 10741, 10802));
5;0.921875000000000;10680;10;11.00;((10619, 10863), (10680, 10741, 10802));
5;0.929687500000000;10680;9;11.17;((10619, 10863), (10680, 10741, 10802));
5;0.933593750000000;10680;6;10.93;((10619, 10863), (10680, 10741, 10802));
5;0.935546875000000;10680;3;11.48;((10619, 10863), (10680, 10741, 10802));
5;0.934570312500000;10680;0;8.35;((10619, 10863), (10680, 10741, 10802));
5;0.934082031250000;10680;6;10.91;((10619, 10863), (10680, 10741, 10802));
5;0.934326171875000;10680;2;10.65;((10619, 10863), (10680, 10741, 10802));
5;0.934204101562500;10680;3;10.75;((10619, 10863), (10680, 10741, 10802));
5;0.934143066406250;10680;3;10.76;((10619, 10863), (10680, 10741, 10802));
5;0.934112548828125;10680;3;10.81;((10619, 10863), (10680, 10741, 10802));
5;0.934097290039062;10680;2;10.53;((10619, 10863), (10680, 10741, 10802));
5;0.934089660644531;10680;2;10.67;((10619, 10863), (10680, 10741, 10802));
5;0.934085845947266;10680;4;10.88;((10619, 10863), (10680, 10741, 10802));
5;0.934083938598633;10680;3;10.81;((10619, 10863), (10680, 10741, 10802));
5;0.934082984924316;10680;2;10.74;((10619, 10863), (10680, 10741, 10802));
5;0.500000000000000;10802;11;6.30;((10619, 10863), (10680, 10741, 10802));
5;0.750000000000000;10802;11;9.10;((10619, 10863), (10680, 10741, 10802));
5;0.875000000000000;10802;11;10.51;((10619, 10863), (10680, 10741, 10802));
5;0.937500000000000;10802;1;10.65;((10619, 10863), (10680, 10741, 10802));
5;0.906250000000000;10802;11;10.95;((10619, 10863), (10680, 10741, 10802));
5;0.921875000000000;10802;11;11.10;((10619, 10863), (10680, 10741, 10802));
5;0.929687500000000;10802;10;11.09;((10619, 10863), (10680, 10741, 10802));
5;0.933593750000000;10802;4;10.96;((10619, 10863), (10680, 10741, 10802));
5;0.931640625000000;10802;8;11.05;((10619, 10863), (10680, 10741, 10802));
5;0.932617187500000;10802;7;10.99;((10619, 10863), (10680, 10741, 10802));
5;0.933105468750000;10802;8;10.99;((10619, 10863), (10680, 10741, 10802));
5;0.933349609375000;10802;2;10.73;((10619, 10863), (10680, 10741, 10802));
5;0.933227539062500;10802;6;11.12;((10619, 10863), (10680, 10741, 10802));
5;0.933288574218750;10802;7;10.99;((10619, 10863), (10680, 10741, 10802));
5;0.933319091796875;10802;3;10.79;((10619, 10863), (10680, 10741, 10802));
5;0.933303833007812;10802;8;10.92;((10619, 10863), (10680, 10741, 10802));
5;0.933311462402344;10802;4;11.01;((10619, 10863), (10680, 10741, 10802));
5;0.933307647705078;10802;6;10.84;((10619, 10863), (10680, 10741, 10802));
5;0.933309555053711;10802;7;11.04;((10619, 10863), (10680, 10741, 10802));
5;0.933310508728027;10802;4;10.84;((10619, 10863), (10680, 10741, 10802));
5;0.500000000000000;10710;11;6.33;((10680, 10802), (10710, 10740, 10770));
5;0.750000000000000;10710;11;9.09;((10680, 10802), (10710, 10740, 10770));
5;0.875000000000000;10710;11;10.60;((10680, 10802), (10710, 10740, 10770));
5;0.937500000000000;10710;2;10.71;((10680, 10802), (10710, 10740, 10770));
5;0.906250000000000;10710;11;10.89;((10680, 10802), (10710, 10740, 10770));
5;0.921875000000000;10710;11;11.22;((10680, 10802), (10710, 10740, 10770));
5;0.929687500000000;10710;7;11.38;((10680, 10802), (10710, 10740, 10770));
5;0.933593750000000;10710;2;10.70;((10680, 10802), (10710, 10740, 10770));
5;0.931640625000000;10710;4;10.97;((10680, 10802), (10710, 10740, 10770));
5;0.930664062500000;10710;9;11.07;((10680, 10802), (10710, 10740, 10770));
5;0.931152343750000;10710;9;11.11;((10680, 10802), (10710, 10740, 10770));
5;0.931396484375000;10710;9;10.99;((10680, 10802), (10710, 10740, 10770));
5;0.931518554687500;10710;9;11.13;((10680, 10802), (10710, 10740, 10770));
5;0.931579589843750;10710;6;11.07;((10680, 10802), (10710, 10740, 10770));
5;0.931610107421875;10710;8;10.88;((10680, 10802), (10710, 10740, 10770));
5;0.931625366210938;10710;5;10.87;((10680, 10802), (10710, 10740, 10770));
5;0.931617736816406;10710;4;10.87;((10680, 10802), (10710, 10740, 10770));
5;0.931613922119141;10710;9;11.07;((10680, 10802), (10710, 10740, 10770));
5;0.931615829467773;10710;6;10.89;((10680, 10802), (10710, 10740, 10770));
5;0.931616783142090;10710;8;10.97;((10680, 10802), (10710, 10740, 10770));
5;0.500000000000000;10740;11;6.43;((10680, 10802), (10710, 10740, 10770));
5;0.750000000000000;10740;11;9.14;((10680, 10802), (10710, 10740, 10770));
5;0.875000000000000;10740;11;10.56;((10680, 10802), (10710, 10740, 10770));
5;0.937500000000000;10740;0;6.80;((10680, 10802), (10710, 10740, 10770));
5;0.906250000000000;10740;11;10.91;((10680, 10802), (10710, 10740, 10770));
5;0.921875000000000;10740;11;11.13;((10680, 10802), (10710, 10740, 10770));
5;0.929687500000000;10740;7;11.04;((10680, 10802), (10710, 10740, 10770));
5;0.933593750000000;10740;5;11.27;((10680, 10802), (10710, 10740, 10770));
5;0.931640625000000;10740;7;10.82;((10680, 10802), (10710, 10740, 10770));
5;0.932617187500000;10740;6;11.46;((10680, 10802), (10710, 10740, 10770));
5;0.933105468750000;10740;3;10.73;((10680, 10802), (10710, 10740, 10770));
5;0.932861328125000;10740;7;10.82;((10680, 10802), (10710, 10740, 10770));
5;0.932983398437500;10740;5;10.96;((10680, 10802), (10710, 10740, 10770));
5;0.932922363281250;10740;5;10.84;((10680, 10802), (10710, 10740, 10770));
5;0.932891845703125;10740;5;10.86;((10680, 10802), (10710, 10740, 10770));
5;0.932876586914062;10740;2;10.79;((10680, 10802), (10710, 10740, 10770));
5;0.932868957519531;10740;6;10.90;((10680, 10802), (10710, 10740, 10770));
5;0.932872772216797;10740;10;11.04;((10680, 10802), (10710, 10740, 10770));
5;0.932874679565430;10740;7;10.93;((10680, 10802), (10710, 10740, 10770));
5;0.932875633239746;10740;5;10.84;((10680, 10802), (10710, 10740, 10770));
5;0.500000000000000;10770;11;6.34;((10680, 10802), (10710, 10740, 10770));
5;0.750000000000000;10770;11;9.26;((10680, 10802), (10710, 10740, 10770));
5;0.875000000000000;10770;11;10.83;((10680, 10802), (10710, 10740, 10770));
5;0.937500000000000;10770;0;7.24;((10680, 10802), (10710, 10740, 10770));
5;0.906250000000000;10770;11;11.71;((10680, 10802), (10710, 10740, 10770));
5;0.921875000000000;10770;10;11.03;((10680, 10802), (10710, 10740, 10770));
5;0.929687500000000;10770;9;10.91;((10680, 10802), (10710, 10740, 10770));
5;0.933593750000000;10770;4;10.94;((10680, 10802), (10710, 10740, 10770));
5;0.931640625000000;10770;8;10.87;((10680, 10802), (10710, 10740, 10770));
5;0.932617187500000;10770;5;10.86;((10680, 10802), (10710, 10740, 10770));
5;0.932128906250000;10770;7;10.78;((10680, 10802), (10710, 10740, 10770));
5;0.932373046875000;10770;7;12.00;((10680, 10802), (10710, 10740, 10770));
5;0.932495117187500;10770;8;11.04;((10680, 10802), (10710, 10740, 10770));
5;0.932556152343750;10770;4;10.81;((10680, 10802), (10710, 10740, 10770));
5;0.932525634765625;10770;5;10.86;((10680, 10802), (10710, 10740, 10770));
5;0.932510375976562;10770;7;11.00;((10680, 10802), (10710, 10740, 10770));
5;0.932518005371094;10770;3;10.87;((10680, 10802), (10710, 10740, 10770));
5;0.932514190673828;10770;4;10.78;((10680, 10802), (10710, 10740, 10770));
5;0.932512283325195;10770;5;10.79;((10680, 10802), (10710, 10740, 10770));
5;0.932511329650879;10770;6;10.85;((10680, 10802), (10710, 10740, 10770));
5;0.500000000000000;10725;11;6.27;((10710, 10770), (10725, 10740, 10755));
5;0.750000000000000;10725;11;9.31;((10710, 10770), (10725, 10740, 10755));
5;0.875000000000000;10725;11;10.49;((10710, 10770), (10725, 10740, 10755));
5;0.937500000000000;10725;7;10.89;((10710, 10770), (10725, 10740, 10755));
5;0.968750000000000;10725;0;4.80;((10710, 10770), (10725, 10740, 10755));
5;0.953125000000000;10725;0;5.33;((10710, 10770), (10725, 10740, 10755));
5;0.945312500000000;10725;0;5.73;((10710, 10770), (10725, 10740, 10755));
5;0.941406250000000;10725;3;11.24;((10710, 10770), (10725, 10740, 10755));
5;0.939453125000000;10725;3;10.85;((10710, 10770), (10725, 10740, 10755));
5;0.938476562500000;10725;7;11.07;((10710, 10770), (10725, 10740, 10755));
5;0.938964843750000;10725;7;11.34;((10710, 10770), (10725, 10740, 10755));
5;0.939208984375000;10725;7;11.11;((10710, 10770), (10725, 10740, 10755));
5;0.939331054687500;10725;6;10.87;((10710, 10770), (10725, 10740, 10755));
5;0.939392089843750;10725;3;10.87;((10710, 10770), (10725, 10740, 10755));
5;0.939361572265625;10725;3;10.88;((10710, 10770), (10725, 10740, 10755));
5;0.939346313476562;10725;4;10.87;((10710, 10770), (10725, 10740, 10755));
5;0.939338684082031;10725;5;10.89;((10710, 10770), (10725, 10740, 10755));
5;0.939334869384766;10725;4;11.15;((10710, 10770), (10725, 10740, 10755));
5;0.939332962036133;10725;7;11.09;((10710, 10770), (10725, 10740, 10755));
5;0.939333915710449;10725;7;11.01;((10710, 10770), (10725, 10740, 10755));
5;0.500000000000000;10755;11;6.30;((10710, 10770), (10725, 10740, 10755));
5;0.750000000000000;10755;11;9.01;((10710, 10770), (10725, 10740, 10755));
5;0.875000000000000;10755;11;11.15;((10710, 10770), (10725, 10740, 10755));
5;0.937500000000000;10755;4;10.96;((10710, 10770), (10725, 10740, 10755));
5;0.906250000000000;10755;11;10.85;((10710, 10770), (10725, 10740, 10755));
5;0.921875000000000;10755;11;11.40;((10710, 10770), (10725, 10740, 10755));
5;0.929687500000000;10755;11;11.69;((10710, 10770), (10725, 10740, 10755));
5;0.933593750000000;10755;10;11.58;((10710, 10770), (10725, 10740, 10755));
5;0.935546875000000;10755;7;11.12;((10710, 10770), (10725, 10740, 10755));
5;0.936523437500000;10755;8;10.91;((10710, 10770), (10725, 10740, 10755));
5;0.937011718750000;10755;4;11.02;((10710, 10770), (10725, 10740, 10755));
5;0.936767578125000;10755;7;10.95;((10710, 10770), (10725, 10740, 10755));
5;0.936889648437500;10755;6;10.93;((10710, 10770), (10725, 10740, 10755));
5;0.936950683593750;10755;10;11.07;((10710, 10770), (10725, 10740, 10755));
5;0.936981201171875;10755;6;11.06;((10710, 10770), (10725, 10740, 10755));
5;0.936996459960938;10755;8;10.93;((10710, 10770), (10725, 10740, 10755));
5;0.937004089355469;10755;7;10.99;((10710, 10770), (10725, 10740, 10755));
5;0.937007904052734;10755;6;10.90;((10710, 10770), (10725, 10740, 10755));
5;0.937009811401367;10755;5;10.89;((10710, 10770), (10725, 10740, 10755));
5;0.937008857727051;10755;7;11.04;((10710, 10770), (10725, 10740, 10755));
