5;0.500000000000000;375000;11;20.45;((0, 1500000), (375000, 750000, 1125000));
5;0.750000000000000;375000;0;15.90;((0, 1500000), (375000, 750000, 1125000));
5;0.625000000000000;375000;11;25.68;((0, 1500000), (375000, 750000, 1125000));
5;0.687500000000000;375000;11;28.28;((0, 1500000), (375000, 750000, 1125000));
5;0.718750000000000;375000;11;29.24;((0, 1500000), (375000, 750000, 1125000));
5;0.734375000000000;375000;11;29.46;((0, 1500000), (375000, 750000, 1125000));
5;0.742187500000000;375000;1;28.12;((0, 1500000), (375000, 750000, 1125000));
5;0.738281250000000;375000;11;30.68;((0, 1500000), (375000, 750000, 1125000));
5;0.740234375000000;375000;10;29.52;((0, 1500000), (375000, 750000, 1125000));
5;0.741210937500000;375000;5;28.32;((0, 1500000), (375000, 750000, 1125000));
5;0.740722656250000;375000;8;29.00;((0, 1500000), (375000, 750000, 1125000));
5;0.740966796875000;375000;8;28.85;((0, 1500000), (375000, 750000, 1125000));
5;0.741088867187500;375000;5;28.69;((0, 1500000), (375000, 750000, 1125000));
5;0.741027832031250;375000;7;29.17;((0, 1500000), (375000, 750000, 1125000));
5;0.741058349609375;375000;6;28.68;((0, 1500000), (375000, 750000, 1125000));
5;0.741073608398438;375000;6;28.63;((0, 1500000), (375000, 750000, 1125000));
5;0.741081237792969;375000;3;28.12;((0, 1500000), (375000, 750000, 1125000));
5;0.741077423095703;375000;7;28.79;((0, 1500000), (375000, 750000, 1125000));
5;0.741079330444336;375000;4;28.69;((0, 1500000), (375000, 750000, 1125000));
5;0.741078376770020;375000;6;29.06;((0, 1500000), (375000, 750000, 1125000));
5;0.500000000000000;750000;11;21.74;((0, 1500000), (375000, 750000, 1125000));
5;0.750000000000000;750000;0;14.61;((0, 1500000), (375000, 750000, 1125000));
5;0.625000000000000;750000;0;14.10;((0, 1500000), (375000, 750000, 1125000));
5;0.562500000000000;750000;11;23.49;((0, 1500000), (375000, 750000, 1125000));
5;0.593750000000000;750000;11;25.25;((0, 1500000), (375000, 750000, 1125000));
5;0.609375000000000;750000;11;26.22;((0, 1500000), (375000, 750000, 1125000));
5;0.617187500000000;750000;0;14.67;((0, 1500000), (375000, 750000, 1125000));
5;0.613281250000000;750000;11;24.87;((0, 1500000), (375000, 750000, 1125000));
5;0.615234375000000;750000;11;25.95;((0, 1500000), (375000, 750000, 1125000));
5;0.616210937500000;750000;3;24.38;((0, 1500000), (375000, 750000, 1125000));
5;0.615722656250000;750000;10;24.19;((0, 1500000), (375000, 750000, 1125000));
5;0.615966796875000;750000;6;24.81;((0, 1500000), (375000, 750000, 1125000));
5;0.616088867187500;750000;7;24.37;((0, 1500000), (375000, 750000, 1125000));
5;0.616149902343750;750000;5;24.70;((0, 1500000), (375000, 750000, 1125000));
5;0.616119384765625;750000;0;14.12;((0, 1500000), (375000, 750000, 1125000));
5;0.616104125976562;750000;2;23.77;((0, 1500000), (375000, 750000, 1125000));
5;0.616096496582031;750000;1;23.54;((0, 1500000), (375000, 750000, 1125000));
5;0.616092681884766;750000;4;24.16;((0, 1500000), (375000, 750000, 1125000));
5;0.616090774536133;750000;5;24.46;((0, 1500000), (375000, 750000, 1125000));
5;0.616089820861816;750000;5;24.26;((0, 1500000), (375000, 750000, 1125000));
5;0.500000000000000;1125000;11;20.82;((0, 1500000), (375000, 750000, 1125000));
5;0.750000000000000;1125000;0;13.41;((0, 1500000), (375000, 750000, 1125000));
5;0.625000000000000;1125000;0;13.04;((0, 1500000), (375000, 750000, 1125000));
5;0.562500000000000;1125000;11;24.02;((0, 1500000), (375000, 750000, 1125000));
5;0.593750000000000;1125000;11;24.48;((0, 1500000), (375000, 750000, 1125000));
5;0.609375000000000;1125000;0;13.69;((0, 1500000), (375000, 750000, 1125000));
5;0.601562500000000;1125000;11;25.03;((0, 1500000), (375000, 750000, 1125000));
5;0.605468750000000;1125000;11;25.04;((0, 1500000), (375000, 750000, 1125000));
5;0.607421875000000;1125000;5;24.45;((0, 1500000), (375000, 750000, 1125000));
5;0.606445312500000;1125000;11;26.06;((0, 1500000), (375000, 750000, 1125000));
5;0.606933593750000;1125000;11;24.75;((0, 1500000), (375000, 750000, 1125000));
5;0.607177734375000;1125000;7;24.65;((0, 1500000), (375000, 750000, 1125000));
5;0.607299804687500;1125000;6;23.98;((0, 1500000), (375000, 750000, 1125000));
5;0.607360839843750;1125000;8;24.55;((0, 1500000), (375000, 750000, 1125000));
5;0.607391357421875;1125000;5;24.25;((0, 1500000), (375000, 750000, 1125000));
5;0.607376098632812;1125000;3;23.77;((0, 1500000), (375000, 750000, 1125000));
5;0.607368469238281;1125000;5;23.97;((0, 1500000), (375000, 750000, 1125000));
5;0.607364654541016;1125000;3;23.54;((0, 1500000), (375000, 750000, 1125000));
5;0.607362747192383;1125000;6;24.24;((0, 1500000), (375000, 750000, 1125000));
5;0.607363700866699;1125000;3;23.82;((0, 1500000), (375000, 750000, 1125000));
5;0.500000000000000;187500;11;21.60;((0, 750000), (187500, 375000, 562500));
5;0.750000000000000;187500;11;31.50;((0, 750000), (187500, 375000, 562500));
5;0.875000000000000;187500;0;15.65;((0, 750000), (187500, 375000, 562500));
5;0.812500000000000;187500;11;32.65;((0, 750000), (187500, 375000, 562500));
5;0.843750000000000;187500;11;33.78;((0, 750000), (187500, 375000, 562500));
5;0.859375000000000;187500;9;32.84;((0, 750000), (187500, 375000, 562500));
5;0.867187500000000;187500;0;15.82;((0, 750000), (187500, 375000, 562500));
5;0.863281250000000;187500;0;18.20;((0, 750000), (187500, 375000, 562500));
5;0.861328125000000;187500;0;21.23;((0, 750000), (187500, 375000, 562500));
5;0.860351562500000;187500;3;32.62;((0, 750000), (187500, 375000, 562500));
5;0.859863281250000;187500;4;31.98;((0, 750000), (187500, 375000, 562500));
5;0.859619140625000;187500;9;33.20;((0, 750000), (187500, 375000, 562500));
5;0.859741210937500;187500;8;33.09;((0, 750000), (187500, 375000, 562500));
5;0.859802246093750;187500;7;33.04;((0, 750000), (187500, 375000, 562500));
5;0.859832763671875;187500;5;32.39;((0, 750000), (187500, 375000, 562500));
5;0.859817504882812;187500;8;32.78;((0, 750000), (187500, 375000, 562500));
5;0.859825134277344;187500;5;32.21;((0, 750000), (187500, 375000, 562500));
5;0.859821319580078;187500;6;32.76;((0, 750000), (187500, 375000, 562500));
5;0.859823226928711;187500;4;32.74;((0, 750000), (187500, 375000, 562500));
5;0.859822273254395;187500;9;32.43;((0, 750000), (187500, 375000, 562500));
5;0.500000000000000;562500;11;20.94;((0, 750000), (187500, 375000, 562500));
5;0.750000000000000;562500;0;14.36;((0, 750000), (187500, 375000, 562500));
5;0.625000000000000;562500;11;26.29;((0, 750000), (187500, 375000, 562500));
5;0.687500000000000;562500;0;14.53;((0, 750000), (187500, 375000, 562500));
5;0.656250000000000;562500;0;14.61;((0, 750000), (187500, 375000, 562500));
5;0.640625000000000;562500;11;26.78;((0, 750000), (187500, 375000, 562500));
5;0.648437500000000;562500;9;25.94;((0, 750000), (187500, 375000, 562500));
5;0.652343750000000;562500;0;14.50;((0, 750000), (187500, 375000, 562500));
5;0.650390625000000;562500;0;15.18;((0, 750000), (187500, 375000, 562500));
5;0.649414062500000;562500;1;24.99;((0, 750000), (187500, 375000, 562500));
5;0.648925781250000;562500;4;24.91;((0, 750000), (187500, 375000, 562500));
5;0.648681640625000;562500;3;25.81;((0, 750000), (187500, 375000, 562500));
5;0.648559570312500;562500;4;25.08;((0, 750000), (187500, 375000, 562500));
5;0.648498535156250;562500;8;25.82;((0, 750000), (187500, 375000, 562500));
5;0.648529052734375;562500;6;25.87;((0, 750000), (187500, 375000, 562500));
5;0.648544311523438;562500;6;25.64;((0, 750000), (187500, 375000, 562500));
5;0.648551940917969;562500;7;25.50;((0, 750000), (187500, 375000, 562500));
5;0.648555755615234;562500;5;25.47;((0, 750000), (187500, 375000, 562500));
5;0.648553848266602;562500;7;25.67;((0, 750000), (187500, 375000, 562500));
5;0.648554801940918;562500;7;25.82;((0, 750000), (187500, 375000, 562500));
5;0.500000000000000;93750;11;20.39;((0, 375000), (93750, 187500, 281250));
5;0.750000000000000;93750;11;30.24;((0, 375000), (93750, 187500, 281250));
5;0.875000000000000;93750;11;35.02;((0, 375000), (93750, 187500, 281250));
5;0.937500000000000;93750;0;15.41;((0, 375000), (93750, 187500, 281250));
5;0.906250000000000;93750;11;35.14;((0, 375000), (93750, 187500, 281250));
5;0.921875000000000;93750;0;17.56;((0, 375000), (93750, 187500, 281250));
5;0.914062500000000;93750;11;36.03;((0, 375000), (93750, 187500, 281250));
5;0.917968750000000;93750;3;34.36;((0, 375000), (93750, 187500, 281250));
5;0.916015625000000;93750;9;34.51;((0, 375000), (93750, 187500, 281250));
5;0.916992187500000;93750;5;33.80;((0, 375000), (93750, 187500, 281250));
5;0.916503906250000;93750;9;35.44;((0, 375000), (93750, 187500, 281250));
5;0.916748046875000;93750;6;34.45;((0, 375000), (93750, 187500, 281250));
5;0.916870117187500;93750;5;34.10;((0, 375000), (93750, 187500, 281250));
5;0.916809082031250;93750;9;34.76;((0, 375000), (93750, 187500, 281250));
5;0.916839599609375;93750;8;35.47;((0, 375000), (93750, 187500, 281250));
5;0.916854858398438;93750;5;34.07;((0, 375000), (93750, 187500, 281250));
5;0.916847229003906;93750;7;34.40;((0, 375000), (93750, 187500, 281250));
5;0.916851043701172;93750;7;34.92;((0, 375000), (93750, 187500, 281250));
5;0.916852951049805;93750;7;34.85;((0, 375000), (93750, 187500, 281250));
5;0.916853904724121;93750;9;35.16;((0, 375000), (93750, 187500, 281250));
5;0.500000000000000;281250;11;20.81;((0, 375000), (93750, 187500, 281250));
5;0.750000000000000;281250;11;30.77;((0, 375000), (93750, 187500, 281250));
5;0.875000000000000;281250;0;15.69;((0, 375000), (93750, 187500, 281250));
5;0.812500000000000;281250;0;15.27;((0, 375000), (93750, 187500, 281250));
5;0.781250000000000;281250;11;31.72;((0, 375000), (93750, 187500, 281250));
5;0.796875000000000;281250;11;31.38;((0, 375000), (93750, 187500, 281250));
5;0.804687500000000;281250;0;16.02;((0, 375000), (93750, 187500, 281250));
5;0.800781250000000;281250;0;18.71;((0, 375000), (93750, 187500, 281250));
5;0.798828125000000;281250;11;32.11;((0, 375000), (93750, 187500, 281250));
5;0.799804687500000;281250;9;30.74;((0, 375000), (93750, 187500, 281250));
5;0.800292968750000;281250;10;31.31;((0, 375000), (93750, 187500, 281250));
5;0.800537109375000;281250;7;30.93;((0, 375000), (93750, 187500, 281250));
5;0.800659179687500;281250;5;30.85;((0, 375000), (93750, 187500, 281250));
5;0.800598144531250;281250;6;31.12;((0, 375000), (93750, 187500, 281250));
5;0.800628662109375;281250;5;30.51;((0, 375000), (93750, 187500, 281250));
5;0.800613403320312;281250;5;30.60;((0, 375000), (93750, 187500, 281250));
5;0.800605773925781;281250;9;31.08;((0, 375000), (93750, 187500, 281250));
5;0.800609588623047;281250;7;30.93;((0, 375000), (93750, 187500, 281250));
5;0.800611495971680;281250;3;30.36;((0, 375000), (93750, 187500, 281250));
5;0.800610542297363;281250;6;30.73;((0, 375000), (93750, 187500, 281250));
5;0.500000000000000;46875;11;20.96;((0, 187500), (46875, 93750, 140625));
5;0.750000000000000;46875;11;28.98;((0, 187500), (46875, 93750, 140625));
5;0.875000000000000;46875;11;34.23;((0, 187500), (46875, 93750, 140625));
5;0.937500000000000;46875;11;36.90;((0, 187500), (46875, 93750, 140625));
5;0.968750000000000;46875;0;15.26;((0, 187500), (46875, 93750, 140625));
5;0.953125000000000;46875;0;17.48;((0, 187500), (46875, 93750, 140625));
5;0.945312500000000;46875;9;42.70;((0, 187500), (46875, 93750, 140625));
5;0.949218750000000;46875;0;21.64;((0, 187500), (46875, 93750, 140625));
5;0.947265625000000;46875;5;35.00;((0, 187500), (46875, 93750, 140625));
5;0.946289062500000;46875;5;34.94;((0, 187500), (46875, 93750, 140625));
5;0.945800781250000;46875;6;35.08;((0, 187500), (46875, 93750, 140625));
5;0.946044921875000;46875;8;35.83;((0, 187500), (46875, 93750, 140625));
5;0.946166992187500;46875;5;34.94;((0, 187500), (46875, 93750, 140625));
5;0.946105957031250;46875;8;34.94;((0, 187500), (46875, 93750, 140625));
5;0.946136474609375;46875;10;35.49;((0, 187500), (46875, 93750, 140625));
5;0.946151733398438;46875;8;35.07;((0, 187500), (46875, 93750, 140625));
5;0.946159362792969;46875;8;35.16;((0, 187500), (46875, 93750, 140625));
5;0.946163177490234;46875;8;35.36;((0, 187500), (46875, 93750, 140625));
5;0.946165084838867;46875;7;36.45;((0, 187500), (46875, 93750, 140625));
5;0.946166038513184;46875;8;35.38;((0, 187500), (46875, 93750, 140625));
5;0.500000000000000;140625;11;21.65;((0, 187500), (46875, 93750, 140625));
5;0.750000000000000;140625;11;30.41;((0, 187500), (46875, 93750, 140625));
5;0.875000000000000;140625;11;34.62;((0, 187500), (46875, 93750, 140625));
5;0.937500000000000;140625;0;15.45;((0, 187500), (46875, 93750, 140625));
5;0.906250000000000;140625;0;15.31;((0, 187500), (46875, 93750, 140625));
5;0.890625000000000;140625;11;35.72;((0, 187500), (46875, 93750, 140625));
5;0.898437500000000;140625;0;16.78;((0, 187500), (46875, 93750, 140625));
5;0.894531250000000;140625;1;33.18;((0, 187500), (46875, 93750, 140625));
5;0.892578125000000;140625;9;33.94;((0, 187500), (46875, 93750, 140625));
5;0.893554687500000;140625;9;34.54;((0, 187500), (46875, 93750, 140625));
5;0.894042968750000;140625;5;33.87;((0, 187500), (46875, 93750, 140625));
5;0.893798828125000;140625;3;33.55;((0, 187500), (46875, 93750, 140625));
5;0.893676757812500;140625;4;33.76;((0, 187500), (46875, 93750, 140625));
5;0.893615722656250;140625;4;39.17;((0, 187500), (46875, 93750, 140625));
5;0.893585205078125;140625;6;33.48;((0, 187500), (46875, 93750, 140625));
5;0.893600463867188;140625;6;33.54;((0, 187500), (46875, 93750, 140625));
5;0.893608093261719;140625;4;33.41;((0, 187500), (46875, 93750, 140625));
5;0.893604278564453;140625;8;34.41;((0, 187500), (46875, 93750, 140625));
5;0.893606185913086;140625;6;33.39;((0, 187500), (46875, 93750, 140625));
5;0.893607139587402;140625;2;33.41;((0, 187500), (46875, 93750, 140625));
5;0.500000000000000;23437;11;20.42;((0, 93750), (23437, 46874, 70311));
5;0.750000000000000;23437;11;30.05;((0, 93750), (23437, 46874, 70311));
5;0.875000000000000;23437;11;33.93;((0, 93750), (23437, 46874, 70311));
5;0.937500000000000;23437;11;36.32;((0, 93750), (23437, 46874, 70311));
5;0.968750000000000;23437;0;16.04;((0, 93750), (23437, 46874, 70311));
5;0.953125000000000;23437;8;35.08;((0, 93750), (23437, 46874, 70311));
5;0.960937500000000;23437;0;19.99;((0, 93750), (23437, 46874, 70311));
5;0.957031250000000;23437;0;21.47;((0, 93750), (23437, 46874, 70311));
5;0.955078125000000;23437;4;34.47;((0, 93750), (23437, 46874, 70311));
5;0.954101562500000;23437;5;34.59;((0, 93750), (23437, 46874, 70311));
5;0.953613281250000;23437;6;34.66;((0, 93750), (23437, 46874, 70311));
5;0.953857421875000;23437;7;36.89;((0, 93750), (23437, 46874, 70311));
5;0.953979492187500;23437;4;35.04;((0, 93750), (23437, 46874, 70311));
5;0.953918457031250;23437;5;34.50;((0, 93750), (23437, 46874, 70311));
5;0.953887939453125;23437;3;34.65;((0, 93750), (23437, 46874, 70311));
5;0.953872680664062;23437;8;35.27;((0, 93750), (23437, 46874, 70311));
5;0.953880310058594;23437;5;35.11;((0, 93750), (23437, 46874, 70311));
5;0.953876495361328;23437;5;35.55;((0, 93750), (23437, 46874, 70311));
5;0.953874588012695;23437;4;34.90;((0, 93750), (23437, 46874, 70311));
5;0.953873634338379;23437;4;34.88;((0, 93750), (23437, 46874, 70311));
5;0.500000000000000;46874;11;20.07;((0, 93750), (23437, 46874, 70311));
5;0.750000000000000;46874;11;29.31;((0, 93750), (23437, 46874, 70311));
5;0.875000000000000;46874;11;34.33;((0, 93750), (23437, 46874, 70311));
5;0.937500000000000;46874;11;36.73;((0, 93750), (23437, 46874, 70311));
5;0.968750000000000;46874;0;15.17;((0, 93750), (23437, 46874, 70311));
5;0.953125000000000;46874;0;15.78;((0, 93750), (23437, 46874, 70311));
5;0.945312500000000;46874;0;21.15;((0, 93750), (23437, 46874, 70311));
5;0.941406250000000;46874;8;35.01;((0, 93750), (23437, 46874, 70311));
5;0.943359375000000;46874;0;23.49;((0, 93750), (23437, 46874, 70311));
5;0.942382812500000;46874;3;34.69;((0, 93750), (23437, 46874, 70311));
5;0.941894531250000;46874;3;34.72;((0, 93750), (23437, 46874, 70311));
5;0.941650390625000;46874;7;34.32;((0, 93750), (23437, 46874, 70311));
5;0.941772460937500;46874;7;34.96;((0, 93750), (23437, 46874, 70311));
5;0.941833496093750;46874;6;35.86;((0, 93750), (23437, 46874, 70311));
5;0.941864013671875;46874;7;35.30;((0, 93750), (23437, 46874, 70311));
5;0.941879272460938;46874;6;35.11;((0, 93750), (23437, 46874, 70311));
5;0.941886901855469;46874;6;34.97;((0, 93750), (23437, 46874, 70311));
5;0.941890716552734;46874;5;34.78;((0, 93750), (23437, 46874, 70311));
5;0.941888809204102;46874;7;37.48;((0, 93750), (23437, 46874, 70311));
5;0.941889762878418;46874;7;34.94;((0, 93750), (23437, 46874, 70311));
5;0.500000000000000;70311;11;20.75;((0, 93750), (23437, 46874, 70311));
5;0.750000000000000;70311;11;30.48;((0, 93750), (23437, 46874, 70311));
5;0.875000000000000;70311;11;35.03;((0, 93750), (23437, 46874, 70311));
5;0.937500000000000;70311;0;22.96;((0, 93750), (23437, 46874, 70311));
5;0.906250000000000;70311;11;35.51;((0, 93750), (23437, 46874, 70311));
5;0.921875000000000;70311;11;36.76;((0, 93750), (23437, 46874, 70311));
5;0.929687500000000;70311;11;36.66;((0, 93750), (23437, 46874, 70311));
5;0.933593750000000;70311;10;35.62;((0, 93750), (23437, 46874, 70311));
5;0.935546875000000;70311;5;35.07;((0, 93750), (23437, 46874, 70311));
5;0.934570312500000;70311;8;35.05;((0, 93750), (23437, 46874, 70311));
5;0.935058593750000;70311;4;35.20;((0, 93750), (23437, 46874, 70311));
5;0.934814453125000;70311;6;35.49;((0, 93750), (23437, 46874, 70311));
5;0.934936523437500;70311;6;34.93;((0, 93750), (23437, 46874, 70311));
5;0.934997558593750;70311;5;34.58;((0, 93750), (23437, 46874, 70311));
5;0.934967041015625;70311;3;36.12;((0, 93750), (23437, 46874, 70311));
5;0.934951782226562;70311;8;35.81;((0, 93750), (23437, 46874, 70311));
5;0.934959411621094;70311;4;34.70;((0, 93750), (23437, 46874, 70311));
5;0.934955596923828;70311;5;34.99;((0, 93750), (23437, 46874, 70311));
5;0.934953689575195;70311;7;35.09;((0, 93750), (23437, 46874, 70311));
5;0.934954643249512;70311;6;35.25;((0, 93750), (23437, 46874, 70311));
5;0.500000000000000;11718;11;20.11;((0, 46874), (11718, 23436, 35154));
5;0.750000000000000;11718;11;28.73;((0, 46874), (11718, 23436, 35154));
5;0.875000000000000;11718;11;33.25;((0, 46874), (11718, 23436, 35154));
5;0.937500000000000;11718;11;35.67;((0, 46874), (11718, 23436, 35154));
5;0.968750000000000;11718;0;15.40;((0, 46874), (11718, 23436, 35154));
5;0.953125000000000;11718;0;22.96;((0, 46874), (11718, 23436, 35154));
5;0.945312500000000;11718;10;36.12;((0, 46874), (11718, 23436, 35154));
5;0.949218750000000;11718;6;34.15;((0, 46874), (11718, 23436, 35154));
5;0.951171875000000;11718;5;42.08;((0, 46874), (11718, 23436, 35154));
5;0.950195312500000;11718;4;34.22;((0, 46874), (11718, 23436, 35154));
5;0.949707031250000;11718;5;34.52;((0, 46874), (11718, 23436, 35154));
5;0.949462890625000;11718;6;34.72;((0, 46874), (11718, 23436, 35154));
5;0.949584960937500;11718;7;34.40;((0, 46874), (11718, 23436, 35154));
5;0.949645996093750;11718;4;34.66;((0, 46874), (11718, 23436, 35154));
5;0.949615478515625;11718;5;34.86;((0, 46874), (11718, 23436, 35154));
5;0.949600219726562;11718;4;34.04;((0, 46874), (11718, 23436, 35154));
5;0.949592590332031;11718;3;34.77;((0, 46874), (11718, 23436, 35154));
5;0.949588775634766;11718;4;34.11;((0, 46874), (11718, 23436, 35154));
5;0.949586868286133;11718;7;34.66;((0, 46874), (11718, 23436, 35154));
5;0.949587821960449;11718;8;34.64;((0, 46874), (11718, 23436, 35154));
5;0.500000000000000;23436;11;23.45;((0, 46874), (11718, 23436, 35154));
5;0.750000000000000;23436;11;29.76;((0, 46874), (11718, 23436, 35154));
5;0.875000000000000;23436;11;33.97;((0, 46874), (11718, 23436, 35154));
5;0.937500000000000;23436;11;36.07;((0, 46874), (11718, 23436, 35154));
5;0.968750000000000;23436;0;15.63;((0, 46874), (11718, 23436, 35154));
5;0.953125000000000;23436;6;35.14;((0, 46874), (11718, 23436, 35154));
5;0.960937500000000;23436;0;17.67;((0, 46874), (11718, 23436, 35154));
5;0.957031250000000;23436;1;34.21;((0, 46874), (11718, 23436, 35154));
5;0.955078125000000;23436;2;34.59;((0, 46874), (11718, 23436, 35154));
5;0.954101562500000;23436;6;35.37;((0, 46874), (11718, 23436, 35154));
5;0.954589843750000;23436;5;34.54;((0, 46874), (11718, 23436, 35154));
5;0.954345703125000;23436;3;34.81;((0, 46874), (11718, 23436, 35154));
5;0.954223632812500;23436;4;35.03;((0, 46874), (11718, 23436, 35154));
5;0.954162597656250;23436;8;34.84;((0, 46874), (11718, 23436, 35154));
5;0.954193115234375;23436;5;35.50;((0, 46874), (11718, 23436, 35154));
5;0.954177856445312;23436;6;35.77;((0, 46874), (11718, 23436, 35154));
5;0.954185485839844;23436;4;34.49;((0, 46874), (11718, 23436, 35154));
5;0.954181671142578;23436;4;35.44;((0, 46874), (11718, 23436, 35154));
5;0.954179763793945;23436;1;34.08;((0, 46874), (11718, 23436, 35154));
5;0.954178810119629;23436;6;35.44;((0, 46874), (11718, 23436, 35154));
5;0.500000000000000;35154;11;21.19;((0, 46874), (11718, 23436, 35154));
5;0.750000000000000;35154;11;30.34;((0, 46874), (11718, 23436, 35154));
5;0.875000000000000;35154;11;36.79;((0, 46874), (11718, 23436, 35154));
5;0.937500000000000;35154;11;38.25;((0, 46874), (11718, 23436, 35154));
5;0.968750000000000;35154;0;15.89;((0, 46874), (11718, 23436, 35154));
5;0.953125000000000;35154;0;17.43;((0, 46874), (11718, 23436, 35154));
5;0.945312500000000;35154;8;35.74;((0, 46874), (11718, 23436, 35154));
5;0.949218750000000;35154;0;23.77;((0, 46874), (11718, 23436, 35154));
5;0.947265625000000;35154;1;35.44;((0, 46874), (11718, 23436, 35154));
5;0.946289062500000;35154;7;36.11;((0, 46874), (11718, 23436, 35154));
5;0.946777343750000;35154;3;34.69;((0, 46874), (11718, 23436, 35154));
5;0.946533203125000;35154;7;35.01;((0, 46874), (11718, 23436, 35154));
5;0.946655273437500;35154;5;35.08;((0, 46874), (11718, 23436, 35154));
5;0.946594238281250;35154;6;35.09;((0, 46874), (11718, 23436, 35154));
5;0.946624755859375;35154;4;35.54;((0, 46874), (11718, 23436, 35154));
5;0.946609497070312;35154;4;34.70;((0, 46874), (11718, 23436, 35154));
5;0.946601867675781;35154;4;35.03;((0, 46874), (11718, 23436, 35154));
5;0.946598052978516;35154;5;34.70;((0, 46874), (11718, 23436, 35154));
5;0.946596145629883;35154;4;35.10;((0, 46874), (11718, 23436, 35154));
5;0.946595191955566;35154;2;34.67;((0, 46874), (11718, 23436, 35154));
5;0.500000000000000;17577;11;20.15;((11718, 35154), (17577, 23436, 29295));
5;0.750000000000000;17577;11;29.05;((11718, 35154), (17577, 23436, 29295));
5;0.875000000000000;17577;11;33.65;((11718, 35154), (17577, 23436, 29295));
5;0.937500000000000;17577;11;35.98;((11718, 35154), (17577, 23436, 29295));
5;0.968750000000000;17577;0;15.68;((11718, 35154), (17577, 23436, 29295));
5;0.953125000000000;17577;5;34.99;((11718, 35154), (17577, 23436, 29295));
5;0.945312500000000;17577;11;35.88;((11718, 35154), (17577, 23436, 29295));
5;0.949218750000000;17577;9;34.74;((11718, 35154), (17577, 23436, 29295));
5;0.951171875000000;17577;8;34.69;((11718, 35154), (17577, 23436, 29295));
5;0.952148437500000;17577;7;36.77;((11718, 35154), (17577, 23436, 29295));
5;0.952636718750000;17577;6;36.21;((11718, 35154), (17577, 23436, 29295));
5;0.952880859375000;17577;5;35.94;((11718, 35154), (17577, 23436, 29295));
5;0.952758789062500;17577;7;35.65;((11718, 35154), (17577, 23436, 29295));
5;0.952819824218750;17577;9;36.08;((11718, 35154), (17577, 23436, 29295));
5;0.952850341796875;17577;6;35.12;((11718, 35154), (17577, 23436, 29295));
5;0.952865600585938;17577;5;35.03;((11718, 35154), (17577, 23436, 29295));
5;0.952857971191406;17577;5;34.39;((11718, 35154), (17577, 23436, 29295));
5;0.952854156494141;17577;4;34.77;((11718, 35154), (17577, 23436, 29295));
5;0.952852249145508;17577;5;35.12;((11718, 35154), (17577, 23436, 29295));
5;0.952851295471191;17577;6;34.53;((11718, 35154), (17577, 23436, 29295));
5;0.500000000000000;29295;11;20.52;((11718, 35154), (17577, 23436, 29295));
5;0.750000000000000;29295;11;29.98;((11718, 35154), (17577, 23436, 29295));
5;0.875000000000000;29295;11;34.39;((11718, 35154), (17577, 23436, 29295));
5;0.937500000000000;29295;11;36.97;((11718, 35154), (17577, 23436, 29295));
5;0.968750000000000;29295;0;15.61;((11718, 35154), (17577, 23436, 29295));
5;0.953125000000000;29295;6;35.71;((11718, 35154), (17577, 23436, 29295));
5;0.960937500000000;29295;0;16.71;((11718, 35154), (17577, 23436, 29295));
5;0.957031250000000;29295;1;34.24;((11718, 35154), (17577, 23436, 29295));
5;0.955078125000000;29295;0;24.01;((11718, 35154), (17577, 23436, 29295));
5;0.954101562500000;29295;0;26.47;((11718, 35154), (17577, 23436, 29295));
5;0.953613281250000;29295;2;34.90;((11718, 35154), (17577, 23436, 29295));
5;0.953369140625000;29295;4;34.99;((11718, 35154), (17577, 23436, 29295));
5;0.953247070312500;29295;3;34.53;((11718, 35154), (17577, 23436, 29295));
5;0.953186035156250;29295;7;34.39;((11718, 35154), (17577, 23436, 29295));
5;0.953216552734375;29295;6;35.01;((11718, 35154), (17577, 23436, 29295));
5;0.953231811523438;29295;4;35.00;((11718, 35154), (17577, 23436, 29295));
5;0.953224182128906;29295;5;34.92;((11718, 35154), (17577, 23436, 29295));
5;0.953220367431641;29295;4;34.45;((11718, 35154), (17577, 23436, 29295));
5;0.953218460083008;29295;5;34.56;((11718, 35154), (17577, 23436, 29295));
5;0.953217506408691;29295;3;34.92;((11718, 35154), (17577, 23436, 29295));
5;0.500000000000000;20506;11;20.12;((17577, 29295), (20506, 23435, 26364));
5;0.750000000000000;20506;11;29.38;((17577, 29295), (20506, 23435, 26364));
5;0.875000000000000;20506;11;33.63;((17577, 29295), (20506, 23435, 26364));
5;0.937500000000000;20506;11;38.94;((17577, 29295), (20506, 23435, 26364));
5;0.968750000000000;20506;0;15.51;((17577, 29295), (20506, 23435, 26364));
5;0.953125000000000;20506;4;34.63;((17577, 29295), (20506, 23435, 26364));
5;0.945312500000000;20506;11;35.63;((17577, 29295), (20506, 23435, 26364));
5;0.949218750000000;20506;11;36.32;((17577, 29295), (20506, 23435, 26364));
5;0.951171875000000;20506;10;35.94;((17577, 29295), (20506, 23435, 26364));
5;0.952148437500000;20506;6;34.68;((17577, 29295), (20506, 23435, 26364));
5;0.952636718750000;20506;9;36.23;((17577, 29295), (20506, 23435, 26364));
5;0.952880859375000;20506;7;35.31;((17577, 29295), (20506, 23435, 26364));
5;0.953002929687500;20506;5;35.23;((17577, 29295), (20506, 23435, 26364));
5;0.952941894531250;20506;4;35.07;((17577, 29295), (20506, 23435, 26364));
5;0.952911376953125;20506;8;34.97;((17577, 29295), (20506, 23435, 26364));
5;0.952926635742188;20506;8;34.78;((17577, 29295), (20506, 23435, 26364));
5;0.952934265136719;20506;5;34.63;((17577, 29295), (20506, 23435, 26364));
5;0.952930450439453;20506;5;35.06;((17577, 29295), (20506, 23435, 26364));
5;0.952928543090820;20506;8;34.94;((17577, 29295), (20506, 23435, 26364));
5;0.952929496765137;20506;4;35.07;((17577, 29295), (20506, 23435, 26364));
5;0.500000000000000;23435;11;20.36;((17577, 29295), (20506, 23435, 26364));
5;0.750000000000000;23435;11;30.09;((17577, 29295), (20506, 23435, 26364));
5;0.875000000000000;23435;11;34.18;((17577, 29295), (20506, 23435, 26364));
5;0.937500000000000;23435;11;35.81;((17577, 29295), (20506, 23435, 26364));
5;0.968750000000000;23435;0;15.74;((17577, 29295), (20506, 23435, 26364));
5;0.953125000000000;23435;6;35.50;((17577, 29295), (20506, 23435, 26364));
5;0.960937500000000;23435;0;17.84;((17577, 29295), (20506, 23435, 26364));
5;0.957031250000000;23435;0;23.15;((17577, 29295), (20506, 23435, 26364));
5;0.955078125000000;23435;6;35.18;((17577, 29295), (20506, 23435, 26364));
5;0.956054687500000;23435;1;34.25;((17577, 29295), (20506, 23435, 26364));
5;0.955566406250000;23435;1;34.45;((17577, 29295), (20506, 23435, 26364));
5;0.955322265625000;23435;6;34.88;((17577, 29295), (20506, 23435, 26364));
5;0.955444335937500;23435;4;34.63;((17577, 29295), (20506, 23435, 26364));
5;0.955383300781250;23435;3;34.52;((17577, 29295), (20506, 23435, 26364));
5;0.955352783203125;23435;2;34.25;((17577, 29295), (20506, 23435, 26364));
5;0.955337524414062;23435;0;23.85;((17577, 29295), (20506, 23435, 26364));
5;0.955329895019531;23435;0;23.73;((17577, 29295), (20506, 23435, 26364));
5;0.955326080322266;23435;1;34.61;((17577, 29295), (20506, 23435, 26364));
5;0.955324172973633;23435;3;34.77;((17577, 29295), (20506, 23435, 26364));
5;0.955323219299316;23435;2;34.54;((17577, 29295), (20506, 23435, 26364));
5;0.500000000000000;26364;11;20.71;((17577, 29295), (20506, 23435, 26364));
5;0.750000000000000;26364;11;29.02;((17577, 29295), (20506, 23435, 26364));
5;0.875000000000000;26364;11;33.50;((17577, 29295), (20506, 23435, 26364));
5;0.937500000000000;26364;11;35.87;((17577, 29295), (20506, 23435, 26364));
5;0.968750000000000;26364;0;15.16;((17577, 29295), (20506, 23435, 26364));
5;0.953125000000000;26364;0;18.82;((17577, 29295), (20506, 23435, 26364));
5;0.945312500000000;26364;10;34.58;((17577, 29295), (20506, 23435, 26364));
5;0.949218750000000;26364;4;34.54;((17577, 29295), (20506, 23435, 26364));
5;0.947265625000000;26364;9;34.76;((17577, 29295), (20506, 23435, 26364));
5;0.948242187500000;26364;4;34.48;((17577, 29295), (20506, 23435, 26364));
5;0.947753906250000;26364;6;35.94;((17577, 29295), (20506, 23435, 26364));
5;0.947998046875000;26364;4;34.48;((17577, 29295), (20506, 23435, 26364));
5;0.947875976562500;26364;5;34.74;((17577, 29295), (20506, 23435, 26364));
5;0.947814941406250;26364;6;35.35;((17577, 29295), (20506, 23435, 26364));
5;0.947845458984375;26364;2;34.77;((17577, 29295), (20506, 23435, 26364));
5;0.947830200195312;26364;10;35.46;((17577, 29295), (20506, 23435, 26364));
5;0.947837829589844;26364;5;36.62;((17577, 29295), (20506, 23435, 26364));
5;0.947834014892578;26364;7;34.80;((17577, 29295), (20506, 23435, 26364));
5;0.947835922241211;26364;5;35.78;((17577, 29295), (20506, 23435, 26364));
5;0.947834968566895;26364;6;34.54;((17577, 29295), (20506, 23435, 26364));
5;0.500000000000000;21970;11;20.02;((20506, 26364), (21970, 23434, 24898));
5;0.750000000000000;21970;11;29.28;((20506, 26364), (21970, 23434, 24898));
5;0.875000000000000;21970;11;33.75;((20506, 26364), (21970, 23434, 24898));
5;0.937500000000000;21970;11;35.97;((20506, 26364), (21970, 23434, 24898));
5;0.968750000000000;21970;0;15.16;((20506, 26364), (21970, 23434, 24898));
5;0.953125000000000;21970;0;20.69;((20506, 26364), (21970, 23434, 24898));
5;0.945312500000000;21970;11;36.92;((20506, 26364), (21970, 23434, 24898));
5;0.949218750000000;21970;3;33.94;((20506, 26364), (21970, 23434, 24898));
5;0.947265625000000;21970;8;34.60;((20506, 26364), (21970, 23434, 24898));
5;0.948242187500000;21970;9;34.92;((20506, 26364), (21970, 23434, 24898));
5;0.948730468750000;21970;4;34.42;((20506, 26364), (21970, 23434, 24898));
5;0.948486328125000;21970;6;34.54;((20506, 26364), (21970, 23434, 24898));
5;0.948608398437500;21970;5;34.55;((20506, 26364), (21970, 23434, 24898));
5;0.948547363281250;21970;2;34.35;((20506, 26364), (21970, 23434, 24898));
5;0.948516845703125;21970;3;34.72;((20506, 26364), (21970, 23434, 24898));
5;0.948501586914062;21970;5;35.13;((20506, 26364), (21970, 23434, 24898));
5;0.948493957519531;21970;3;34.93;((20506, 26364), (21970, 23434, 24898));
5;0.948490142822266;21970;4;34.58;((20506, 26364), (21970, 23434, 24898));
5;0.948488235473633;21970;4;34.97;((20506, 26364), (21970, 23434, 24898));
5;0.948487281799316;21970;6;35.11;((20506, 26364), (21970, 23434, 24898));
5;0.500000000000000;23434;11;20.28;((20506, 26364), (21970, 23434, 24898));
5;0.750000000000000;23434;11;29.36;((20506, 26364), (21970, 23434, 24898));
5;0.875000000000000;23434;11;34.35;((20506, 26364), (21970, 23434, 24898));
5;0.937500000000000;23434;11;36.80;((20506, 26364), (21970, 23434, 24898));
5;0.968750000000000;23434;0;15.82;((20506, 26364), (21970, 23434, 24898));
5;0.953125000000000;23434;0;19.54;((20506, 26364), (21970, 23434, 24898));
5;0.945312500000000;23434;10;35.11;((20506, 26364), (21970, 23434, 24898));
5;0.949218750000000;23434;5;34.55;((20506, 26364), (21970, 23434, 24898));
5;0.947265625000000;23434;6;34.44;((20506, 26364), (21970, 23434, 24898));
5;0.948242187500000;23434;5;34.69;((20506, 26364), (21970, 23434, 24898));
5;0.947753906250000;23434;5;34.97;((20506, 26364), (21970, 23434, 24898));
5;0.947509765625000;23434;5;34.48;((20506, 26364), (21970, 23434, 24898));
5;0.947387695312500;23434;9;35.19;((20506, 26364), (21970, 23434, 24898));
5;0.947448730468750;23434;6;34.65;((20506, 26364), (21970, 23434, 24898));
5;0.947479248046875;23434;6;34.65;((20506, 26364), (21970, 23434, 24898));
5;0.947494506835938;23434;5;35.72;((20506, 26364), (21970, 23434, 24898));
5;0.947486877441406;23434;6;36.28;((20506, 26364), (21970, 23434, 24898));
5;0.947490692138672;23434;8;35.71;((20506, 26364), (21970, 23434, 24898));
5;0.947492599487305;23434;9;36.05;((20506, 26364), (21970, 23434, 24898));
5;0.947493553161621;23434;6;36.99;((20506, 26364), (21970, 23434, 24898));
5;0.500000000000000;24898;11;20.76;((20506, 26364), (21970, 23434, 24898));
5;0.750000000000000;24898;11;30.04;((20506, 26364), (21970, 23434, 24898));
5;0.875000000000000;24898;11;33.91;((20506, 26364), (21970, 23434, 24898));
5;0.937500000000000;24898;11;38.76;((20506, 26364), (21970, 23434, 24898));
5;0.968750000000000;24898;0;15.90;((20506, 26364), (21970, 23434, 24898));
5;0.953125000000000;24898;6;34.81;((20506, 26364), (21970, 23434, 24898));
5;0.960937500000000;24898;0;18.11;((20506, 26364), (21970, 23434, 24898));
5;0.957031250000000;24898;0;22.73;((20506, 26364), (21970, 23434, 24898));
5;0.955078125000000;24898;2;35.48;((20506, 26364), (21970, 23434, 24898));
5;0.954101562500000;24898;5;36.76;((20506, 26364), (21970, 23434, 24898));
5;0.953613281250000;24898;3;35.56;((20506, 26364), (21970, 23434, 24898));
5;0.953369140625000;24898;6;34.59;((20506, 26364), (21970, 23434, 24898));
5;0.953491210937500;24898;6;34.85;((20506, 26364), (21970, 23434, 24898));
5;0.953552246093750;24898;7;36.79;((20506, 26364), (21970, 23434, 24898));
5;0.953582763671875;24898;7;37.32;((20506, 26364), (21970, 23434, 24898));
5;0.953598022460938;24898;3;36.43;((20506, 26364), (21970, 23434, 24898));
5;0.953590393066406;24898;6;36.47;((20506, 26364), (21970, 23434, 24898));
5;0.953594207763672;24898;5;36.53;((20506, 26364), (21970, 23434, 24898));
5;0.953592300415039;24898;6;36.43;((20506, 26364), (21970, 23434, 24898));
5;0.953593254089355;24898;6;38.18;((20506, 26364), (21970, 23434, 24898));
5;0.500000000000000;24166;11;21.75;((23434, 26364), (24166, 24898, 25630));
5;0.750000000000000;24166;11;31.77;((23434, 26364), (24166, 24898, 25630));
5;0.875000000000000;24166;11;35.77;((23434, 26364), (24166, 24898, 25630));
5;0.937500000000000;24166;11;36.79;((23434, 26364), (24166, 24898, 25630));
5;0.968750000000000;24166;0;15.35;((23434, 26364), (24166, 24898, 25630));
5;0.953125000000000;24166;9;36.36;((23434, 26364), (24166, 24898, 25630));
5;0.960937500000000;24166;0;19.73;((23434, 26364), (24166, 24898, 25630));
5;0.957031250000000;24166;0;22.98;((23434, 26364), (24166, 24898, 25630));
5;0.955078125000000;24166;2;34.60;((23434, 26364), (24166, 24898, 25630));
5;0.954101562500000;24166;4;35.27;((23434, 26364), (24166, 24898, 25630));
5;0.953613281250000;24166;4;35.18;((23434, 26364), (24166, 24898, 25630));
5;0.953369140625000;24166;7;35.99;((23434, 26364), (24166, 24898, 25630));
5;0.953491210937500;24166;8;35.32;((23434, 26364), (24166, 24898, 25630));
5;0.953552246093750;24166;8;35.15;((23434, 26364), (24166, 24898, 25630));
5;0.953582763671875;24166;5;35.19;((23434, 26364), (24166, 24898, 25630));
5;0.953567504882812;24166;6;35.25;((23434, 26364), (24166, 24898, 25630));
5;0.953575134277344;24166;8;34.99;((23434, 26364), (24166, 24898, 25630));
5;0.953578948974609;24166;3;34.78;((23434, 26364), (24166, 24898, 25630));
5;0.953577041625977;24166;5;34.86;((23434, 26364), (24166, 24898, 25630));
5;0.953576087951660;24166;6;35.04;((23434, 26364), (24166, 24898, 25630));
5;0.500000000000000;25630;11;20.20;((23434, 26364), (24166, 24898, 25630));
5;0.750000000000000;25630;11;29.63;((23434, 26364), (24166, 24898, 25630));
5;0.875000000000000;25630;11;33.66;((23434, 26364), (24166, 24898, 25630));
5;0.937500000000000;25630;11;36.16;((23434, 26364), (24166, 24898, 25630));
5;0.968750000000000;25630;0;16.04;((23434, 26364), (24166, 24898, 25630));
5;0.953125000000000;25630;0;20.23;((23434, 26364), (24166, 24898, 25630));
5;0.945312500000000;25630;11;37.38;((23434, 26364), (24166, 24898, 25630));
5;0.949218750000000;25630;7;34.60;((23434, 26364), (24166, 24898, 25630));
5;0.951171875000000;25630;1;34.20;((23434, 26364), (24166, 24898, 25630));
5;0.950195312500000;25630;1;34.13;((23434, 26364), (24166, 24898, 25630));
5;0.949707031250000;25630;2;34.15;((23434, 26364), (24166, 24898, 25630));
5;0.949462890625000;25630;3;34.23;((23434, 26364), (24166, 24898, 25630));
5;0.949340820312500;25630;5;36.35;((23434, 26364), (24166, 24898, 25630));
5;0.949279785156250;25630;5;34.71;((23434, 26364), (24166, 24898, 25630));
5;0.949249267578125;25630;3;34.59;((23434, 26364), (24166, 24898, 25630));
5;0.949234008789062;25630;1;33.85;((23434, 26364), (24166, 24898, 25630));
5;0.949226379394531;25630;2;34.13;((23434, 26364), (24166, 24898, 25630));
5;0.949222564697266;25630;4;34.43;((23434, 26364), (24166, 24898, 25630));
5;0.949220657348633;25630;3;34.07;((23434, 26364), (24166, 24898, 25630));
5;0.949219703674316;25630;5;34.89;((23434, 26364), (24166, 24898, 25630));
5;0.500000000000000;24532;11;20.62;((24166, 25630), (24532, 24898, 25264));
5;0.750000000000000;24532;11;29.30;((24166, 25630), (24532, 24898, 25264));
5;0.875000000000000;24532;11;33.11;((24166, 25630), (24532, 24898, 25264));
5;0.937500000000000;24532;11;40.71;((24166, 25630), (24532, 24898, 25264));
5;0.968750000000000;24532;0;15.60;((24166, 25630), (24532, 24898, 25264));
5;0.953125000000000;24532;0;20.75;((24166, 25630), (24532, 24898, 25264));
5;0.945312500000000;24532;10;35.55;((24166, 25630), (24532, 24898, 25264));
5;0.949218750000000;24532;2;34.00;((24166, 25630), (24532, 24898, 25264));
5;0.947265625000000;24532;9;35.05;((24166, 25630), (24532, 24898, 25264));
5;0.948242187500000;24532;5;34.57;((24166, 25630), (24532, 24898, 25264));
5;0.947753906250000;24532;4;34.90;((24166, 25630), (24532, 24898, 25264));
5;0.947509765625000;24532;10;35.64;((24166, 25630), (24532, 24898, 25264));
5;0.947631835937500;24532;10;36.85;((24166, 25630), (24532, 24898, 25264));
5;0.947692871093750;24532;8;34.70;((24166, 25630), (24532, 24898, 25264));
5;0.947723388671875;24532;4;34.81;((24166, 25630), (24532, 24898, 25264));
5;0.947708129882812;24532;5;34.68;((24166, 25630), (24532, 24898, 25264));
5;0.947700500488281;24532;6;35.40;((24166, 25630), (24532, 24898, 25264));
5;0.947704315185547;24532;7;34.63;((24166, 25630), (24532, 24898, 25264));
5;0.947706222534180;24532;6;34.56;((24166, 25630), (24532, 24898, 25264));
5;0.947707176208496;24532;6;34.65;((24166, 25630), (24532, 24898, 25264));
5;0.500000000000000;25264;11;19.95;((24166, 25630), (24532, 24898, 25264));
5;0.750000000000000;25264;11;29.75;((24166, 25630), (24532, 24898, 25264));
5;0.875000000000000;25264;11;33.89;((24166, 25630), (24532, 24898, 25264));
5;0.937500000000000;25264;11;36.32;((24166, 25630), (24532, 24898, 25264));
5;0.968750000000000;25264;0;15.20;((24166, 25630), (24532, 24898, 25264));
5;0.953125000000000;25264;0;19.84;((24166, 25630), (24532, 24898, 25264));
5;0.945312500000000;25264;9;34.91;((24166, 25630), (24532, 24898, 25264));
5;0.949218750000000;25264;0;24.14;((24166, 25630), (24532, 24898, 25264));
5;0.947265625000000;25264;7;35.24;((24166, 25630), (24532, 24898, 25264));
5;0.948242187500000;25264;9;36.49;((24166, 25630), (24532, 24898, 25264));
5;0.948730468750000;25264;5;35.27;((24166, 25630), (24532, 24898, 25264));
5;0.948486328125000;25264;6;34.92;((24166, 25630), (24532, 24898, 25264));
5;0.948608398437500;25264;5;35.26;((24166, 25630), (24532, 24898, 25264));
5;0.948547363281250;25264;6;35.47;((24166, 25630), (24532, 24898, 25264));
5;0.948577880859375;25264;5;34.17;((24166, 25630), (24532, 24898, 25264));
5;0.948562622070312;25264;7;34.98;((24166, 25630), (24532, 24898, 25264));
5;0.948570251464844;25264;3;34.58;((24166, 25630), (24532, 24898, 25264));
5;0.948566436767578;25264;2;34.58;((24166, 25630), (24532, 24898, 25264));
5;0.948564529418945;25264;6;34.80;((24166, 25630), (24532, 24898, 25264));
5;0.948565483093262;25264;4;34.69;((24166, 25630), (24532, 24898, 25264));
5;0.500000000000000;24715;11;19.59;((24532, 25264), (24715, 24898, 25081));
5;0.750000000000000;24715;11;29.11;((24532, 25264), (24715, 24898, 25081));
5;0.875000000000000;24715;11;35.19;((24532, 25264), (24715, 24898, 25081));
5;0.937500000000000;24715;11;36.69;((24532, 25264), (24715, 24898, 25081));
5;0.968750000000000;24715;0;15.58;((24532, 25264), (24715, 24898, 25081));
5;0.953125000000000;24715;8;35.86;((24532, 25264), (24715, 24898, 25081));
5;0.960937500000000;24715;0;17.10;((24532, 25264), (24715, 24898, 25081));
5;0.957031250000000;24715;1;34.12;((24532, 25264), (24715, 24898, 25081));
5;0.955078125000000;24715;3;35.00;((24532, 25264), (24715, 24898, 25081));
5;0.954101562500000;24715;9;35.63;((24532, 25264), (24715, 24898, 25081));
5;0.954589843750000;24715;4;35.45;((24532, 25264), (24715, 24898, 25081));
5;0.954345703125000;24715;3;34.87;((24532, 25264), (24715, 24898, 25081));
5;0.954223632812500;24715;5;35.47;((24532, 25264), (24715, 24898, 25081));
5;0.954162597656250;24715;5;34.81;((24532, 25264), (24715, 24898, 25081));
5;0.954132080078125;24715;3;35.12;((24532, 25264), (24715, 24898, 25081));
5;0.954116821289062;24715;5;35.73;((24532, 25264), (24715, 24898, 25081));
5;0.954109191894531;24715;4;34.83;((24532, 25264), (24715, 24898, 25081));
5;0.954105377197266;24715;5;35.20;((24532, 25264), (24715, 24898, 25081));
5;0.954103469848633;24715;2;34.62;((24532, 25264), (24715, 24898, 25081));
5;0.954102516174316;24715;1;34.88;((24532, 25264), (24715, 24898, 25081));
5;0.500000000000000;25081;11;20.23;((24532, 25264), (24715, 24898, 25081));
5;0.750000000000000;25081;11;29.67;((24532, 25264), (24715, 24898, 25081));
5;0.875000000000000;25081;11;33.47;((24532, 25264), (24715, 24898, 25081));
5;0.937500000000000;25081;11;36.43;((24532, 25264), (24715, 24898, 25081));
5;0.968750000000000;25081;0;15.26;((24532, 25264), (24715, 24898, 25081));
5;0.953125000000000;25081;6;34.91;((24532, 25264), (24715, 24898, 25081));
5;0.960937500000000;25081;0;18.15;((24532, 25264), (24715, 24898, 25081));
5;0.957031250000000;25081;0;21.32;((24532, 25264), (24715, 24898, 25081));
5;0.955078125000000;25081;4;34.78;((24532, 25264), (24715, 24898, 25081));
5;0.954101562500000;25081;4;35.08;((24532, 25264), (24715, 24898, 25081));
5;0.953613281250000;25081;5;35.31;((24532, 25264), (24715, 24898, 25081));
5;0.953369140625000;25081;7;35.34;((24532, 25264), (24715, 24898, 25081));
5;0.953491210937500;25081;6;35.26;((24532, 25264), (24715, 24898, 25081));
5;0.953552246093750;25081;9;35.17;((24532, 25264), (24715, 24898, 25081));
5;0.953582763671875;25081;6;35.04;((24532, 25264), (24715, 24898, 25081));
5;0.953598022460938;25081;5;35.39;((24532, 25264), (24715, 24898, 25081));
5;0.953590393066406;25081;3;35.19;((24532, 25264), (24715, 24898, 25081));
5;0.953586578369141;25081;7;35.08;((24532, 25264), (24715, 24898, 25081));
5;0.953588485717773;25081;1;34.06;((24532, 25264), (24715, 24898, 25081));
5;0.953587532043457;25081;4;34.65;((24532, 25264), (24715, 24898, 25081));
5;0.500000000000000;24623;11;20.10;((24532, 24898), (24623, 24714, 24805));
5;0.750000000000000;24623;11;29.77;((24532, 24898), (24623, 24714, 24805));
5;0.875000000000000;24623;11;34.02;((24532, 24898), (24623, 24714, 24805));
5;0.937500000000000;24623;11;36.01;((24532, 24898), (24623, 24714, 24805));
5;0.968750000000000;24623;0;15.84;((24532, 24898), (24623, 24714, 24805));
5;0.953125000000000;24623;8;35.60;((24532, 24898), (24623, 24714, 24805));
5;0.960937500000000;24623;0;18.06;((24532, 24898), (24623, 24714, 24805));
5;0.957031250000000;24623;0;23.27;((24532, 24898), (24623, 24714, 24805));
5;0.955078125000000;24623;1;34.80;((24532, 24898), (24623, 24714, 24805));
5;0.954101562500000;24623;5;34.87;((24532, 24898), (24623, 24714, 24805));
5;0.953613281250000;24623;7;35.67;((24532, 24898), (24623, 24714, 24805));
5;0.953857421875000;24623;6;35.40;((24532, 24898), (24623, 24714, 24805));
5;0.953979492187500;24623;6;35.32;((24532, 24898), (24623, 24714, 24805));
5;0.954040527343750;24623;5;35.05;((24532, 24898), (24623, 24714, 24805));
5;0.954010009765625;24623;4;34.94;((24532, 24898), (24623, 24714, 24805));
5;0.953994750976562;24623;5;35.26;((24532, 24898), (24623, 24714, 24805));
5;0.953987121582031;24623;4;34.50;((24532, 24898), (24623, 24714, 24805));
5;0.953983306884766;24623;8;36.04;((24532, 24898), (24623, 24714, 24805));
5;0.953985214233398;24623;7;34.92;((24532, 24898), (24623, 24714, 24805));
5;0.953986167907715;24623;4;35.01;((24532, 24898), (24623, 24714, 24805));
5;0.500000000000000;24714;11;19.76;((24532, 24898), (24623, 24714, 24805));
5;0.750000000000000;24714;11;29.87;((24532, 24898), (24623, 24714, 24805));
5;0.875000000000000;24714;11;33.53;((24532, 24898), (24623, 24714, 24805));
5;0.937500000000000;24714;11;36.56;((24532, 24898), (24623, 24714, 24805));
5;0.968750000000000;24714;0;15.13;((24532, 24898), (24623, 24714, 24805));
5;0.953125000000000;24714;0;21.58;((24532, 24898), (24623, 24714, 24805));
5;0.945312500000000;24714;10;35.34;((24532, 24898), (24623, 24714, 24805));
5;0.949218750000000;24714;4;34.89;((24532, 24898), (24623, 24714, 24805));
5;0.947265625000000;24714;6;34.73;((24532, 24898), (24623, 24714, 24805));
5;0.948242187500000;24714;4;35.16;((24532, 24898), (24623, 24714, 24805));
5;0.947753906250000;24714;6;35.08;((24532, 24898), (24623, 24714, 24805));
5;0.947998046875000;24714;8;35.50;((24532, 24898), (24623, 24714, 24805));
5;0.948120117187500;24714;7;35.05;((24532, 24898), (24623, 24714, 24805));
5;0.948181152343750;24714;5;34.73;((24532, 24898), (24623, 24714, 24805));
5;0.948150634765625;24714;5;34.74;((24532, 24898), (24623, 24714, 24805));
5;0.948135375976562;24714;7;34.60;((24532, 24898), (24623, 24714, 24805));
5;0.948143005371094;24714;4;34.73;((24532, 24898), (24623, 24714, 24805));
5;0.948139190673828;24714;3;34.57;((24532, 24898), (24623, 24714, 24805));
5;0.948137283325195;24714;4;34.52;((24532, 24898), (24623, 24714, 24805));
5;0.948136329650879;24714;6;34.59;((24532, 24898), (24623, 24714, 24805));
5;0.500000000000000;24805;11;20.18;((24532, 24898), (24623, 24714, 24805));
5;0.750000000000000;24805;11;29.63;((24532, 24898), (24623, 24714, 24805));
5;0.875000000000000;24805;11;33.95;((24532, 24898), (24623, 24714, 24805));
5;0.937500000000000;24805;11;36.32;((24532, 24898), (24623, 24714, 24805));
5;0.968750000000000;24805;0;16.49;((24532, 24898), (24623, 24714, 24805));
5;0.953125000000000;24805;9;35.56;((24532, 24898), (24623, 24714, 24805));
5;0.960937500000000;24805;0;17.48;((24532, 24898), (24623, 24714, 24805));
5;0.957031250000000;24805;2;34.10;((24532, 24898), (24623, 24714, 24805));
5;0.955078125000000;24805;4;34.77;((24532, 24898), (24623, 24714, 24805));
5;0.954101562500000;24805;5;34.89;((24532, 24898), (24623, 24714, 24805));
5;0.953613281250000;24805;5;34.91;((24532, 24898), (24623, 24714, 24805));
5;0.953369140625000;24805;6;34.94;((24532, 24898), (24623, 24714, 24805));
5;0.953491210937500;24805;5;34.83;((24532, 24898), (24623, 24714, 24805));
5;0.953430175781250;24805;5;35.44;((24532, 24898), (24623, 24714, 24805));
5;0.953399658203125;24805;3;35.29;((24532, 24898), (24623, 24714, 24805));
5;0.953384399414062;24805;8;35.51;((24532, 24898), (24623, 24714, 24805));
5;0.953392028808594;24805;8;35.56;((24532, 24898), (24623, 24714, 24805));
5;0.953395843505859;24805;7;34.78;((24532, 24898), (24623, 24714, 24805));
5;0.953397750854492;24805;5;35.27;((24532, 24898), (24623, 24714, 24805));
5;0.953396797180176;24805;4;35.10;((24532, 24898), (24623, 24714, 24805));
5;0.500000000000000;24577;11;20.02;((24532, 24714), (24577, 24622, 24667));
5;0.750000000000000;24577;11;29.33;((24532, 24714), (24577, 24622, 24667));
5;0.875000000000000;24577;11;33.77;((24532, 24714), (24577, 24622, 24667));
5;0.937500000000000;24577;11;36.30;((24532, 24714), (24577, 24622, 24667));
5;0.968750000000000;24577;0;16.05;((24532, 24714), (24577, 24622, 24667));
5;0.953125000000000;24577;6;35.22;((24532, 24714), (24577, 24622, 24667));
5;0.960937500000000;24577;0;18.16;((24532, 24714), (24577, 24622, 24667));
5;0.957031250000000;24577;0;23.56;((24532, 24714), (24577, 24622, 24667));
5;0.955078125000000;24577;3;35.25;((24532, 24714), (24577, 24622, 24667));
5;0.954101562500000;24577;7;36.34;((24532, 24714), (24577, 24622, 24667));
5;0.954589843750000;24577;4;35.03;((24532, 24714), (24577, 24622, 24667));
5;0.954345703125000;24577;2;34.33;((24532, 24714), (24577, 24622, 24667));
5;0.954223632812500;24577;3;34.46;((24532, 24714), (24577, 24622, 24667));
5;0.954162597656250;24577;5;35.37;((24532, 24714), (24577, 24622, 24667));
5;0.954132080078125;24577;5;34.41;((24532, 24714), (24577, 24622, 24667));
5;0.954116821289062;24577;5;34.76;((24532, 24714), (24577, 24622, 24667));
5;0.954109191894531;24577;4;35.00;((24532, 24714), (24577, 24622, 24667));
5;0.954105377197266;24577;5;35.35;((24532, 24714), (24577, 24622, 24667));
5;0.954103469848633;24577;1;34.50;((24532, 24714), (24577, 24622, 24667));
5;0.954102516174316;24577;2;34.69;((24532, 24714), (24577, 24622, 24667));
5;0.500000000000000;24622;11;20.28;((24532, 24714), (24577, 24622, 24667));
5;0.750000000000000;24622;11;29.16;((24532, 24714), (24577, 24622, 24667));
5;0.875000000000000;24622;11;34.00;((24532, 24714), (24577, 24622, 24667));
5;0.937500000000000;24622;11;35.93;((24532, 24714), (24577, 24622, 24667));
5;0.968750000000000;24622;0;16.02;((24532, 24714), (24577, 24622, 24667));
5;0.953125000000000;24622;0;20.99;((24532, 24714), (24577, 24622, 24667));
5;0.945312500000000;24622;11;36.41;((24532, 24714), (24577, 24622, 24667));
5;0.949218750000000;24622;3;35.14;((24532, 24714), (24577, 24622, 24667));
5;0.947265625000000;24622;9;35.43;((24532, 24714), (24577, 24622, 24667));
5;0.948242187500000;24622;8;34.57;((24532, 24714), (24577, 24622, 24667));
5;0.948730468750000;24622;7;35.04;((24532, 24714), (24577, 24622, 24667));
5;0.948974609375000;24622;8;34.87;((24532, 24714), (24577, 24622, 24667));
5;0.949096679687500;24622;2;34.62;((24532, 24714), (24577, 24622, 24667));
5;0.949035644531250;24622;4;34.53;((24532, 24714), (24577, 24622, 24667));
5;0.949005126953125;24622;0;21.98;((24532, 24714), (24577, 24622, 24667));
5;0.948989868164062;24622;3;34.18;((24532, 24714), (24577, 24622, 24667));
5;0.948982238769531;24622;5;34.62;((24532, 24714), (24577, 24622, 24667));
5;0.948978424072266;24622;2;34.69;((24532, 24714), (24577, 24622, 24667));
5;0.948976516723633;24622;5;35.27;((24532, 24714), (24577, 24622, 24667));
5;0.948975563049316;24622;2;34.79;((24532, 24714), (24577, 24622, 24667));
5;0.500000000000000;24667;11;19.93;((24532, 24714), (24577, 24622, 24667));
5;0.750000000000000;24667;11;29.32;((24532, 24714), (24577, 24622, 24667));
5;0.875000000000000;24667;11;32.82;((24532, 24714), (24577, 24622, 24667));
5;0.937500000000000;24667;11;35.97;((24532, 24714), (24577, 24622, 24667));
5;0.968750000000000;24667;0;15.48;((24532, 24714), (24577, 24622, 24667));
5;0.953125000000000;24667;7;35.22;((24532, 24714), (24577, 24622, 24667));
5;0.960937500000000;24667;0;17.93;((24532, 24714), (24577, 24622, 24667));
5;0.957031250000000;24667;0;21.86;((24532, 24714), (24577, 24622, 24667));
5;0.955078125000000;24667;3;34.58;((24532, 24714), (24577, 24622, 24667));
5;0.954101562500000;24667;8;34.84;((24532, 24714), (24577, 24622, 24667));
5;0.954589843750000;24667;2;34.61;((24532, 24714), (24577, 24622, 24667));
5;0.954345703125000;24667;5;34.73;((24532, 24714), (24577, 24622, 24667));
5;0.954223632812500;24667;3;34.61;((24532, 24714), (24577, 24622, 24667));
5;0.954162597656250;24667;7;34.88;((24532, 24714), (24577, 24622, 24667));
5;0.954193115234375;24667;6;36.96;((24532, 24714), (24577, 24622, 24667));
5;0.954208374023438;24667;4;34.86;((24532, 24714), (24577, 24622, 24667));
5;0.954200744628906;24667;4;35.01;((24532, 24714), (24577, 24622, 24667));
5;0.954196929931641;24667;6;35.05;((24532, 24714), (24577, 24622, 24667));
5;0.954198837280273;24667;5;34.70;((24532, 24714), (24577, 24622, 24667));
5;0.954197883605957;24667;7;35.06;((24532, 24714), (24577, 24622, 24667));
5;0.500000000000000;24645;11;20.17;((24622, 24714), (24645, 24668, 24691));
5;0.750000000000000;24645;11;29.33;((24622, 24714), (24645, 24668, 24691));
5;0.875000000000000;24645;11;39.90;((24622, 24714), (24645, 24668, 24691));
5;0.937500000000000;24645;11;36.09;((24622, 24714), (24645, 24668, 24691));
5;0.968750000000000;24645;0;15.19;((24622, 24714), (24645, 24668, 24691));
5;0.953125000000000;24645;7;34.93;((24622, 24714), (24645, 24668, 24691));
5;0.960937500000000;24645;0;18.21;((24622, 24714), (24645, 24668, 24691));
5;0.957031250000000;24645;1;34.08;((24622, 24714), (24645, 24668, 24691));
5;0.955078125000000;24645;4;34.50;((24622, 24714), (24645, 24668, 24691));
5;0.954101562500000;24645;4;34.65;((24622, 24714), (24645, 24668, 24691));
5;0.953613281250000;24645;5;34.93;((24622, 24714), (24645, 24668, 24691));
5;0.953369140625000;24645;6;35.15;((24622, 24714), (24645, 24668, 24691));
5;0.953491210937500;24645;6;35.40;((24622, 24714), (24645, 24668, 24691));
5;0.953552246093750;24645;7;35.05;((24622, 24714), (24645, 24668, 24691));
5;0.953582763671875;24645;6;35.20;((24622, 24714), (24645, 24668, 24691));
5;0.953598022460938;24645;3;34.65;((24622, 24714), (24645, 24668, 24691));
5;0.953590393066406;24645;4;35.22;((24622, 24714), (24645, 24668, 24691));
5;0.953586578369141;24645;6;35.46;((24622, 24714), (24645, 24668, 24691));
5;0.953588485717773;24645;3;34.86;((24622, 24714), (24645, 24668, 24691));
5;0.953587532043457;24645;6;34.60;((24622, 24714), (24645, 24668, 24691));
5;0.500000000000000;24668;11;20.25;((24622, 24714), (24645, 24668, 24691));
5;0.750000000000000;24668;11;29.09;((24622, 24714), (24645, 24668, 24691));
5;0.875000000000000;24668;11;33.94;((24622, 24714), (24645, 24668, 24691));
5;0.937500000000000;24668;11;35.34;((24622, 24714), (24645, 24668, 24691));
5;0.968750000000000;24668;0;15.45;((24622, 24714), (24645, 24668, 24691));
5;0.953125000000000;24668;6;34.90;((24622, 24714), (24645, 24668, 24691));
5;0.960937500000000;24668;0;16.62;((24622, 24714), (24645, 24668, 24691));
5;0.957031250000000;24668;0;23.95;((24622, 24714), (24645, 24668, 24691));
5;0.955078125000000;24668;0;21.26;((24622, 24714), (24645, 24668, 24691));
5;0.954101562500000;24668;6;35.24;((24622, 24714), (24645, 24668, 24691));
5;0.954589843750000;24668;2;34.53;((24622, 24714), (24645, 24668, 24691));
5;0.954345703125000;24668;3;34.59;((24622, 24714), (24645, 24668, 24691));
5;0.954223632812500;24668;5;35.05;((24622, 24714), (24645, 24668, 24691));
5;0.954162597656250;24668;5;34.49;((24622, 24714), (24645, 24668, 24691));
5;0.954132080078125;24668;5;35.16;((24622, 24714), (24645, 24668, 24691));
5;0.954116821289062;24668;5;35.57;((24622, 24714), (24645, 24668, 24691));
5;0.954109191894531;24668;5;35.07;((24622, 24714), (24645, 24668, 24691));
5;0.954105377197266;24668;3;34.16;((24622, 24714), (24645, 24668, 24691));
5;0.954103469848633;24668;5;34.97;((24622, 24714), (24645, 24668, 24691));
5;0.954102516174316;24668;1;33.94;((24622, 24714), (24645, 24668, 24691));
5;0.500000000000000;24691;11;20.17;((24622, 24714), (24645, 24668, 24691));
5;0.750000000000000;24691;11;29.81;((24622, 24714), (24645, 24668, 24691));
5;0.875000000000000;24691;11;33.76;((24622, 24714), (24645, 24668, 24691));
5;0.937500000000000;24691;11;36.02;((24622, 24714), (24645, 24668, 24691));
5;0.968750000000000;24691;0;15.46;((24622, 24714), (24645, 24668, 24691));
5;0.953125000000000;24691;5;34.99;((24622, 24714), (24645, 24668, 24691));
5;0.945312500000000;24691;11;36.72;((24622, 24714), (24645, 24668, 24691));
5;0.949218750000000;24691;11;36.01;((24622, 24714), (24645, 24668, 24691));
5;0.951171875000000;24691;10;38.01;((24622, 24714), (24645, 24668, 24691));
5;0.952148437500000;24691;8;36.52;((24622, 24714), (24645, 24668, 24691));
5;0.952636718750000;24691;6;35.79;((24622, 24714), (24645, 24668, 24691));
5;0.952880859375000;24691;6;34.98;((24622, 24714), (24645, 24668, 24691));
5;0.953002929687500;24691;8;35.46;((24622, 24714), (24645, 24668, 24691));
5;0.953063964843750;24691;7;34.83;((24622, 24714), (24645, 24668, 24691));
5;0.953094482421875;24691;10;37.04;((24622, 24714), (24645, 24668, 24691));
5;0.953109741210938;24691;8;35.52;((24622, 24714), (24645, 24668, 24691));
5;0.953117370605469;24691;5;34.92;((24622, 24714), (24645, 24668, 24691));
5;0.953113555908203;24691;7;35.03;((24622, 24714), (24645, 24668, 24691));
5;0.953115463256836;24691;8;35.31;((24622, 24714), (24645, 24668, 24691));
5;0.953116416931152;24691;7;36.08;((24622, 24714), (24645, 24668, 24691));
