5;0.500000000000000;62500;11;3.20;((0, 250000), (62500, 125000, 187500));
5;0.750000000000000;62500;0;2.60;((0, 250000), (62500, 125000, 187500));
5;0.625000000000000;62500;11;3.98;((0, 250000), (62500, 125000, 187500));
5;0.687500000000000;62500;11;4.27;((0, 250000), (62500, 125000, 187500));
5;0.718750000000000;62500;11;4.47;((0, 250000), (62500, 125000, 187500));
5;0.734375000000000;62500;11;4.56;((0, 250000), (62500, 125000, 187500));
5;0.742187500000000;62500;1;4.25;((0, 250000), (62500, 125000, 187500));
5;0.738281250000000;62500;7;4.44;((0, 250000), (62500, 125000, 187500));
5;0.740234375000000;62500;4;4.45;((0, 250000), (62500, 125000, 187500));
5;0.739257812500000;62500;5;4.38;((0, 250000), (62500, 125000, 187500));
5;0.738769531250000;62500;9;4.51;((0, 250000), (62500, 125000, 187500));
5;0.739013671875000;62500;4;4.41;((0, 250000), (62500, 125000, 187500));
5;0.738891601562500;62500;7;4.45;((0, 250000), (62500, 125000, 187500));
5;0.738952636718750;62500;9;4.52;((0, 250000), (62500, 125000, 187500));
5;0.738983154296875;62500;7;4.50;((0, 250000), (62500, 125000, 187500));
5;0.738998413085938;62500;9;4.49;((0, 250000), (62500, 125000, 187500));
5;0.739006042480469;62500;8;4.45;((0, 250000), (62500, 125000, 187500));
5;0.739009857177734;62500;10;4.57;((0, 250000), (62500, 125000, 187500));
5;0.739011764526367;62500;6;4.44;((0, 250000), (62500, 125000, 187500));
5;0.739012718200684;62500;7;4.50;((0, 250000), (62500, 125000, 187500));
5;0.500000000000000;125000;11;3.23;((0, 250000), (62500, 125000, 187500));
5;0.750000000000000;125000;0;2.16;((0, 250000), (62500, 125000, 187500));
5;0.625000000000000;125000;0;2.16;((0, 250000), (62500, 125000, 187500));
5;0.562500000000000;125000;11;3.63;((0, 250000), (62500, 125000, 187500));
5;0.593750000000000;125000;11;3.76;((0, 250000), (62500, 125000, 187500));
5;0.609375000000000;125000;11;3.89;((0, 250000), (62500, 125000, 187500));
5;0.617187500000000;125000;0;2.17;((0, 250000), (62500, 125000, 187500));
5;0.613281250000000;125000;11;3.87;((0, 250000), (62500, 125000, 187500));
5;0.615234375000000;125000;7;3.81;((0, 250000), (62500, 125000, 187500));
5;0.616210937500000;125000;2;3.66;((0, 250000), (62500, 125000, 187500));
5;0.615722656250000;125000;7;3.80;((0, 250000), (62500, 125000, 187500));
5;0.615966796875000;125000;6;3.81;((0, 250000), (62500, 125000, 187500));
5;0.616088867187500;125000;6;3.80;((0, 250000), (62500, 125000, 187500));
5;0.616149902343750;125000;3;3.69;((0, 250000), (62500, 125000, 187500));
5;0.616119384765625;125000;6;3.77;((0, 250000), (62500, 125000, 187500));
5;0.616134643554688;125000;7;3.80;((0, 250000), (62500, 125000, 187500));
5;0.616142272949219;125000;3;3.71;((0, 250000), (62500, 125000, 187500));
5;0.616138458251953;125000;4;3.74;((0, 250000), (62500, 125000, 187500));
5;0.616136550903320;125000;5;3.77;((0, 250000), (62500, 125000, 187500));
5;0.616135597229004;125000;6;3.77;((0, 250000), (62500, 125000, 187500));
5;0.500000000000000;187500;11;3.24;((0, 250000), (62500, 125000, 187500));
5;0.750000000000000;187500;0;2.10;((0, 250000), (62500, 125000, 187500));
5;0.625000000000000;187500;0;2.02;((0, 250000), (62500, 125000, 187500));
5;0.562500000000000;187500;11;3.60;((0, 250000), (62500, 125000, 187500));
5;0.593750000000000;187500;11;3.82;((0, 250000), (62500, 125000, 187500));
5;0.609375000000000;187500;0;2.04;((0, 250000), (62500, 125000, 187500));
5;0.601562500000000;187500;11;3.78;((0, 250000), (62500, 125000, 187500));
5;0.605468750000000;187500;11;3.83;((0, 250000), (62500, 125000, 187500));
5;0.607421875000000;187500;4;3.71;((0, 250000), (62500, 125000, 187500));
5;0.606445312500000;187500;9;3.74;((0, 250000), (62500, 125000, 187500));
5;0.606933593750000;187500;6;3.81;((0, 250000), (62500, 125000, 187500));
5;0.607177734375000;187500;5;3.72;((0, 250000), (62500, 125000, 187500));
5;0.607055664062500;187500;5;3.74;((0, 250000), (62500, 125000, 187500));
5;0.606994628906250;187500;5;3.75;((0, 250000), (62500, 125000, 187500));
5;0.606964111328125;187500;5;3.72;((0, 250000), (62500, 125000, 187500));
5;0.606948852539062;187500;9;3.75;((0, 250000), (62500, 125000, 187500));
5;0.606956481933594;187500;9;3.79;((0, 250000), (62500, 125000, 187500));
5;0.606960296630859;187500;10;3.83;((0, 250000), (62500, 125000, 187500));
5;0.606962203979492;187500;5;3.70;((0, 250000), (62500, 125000, 187500));
5;0.606961250305176;187500;7;3.88;((0, 250000), (62500, 125000, 187500));
5;0.500000000000000;31250;11;3.14;((0, 125000), (31250, 62500, 93750));
5;0.750000000000000;31250;11;4.53;((0, 125000), (31250, 62500, 93750));
5;0.875000000000000;31250;0;2.38;((0, 125000), (31250, 62500, 93750));
5;0.812500000000000;31250;11;4.99;((0, 125000), (31250, 62500, 93750));
5;0.843750000000000;31250;11;5.11;((0, 125000), (31250, 62500, 93750));
5;0.859375000000000;31250;0;2.75;((0, 125000), (31250, 62500, 93750));
5;0.851562500000000;31250;8;5.04;((0, 125000), (31250, 62500, 93750));
5;0.855468750000000;31250;2;4.91;((0, 125000), (31250, 62500, 93750));
5;0.853515625000000;31250;8;5.12;((0, 125000), (31250, 62500, 93750));
5;0.854492187500000;31250;3;5.01;((0, 125000), (31250, 62500, 93750));
5;0.854003906250000;31250;5;5.01;((0, 125000), (31250, 62500, 93750));
5;0.853759765625000;31250;6;5.05;((0, 125000), (31250, 62500, 93750));
5;0.853881835937500;31250;5;5.04;((0, 125000), (31250, 62500, 93750));
5;0.853820800781250;31250;5;4.97;((0, 125000), (31250, 62500, 93750));
5;0.853790283203125;31250;5;5.13;((0, 125000), (31250, 62500, 93750));
5;0.853775024414062;31250;4;4.94;((0, 125000), (31250, 62500, 93750));
5;0.853767395019531;31250;8;5.10;((0, 125000), (31250, 62500, 93750));
5;0.853771209716797;31250;4;4.96;((0, 125000), (31250, 62500, 93750));
5;0.853769302368164;31250;4;4.96;((0, 125000), (31250, 62500, 93750));
5;0.853768348693848;31250;3;4.91;((0, 125000), (31250, 62500, 93750));
5;0.500000000000000;93750;11;3.23;((0, 125000), (31250, 62500, 93750));
5;0.750000000000000;93750;0;2.17;((0, 125000), (31250, 62500, 93750));
5;0.625000000000000;93750;11;3.95;((0, 125000), (31250, 62500, 93750));
5;0.687500000000000;93750;0;2.19;((0, 125000), (31250, 62500, 93750));
5;0.656250000000000;93750;0;2.27;((0, 125000), (31250, 62500, 93750));
5;0.640625000000000;93750;11;4.06;((0, 125000), (31250, 62500, 93750));
5;0.648437500000000;93750;4;3.90;((0, 125000), (31250, 62500, 93750));
5;0.644531250000000;93750;11;4.05;((0, 125000), (31250, 62500, 93750));
5;0.646484375000000;93750;11;4.05;((0, 125000), (31250, 62500, 93750));
5;0.647460937500000;93750;9;4.02;((0, 125000), (31250, 62500, 93750));
5;0.647949218750000;93750;7;3.97;((0, 125000), (31250, 62500, 93750));
5;0.648193359375000;93750;9;3.99;((0, 125000), (31250, 62500, 93750));
5;0.648315429687500;93750;5;3.96;((0, 125000), (31250, 62500, 93750));
5;0.648254394531250;93750;9;4.01;((0, 125000), (31250, 62500, 93750));
5;0.648284912109375;93750;8;3.98;((0, 125000), (31250, 62500, 93750));
5;0.648300170898438;93750;7;4.05;((0, 125000), (31250, 62500, 93750));
5;0.648307800292969;93750;7;3.96;((0, 125000), (31250, 62500, 93750));
5;0.648311614990234;93750;4;3.88;((0, 125000), (31250, 62500, 93750));
5;0.648309707641602;93750;6;3.95;((0, 125000), (31250, 62500, 93750));
5;0.648310661315918;93750;5;4.08;((0, 125000), (31250, 62500, 93750));
5;0.500000000000000;15625;11;3.18;((0, 62500), (15625, 31250, 46875));
5;0.750000000000000;15625;11;4.54;((0, 62500), (15625, 31250, 46875));
5;0.875000000000000;15625;11;5.30;((0, 62500), (15625, 31250, 46875));
5;0.937500000000000;15625;0;2.37;((0, 62500), (15625, 31250, 46875));
5;0.906250000000000;15625;9;5.34;((0, 62500), (15625, 31250, 46875));
5;0.921875000000000;15625;0;2.79;((0, 62500), (15625, 31250, 46875));
5;0.914062500000000;15625;1;5.12;((0, 62500), (15625, 31250, 46875));
5;0.910156250000000;15625;2;5.20;((0, 62500), (15625, 31250, 46875));
5;0.908203125000000;15625;10;5.42;((0, 62500), (15625, 31250, 46875));
5;0.909179687500000;15625;5;5.28;((0, 62500), (15625, 31250, 46875));
5;0.908691406250000;15625;9;5.38;((0, 62500), (15625, 31250, 46875));
5;0.908935546875000;15625;7;5.61;((0, 62500), (15625, 31250, 46875));
5;0.909057617187500;15625;7;5.82;((0, 62500), (15625, 31250, 46875));
5;0.909118652343750;15625;6;5.91;((0, 62500), (15625, 31250, 46875));
5;0.909149169921875;15625;7;5.66;((0, 62500), (15625, 31250, 46875));
5;0.909164428710938;15625;8;5.59;((0, 62500), (15625, 31250, 46875));
5;0.909172058105469;15625;7;5.66;((0, 62500), (15625, 31250, 46875));
5;0.909175872802734;15625;7;5.82;((0, 62500), (15625, 31250, 46875));
5;0.909177780151367;15625;4;5.52;((0, 62500), (15625, 31250, 46875));
5;0.909176826477051;15625;6;5.65;((0, 62500), (15625, 31250, 46875));
5;0.500000000000000;46875;11;3.69;((0, 62500), (15625, 31250, 46875));
5;0.750000000000000;46875;11;5.09;((0, 62500), (15625, 31250, 46875));
5;0.875000000000000;46875;0;2.43;((0, 62500), (15625, 31250, 46875));
5;0.812500000000000;46875;0;2.76;((0, 62500), (15625, 31250, 46875));
5;0.781250000000000;46875;11;5.41;((0, 62500), (15625, 31250, 46875));
5;0.796875000000000;46875;11;5.30;((0, 62500), (15625, 31250, 46875));
5;0.804687500000000;46875;0;3.00;((0, 62500), (15625, 31250, 46875));
5;0.800781250000000;46875;9;5.13;((0, 62500), (15625, 31250, 46875));
5;0.802734375000000;46875;0;3.14;((0, 62500), (15625, 31250, 46875));
5;0.801757812500000;46875;5;5.09;((0, 62500), (15625, 31250, 46875));
5;0.801269531250000;46875;4;4.94;((0, 62500), (15625, 31250, 46875));
5;0.801025390625000;46875;5;4.84;((0, 62500), (15625, 31250, 46875));
5;0.800903320312500;46875;5;5.04;((0, 62500), (15625, 31250, 46875));
5;0.800842285156250;46875;9;5.07;((0, 62500), (15625, 31250, 46875));
5;0.800872802734375;46875;7;4.82;((0, 62500), (15625, 31250, 46875));
5;0.800888061523438;46875;7;4.92;((0, 62500), (15625, 31250, 46875));
5;0.800895690917969;46875;7;4.82;((0, 62500), (15625, 31250, 46875));
5;0.800899505615234;46875;3;4.79;((0, 62500), (15625, 31250, 46875));
5;0.800897598266602;46875;7;4.89;((0, 62500), (15625, 31250, 46875));
5;0.800898551940918;46875;7;4.89;((0, 62500), (15625, 31250, 46875));
5;0.500000000000000;7812;11;3.16;((0, 31250), (7812, 15624, 23436));
5;0.750000000000000;7812;11;4.70;((0, 31250), (7812, 15624, 23436));
5;0.875000000000000;7812;11;5.67;((0, 31250), (7812, 15624, 23436));
5;0.937500000000000;7812;0;3.01;((0, 31250), (7812, 15624, 23436));
5;0.906250000000000;7812;11;6.31;((0, 31250), (7812, 15624, 23436));
5;0.921875000000000;7812;2;5.62;((0, 31250), (7812, 15624, 23436));
5;0.914062500000000;7812;11;5.85;((0, 31250), (7812, 15624, 23436));
5;0.917968750000000;7812;8;5.89;((0, 31250), (7812, 15624, 23436));
5;0.919921875000000;7812;7;5.77;((0, 31250), (7812, 15624, 23436));
5;0.920898437500000;7812;4;5.98;((0, 31250), (7812, 15624, 23436));
5;0.920410156250000;7812;7;5.46;((0, 31250), (7812, 15624, 23436));
5;0.920654296875000;7812;5;5.54;((0, 31250), (7812, 15624, 23436));
5;0.920532226562500;7812;6;5.43;((0, 31250), (7812, 15624, 23436));
5;0.920593261718750;7812;4;5.60;((0, 31250), (7812, 15624, 23436));
5;0.920562744140625;7812;7;5.60;((0, 31250), (7812, 15624, 23436));
5;0.920578002929688;7812;5;5.73;((0, 31250), (7812, 15624, 23436));
5;0.920570373535156;7812;3;5.61;((0, 31250), (7812, 15624, 23436));
5;0.920566558837891;7812;5;5.68;((0, 31250), (7812, 15624, 23436));
5;0.920564651489258;7812;8;5.89;((0, 31250), (7812, 15624, 23436));
5;0.920565605163574;7812;4;5.51;((0, 31250), (7812, 15624, 23436));
5;0.500000000000000;15624;11;3.13;((0, 31250), (7812, 15624, 23436));
5;0.750000000000000;15624;11;4.64;((0, 31250), (7812, 15624, 23436));
5;0.875000000000000;15624;11;5.98;((0, 31250), (7812, 15624, 23436));
5;0.937500000000000;15624;0;2.53;((0, 31250), (7812, 15624, 23436));
5;0.906250000000000;15624;3;5.48;((0, 31250), (7812, 15624, 23436));
5;0.890625000000000;15624;11;5.55;((0, 31250), (7812, 15624, 23436));
5;0.898437500000000;15624;11;5.43;((0, 31250), (7812, 15624, 23436));
5;0.902343750000000;15624;8;5.36;((0, 31250), (7812, 15624, 23436));
5;0.904296875000000;15624;3;5.29;((0, 31250), (7812, 15624, 23436));
5;0.903320312500000;15624;7;5.34;((0, 31250), (7812, 15624, 23436));
5;0.903808593750000;15624;7;5.27;((0, 31250), (7812, 15624, 23436));
5;0.904052734375000;15624;7;5.31;((0, 31250), (7812, 15624, 23436));
5;0.904174804687500;15624;3;5.20;((0, 31250), (7812, 15624, 23436));
5;0.904113769531250;15624;3;5.21;((0, 31250), (7812, 15624, 23436));
5;0.904083251953125;15624;6;5.38;((0, 31250), (7812, 15624, 23436));
5;0.904098510742188;15624;7;5.27;((0, 31250), (7812, 15624, 23436));
5;0.904106140136719;15624;5;5.26;((0, 31250), (7812, 15624, 23436));
5;0.904102325439453;15624;6;5.28;((0, 31250), (7812, 15624, 23436));
5;0.904104232788086;15624;8;5.31;((0, 31250), (7812, 15624, 23436));
5;0.904105186462402;15624;6;5.23;((0, 31250), (7812, 15624, 23436));
5;0.500000000000000;23436;11;3.29;((0, 31250), (7812, 15624, 23436));
5;0.750000000000000;23436;11;4.68;((0, 31250), (7812, 15624, 23436));
5;0.875000000000000;23436;11;5.26;((0, 31250), (7812, 15624, 23436));
5;0.937500000000000;23436;0;2.50;((0, 31250), (7812, 15624, 23436));
5;0.906250000000000;23436;0;2.39;((0, 31250), (7812, 15624, 23436));
5;0.890625000000000;23436;0;3.02;((0, 31250), (7812, 15624, 23436));
5;0.882812500000000;23436;10;5.42;((0, 31250), (7812, 15624, 23436));
5;0.886718750000000;23436;1;5.52;((0, 31250), (7812, 15624, 23436));
5;0.884765625000000;23436;4;5.33;((0, 31250), (7812, 15624, 23436));
5;0.883789062500000;23436;6;6.16;((0, 31250), (7812, 15624, 23436));
5;0.884277343750000;23436;7;5.57;((0, 31250), (7812, 15624, 23436));
5;0.884521484375000;23436;6;5.56;((0, 31250), (7812, 15624, 23436));
5;0.884643554687500;23436;7;5.98;((0, 31250), (7812, 15624, 23436));
5;0.884704589843750;23436;6;5.89;((0, 31250), (7812, 15624, 23436));
5;0.884735107421875;23436;6;5.48;((0, 31250), (7812, 15624, 23436));
5;0.884750366210938;23436;9;5.83;((0, 31250), (7812, 15624, 23436));
5;0.884757995605469;23436;4;5.27;((0, 31250), (7812, 15624, 23436));
5;0.884754180908203;23436;7;6.39;((0, 31250), (7812, 15624, 23436));
5;0.884756088256836;23436;3;5.64;((0, 31250), (7812, 15624, 23436));
5;0.884755134582520;23436;5;5.61;((0, 31250), (7812, 15624, 23436));
5;0.500000000000000;3906;11;3.42;((0, 15624), (3906, 7812, 11718));
5;0.750000000000000;3906;11;4.82;((0, 15624), (3906, 7812, 11718));
5;0.875000000000000;3906;11;5.73;((0, 15624), (3906, 7812, 11718));
5;0.937500000000000;3906;0;3.13;((0, 15624), (3906, 7812, 11718));
5;0.906250000000000;3906;11;5.85;((0, 15624), (3906, 7812, 11718));
5;0.921875000000000;3906;7;5.82;((0, 15624), (3906, 7812, 11718));
5;0.929687500000000;3906;0;3.40;((0, 15624), (3906, 7812, 11718));
5;0.925781250000000;3906;1;5.40;((0, 15624), (3906, 7812, 11718));
5;0.923828125000000;3906;3;5.75;((0, 15624), (3906, 7812, 11718));
5;0.922851562500000;3906;2;5.45;((0, 15624), (3906, 7812, 11718));
5;0.922363281250000;3906;6;5.83;((0, 15624), (3906, 7812, 11718));
5;0.922607421875000;3906;4;5.52;((0, 15624), (3906, 7812, 11718));
5;0.922485351562500;3906;4;5.31;((0, 15624), (3906, 7812, 11718));
5;0.922424316406250;3906;8;6.00;((0, 15624), (3906, 7812, 11718));
5;0.922454833984375;3906;5;5.95;((0, 15624), (3906, 7812, 11718));
5;0.922439575195312;3906;2;5.18;((0, 15624), (3906, 7812, 11718));
5;0.922431945800781;3906;6;5.42;((0, 15624), (3906, 7812, 11718));
5;0.922435760498047;3906;5;5.29;((0, 15624), (3906, 7812, 11718));
5;0.922433853149414;3906;6;5.26;((0, 15624), (3906, 7812, 11718));
5;0.922434806823730;3906;4;5.31;((0, 15624), (3906, 7812, 11718));
5;0.500000000000000;11718;11;3.16;((0, 15624), (3906, 7812, 11718));
5;0.750000000000000;11718;11;4.89;((0, 15624), (3906, 7812, 11718));
5;0.875000000000000;11718;11;5.37;((0, 15624), (3906, 7812, 11718));
5;0.937500000000000;11718;0;2.57;((0, 15624), (3906, 7812, 11718));
5;0.906250000000000;11718;11;5.46;((0, 15624), (3906, 7812, 11718));
5;0.921875000000000;11718;1;5.12;((0, 15624), (3906, 7812, 11718));
5;0.914062500000000;11718;10;5.34;((0, 15624), (3906, 7812, 11718));
5;0.917968750000000;11718;9;5.38;((0, 15624), (3906, 7812, 11718));
5;0.919921875000000;11718;3;5.23;((0, 15624), (3906, 7812, 11718));
5;0.918945312500000;11718;7;5.34;((0, 15624), (3906, 7812, 11718));
5;0.919433593750000;11718;8;5.37;((0, 15624), (3906, 7812, 11718));
5;0.919677734375000;11718;7;5.39;((0, 15624), (3906, 7812, 11718));
5;0.919799804687500;11718;8;5.34;((0, 15624), (3906, 7812, 11718));
5;0.919860839843750;11718;6;5.32;((0, 15624), (3906, 7812, 11718));
5;0.919891357421875;11718;4;5.57;((0, 15624), (3906, 7812, 11718));
5;0.919876098632812;11718;5;5.28;((0, 15624), (3906, 7812, 11718));
5;0.919868469238281;11718;6;5.32;((0, 15624), (3906, 7812, 11718));
5;0.919872283935547;11718;4;5.28;((0, 15624), (3906, 7812, 11718));
5;0.919870376586914;11718;2;5.20;((0, 15624), (3906, 7812, 11718));
5;0.919869422912598;11718;2;5.22;((0, 15624), (3906, 7812, 11718));
5;0.500000000000000;1953;11;3.09;((0, 7812), (1953, 3906, 5859));
5;0.750000000000000;1953;11;4.52;((0, 7812), (1953, 3906, 5859));
5;0.875000000000000;1953;11;5.17;((0, 7812), (1953, 3906, 5859));
5;0.937500000000000;1953;0;2.39;((0, 7812), (1953, 3906, 5859));
5;0.906250000000000;1953;0;3.56;((0, 7812), (1953, 3906, 5859));
5;0.890625000000000;1953;10;5.27;((0, 7812), (1953, 3906, 5859));
5;0.898437500000000;1953;6;5.18;((0, 7812), (1953, 3906, 5859));
5;0.902343750000000;1953;2;5.40;((0, 7812), (1953, 3906, 5859));
5;0.900390625000000;1953;7;5.18;((0, 7812), (1953, 3906, 5859));
5;0.901367187500000;1953;6;5.23;((0, 7812), (1953, 3906, 5859));
5;0.901855468750000;1953;8;5.20;((0, 7812), (1953, 3906, 5859));
5;0.902099609375000;1953;3;5.08;((0, 7812), (1953, 3906, 5859));
5;0.901977539062500;1953;3;5.09;((0, 7812), (1953, 3906, 5859));
5;0.901916503906250;1953;4;5.10;((0, 7812), (1953, 3906, 5859));
5;0.901885986328125;1953;7;5.20;((0, 7812), (1953, 3906, 5859));
5;0.901901245117188;1953;7;5.20;((0, 7812), (1953, 3906, 5859));
5;0.901908874511719;1953;3;5.13;((0, 7812), (1953, 3906, 5859));
5;0.901905059814453;1953;1;5.02;((0, 7812), (1953, 3906, 5859));
5;0.901903152465820;1953;3;5.12;((0, 7812), (1953, 3906, 5859));
5;0.901902198791504;1953;3;5.06;((0, 7812), (1953, 3906, 5859));
5;0.500000000000000;5859;11;3.10;((0, 7812), (1953, 3906, 5859));
5;0.750000000000000;5859;11;4.47;((0, 7812), (1953, 3906, 5859));
5;0.875000000000000;5859;11;5.25;((0, 7812), (1953, 3906, 5859));
5;0.937500000000000;5859;0;3.09;((0, 7812), (1953, 3906, 5859));
5;0.906250000000000;5859;11;5.43;((0, 7812), (1953, 3906, 5859));
5;0.921875000000000;5859;9;5.32;((0, 7812), (1953, 3906, 5859));
5;0.929687500000000;5859;2;5.17;((0, 7812), (1953, 3906, 5859));
5;0.925781250000000;5859;4;5.32;((0, 7812), (1953, 3906, 5859));
5;0.923828125000000;5859;9;5.38;((0, 7812), (1953, 3906, 5859));
5;0.924804687500000;5859;7;5.34;((0, 7812), (1953, 3906, 5859));
5;0.925292968750000;5859;7;5.34;((0, 7812), (1953, 3906, 5859));
5;0.925537109375000;5859;4;5.25;((0, 7812), (1953, 3906, 5859));
5;0.925415039062500;5859;8;5.43;((0, 7812), (1953, 3906, 5859));
5;0.925476074218750;5859;7;5.31;((0, 7812), (1953, 3906, 5859));
5;0.925506591796875;5859;6;5.30;((0, 7812), (1953, 3906, 5859));
5;0.925521850585938;5859;8;5.35;((0, 7812), (1953, 3906, 5859));
5;0.925529479980469;5859;9;5.41;((0, 7812), (1953, 3906, 5859));
5;0.925533294677734;5859;7;5.33;((0, 7812), (1953, 3906, 5859));
5;0.925535202026367;5859;8;5.36;((0, 7812), (1953, 3906, 5859));
5;0.925536155700684;5859;6;5.29;((0, 7812), (1953, 3906, 5859));
5;0.500000000000000;4882;11;3.10;((3906, 7812), (4882, 5858, 6834));
5;0.750000000000000;4882;11;4.66;((3906, 7812), (4882, 5858, 6834));
5;0.875000000000000;4882;11;5.17;((3906, 7812), (4882, 5858, 6834));
5;0.937500000000000;4882;0;2.56;((3906, 7812), (4882, 5858, 6834));
5;0.906250000000000;4882;11;5.37;((3906, 7812), (4882, 5858, 6834));
5;0.921875000000000;4882;2;5.29;((3906, 7812), (4882, 5858, 6834));
5;0.914062500000000;4882;8;5.30;((3906, 7812), (4882, 5858, 6834));
5;0.917968750000000;4882;5;5.26;((3906, 7812), (4882, 5858, 6834));
5;0.916015625000000;4882;9;5.35;((3906, 7812), (4882, 5858, 6834));
5;0.916992187500000;4882;7;5.29;((3906, 7812), (4882, 5858, 6834));
5;0.917480468750000;4882;6;5.26;((3906, 7812), (4882, 5858, 6834));
5;0.917724609375000;4882;4;5.22;((3906, 7812), (4882, 5858, 6834));
5;0.917602539062500;4882;5;5.23;((3906, 7812), (4882, 5858, 6834));
5;0.917541503906250;4882;4;5.20;((3906, 7812), (4882, 5858, 6834));
5;0.917510986328125;4882;5;5.31;((3906, 7812), (4882, 5858, 6834));
5;0.917495727539062;4882;5;5.26;((3906, 7812), (4882, 5858, 6834));
5;0.917488098144531;4882;5;5.22;((3906, 7812), (4882, 5858, 6834));
5;0.917484283447266;4882;6;5.24;((3906, 7812), (4882, 5858, 6834));
5;0.917486190795898;4882;8;5.82;((3906, 7812), (4882, 5858, 6834));
5;0.917487144470215;4882;5;5.24;((3906, 7812), (4882, 5858, 6834));
5;0.500000000000000;5858;11;3.08;((3906, 7812), (4882, 5858, 6834));
5;0.750000000000000;5858;11;4.51;((3906, 7812), (4882, 5858, 6834));
5;0.875000000000000;5858;11;5.17;((3906, 7812), (4882, 5858, 6834));
5;0.937500000000000;5858;0;3.30;((3906, 7812), (4882, 5858, 6834));
5;0.906250000000000;5858;11;5.45;((3906, 7812), (4882, 5858, 6834));
5;0.921875000000000;5858;9;5.39;((3906, 7812), (4882, 5858, 6834));
5;0.929687500000000;5858;4;5.28;((3906, 7812), (4882, 5858, 6834));
5;0.925781250000000;5858;6;5.30;((3906, 7812), (4882, 5858, 6834));
5;0.927734375000000;5858;2;5.19;((3906, 7812), (4882, 5858, 6834));
5;0.926757812500000;5858;3;5.20;((3906, 7812), (4882, 5858, 6834));
5;0.926269531250000;5858;6;5.32;((3906, 7812), (4882, 5858, 6834));
5;0.926513671875000;5858;4;5.29;((3906, 7812), (4882, 5858, 6834));
5;0.926391601562500;5858;7;5.36;((3906, 7812), (4882, 5858, 6834));
5;0.926452636718750;5858;3;5.23;((3906, 7812), (4882, 5858, 6834));
5;0.926422119140625;5858;7;5.37;((3906, 7812), (4882, 5858, 6834));
5;0.926437377929688;5858;2;5.17;((3906, 7812), (4882, 5858, 6834));
5;0.926429748535156;5858;7;5.35;((3906, 7812), (4882, 5858, 6834));
5;0.926433563232422;5858;5;5.29;((3906, 7812), (4882, 5858, 6834));
5;0.926431655883789;5858;5;5.31;((3906, 7812), (4882, 5858, 6834));
5;0.926430702209473;5858;6;5.34;((3906, 7812), (4882, 5858, 6834));
5;0.500000000000000;6834;11;3.10;((3906, 7812), (4882, 5858, 6834));
5;0.750000000000000;6834;11;4.51;((3906, 7812), (4882, 5858, 6834));
5;0.875000000000000;6834;11;5.17;((3906, 7812), (4882, 5858, 6834));
5;0.937500000000000;6834;0;2.78;((3906, 7812), (4882, 5858, 6834));
5;0.906250000000000;6834;11;5.69;((3906, 7812), (4882, 5858, 6834));
5;0.921875000000000;6834;3;5.21;((3906, 7812), (4882, 5858, 6834));
5;0.914062500000000;6834;11;5.42;((3906, 7812), (4882, 5858, 6834));
5;0.917968750000000;6834;7;5.31;((3906, 7812), (4882, 5858, 6834));
5;0.919921875000000;6834;6;5.28;((3906, 7812), (4882, 5858, 6834));
5;0.920898437500000;6834;6;5.32;((3906, 7812), (4882, 5858, 6834));
5;0.921386718750000;6834;5;5.24;((3906, 7812), (4882, 5858, 6834));
5;0.921142578125000;6834;5;5.28;((3906, 7812), (4882, 5858, 6834));
5;0.921020507812500;6834;4;5.27;((3906, 7812), (4882, 5858, 6834));
5;0.920959472656250;6834;6;5.29;((3906, 7812), (4882, 5858, 6834));
5;0.920989990234375;6834;6;5.29;((3906, 7812), (4882, 5858, 6834));
5;0.921005249023438;6834;5;5.30;((3906, 7812), (4882, 5858, 6834));
5;0.920997619628906;6834;3;5.22;((3906, 7812), (4882, 5858, 6834));
5;0.920993804931641;6834;3;5.22;((3906, 7812), (4882, 5858, 6834));
5;0.920991897583008;6834;3;5.19;((3906, 7812), (4882, 5858, 6834));
5;0.920990943908691;6834;4;5.24;((3906, 7812), (4882, 5858, 6834));
5;0.500000000000000;5370;11;3.15;((4882, 6834), (5370, 5858, 6346));
5;0.750000000000000;5370;11;4.49;((4882, 6834), (5370, 5858, 6346));
5;0.875000000000000;5370;11;5.16;((4882, 6834), (5370, 5858, 6346));
5;0.937500000000000;5370;0;2.54;((4882, 6834), (5370, 5858, 6346));
5;0.906250000000000;5370;11;5.34;((4882, 6834), (5370, 5858, 6346));
5;0.921875000000000;5370;5;5.26;((4882, 6834), (5370, 5858, 6346));
5;0.914062500000000;5370;6;5.24;((4882, 6834), (5370, 5858, 6346));
5;0.917968750000000;5370;6;5.24;((4882, 6834), (5370, 5858, 6346));
5;0.919921875000000;5370;4;5.25;((4882, 6834), (5370, 5858, 6346));
5;0.918945312500000;5370;8;5.28;((4882, 6834), (5370, 5858, 6346));
5;0.919433593750000;5370;3;5.18;((4882, 6834), (5370, 5858, 6346));
5;0.919189453125000;5370;8;5.30;((4882, 6834), (5370, 5858, 6346));
5;0.919311523437500;5370;6;5.26;((4882, 6834), (5370, 5858, 6346));
5;0.919372558593750;5370;6;5.31;((4882, 6834), (5370, 5858, 6346));
5;0.919403076171875;5370;4;5.20;((4882, 6834), (5370, 5858, 6346));
5;0.919387817382812;5370;6;5.28;((4882, 6834), (5370, 5858, 6346));
5;0.919395446777344;5370;4;5.21;((4882, 6834), (5370, 5858, 6346));
5;0.919391632080078;5370;4;5.25;((4882, 6834), (5370, 5858, 6346));
5;0.919389724731445;5370;5;5.27;((4882, 6834), (5370, 5858, 6346));
5;0.919388771057129;5370;5;5.22;((4882, 6834), (5370, 5858, 6346));
5;0.500000000000000;6346;11;3.11;((4882, 6834), (5370, 5858, 6346));
5;0.750000000000000;6346;11;4.54;((4882, 6834), (5370, 5858, 6346));
5;0.875000000000000;6346;11;5.20;((4882, 6834), (5370, 5858, 6346));
5;0.937500000000000;6346;0;2.92;((4882, 6834), (5370, 5858, 6346));
5;0.906250000000000;6346;11;5.37;((4882, 6834), (5370, 5858, 6346));
5;0.921875000000000;6346;11;5.47;((4882, 6834), (5370, 5858, 6346));
5;0.929687500000000;6346;5;5.35;((4882, 6834), (5370, 5858, 6346));
5;0.925781250000000;6346;8;5.35;((4882, 6834), (5370, 5858, 6346));
5;0.927734375000000;6346;4;5.28;((4882, 6834), (5370, 5858, 6346));
5;0.926757812500000;6346;9;5.38;((4882, 6834), (5370, 5858, 6346));
5;0.927246093750000;6346;8;5.40;((4882, 6834), (5370, 5858, 6346));
5;0.927490234375000;6346;4;5.26;((4882, 6834), (5370, 5858, 6346));
5;0.927368164062500;6346;6;5.29;((4882, 6834), (5370, 5858, 6346));
5;0.927429199218750;6346;6;5.32;((4882, 6834), (5370, 5858, 6346));
5;0.927459716796875;6346;5;5.28;((4882, 6834), (5370, 5858, 6346));
5;0.927444458007812;6346;5;5.32;((4882, 6834), (5370, 5858, 6346));
5;0.927436828613281;6346;5;5.29;((4882, 6834), (5370, 5858, 6346));
5;0.927433013916016;6346;5;5.29;((4882, 6834), (5370, 5858, 6346));
5;0.927431106567383;6346;6;5.27;((4882, 6834), (5370, 5858, 6346));
5;0.927432060241699;6346;5;5.32;((4882, 6834), (5370, 5858, 6346));
5;0.500000000000000;6102;11;3.22;((5858, 6834), (6102, 6346, 6590));
5;0.750000000000000;6102;11;4.55;((5858, 6834), (6102, 6346, 6590));
5;0.875000000000000;6102;11;5.22;((5858, 6834), (6102, 6346, 6590));
5;0.937500000000000;6102;0;2.55;((5858, 6834), (6102, 6346, 6590));
5;0.906250000000000;6102;11;5.39;((5858, 6834), (6102, 6346, 6590));
5;0.921875000000000;6102;1;5.13;((5858, 6834), (6102, 6346, 6590));
5;0.914062500000000;6102;11;5.36;((5858, 6834), (6102, 6346, 6590));
5;0.917968750000000;6102;7;5.26;((5858, 6834), (6102, 6346, 6590));
5;0.919921875000000;6102;2;5.15;((5858, 6834), (6102, 6346, 6590));
5;0.918945312500000;6102;8;5.33;((5858, 6834), (6102, 6346, 6590));
5;0.919433593750000;6102;8;5.34;((5858, 6834), (6102, 6346, 6590));
5;0.919677734375000;6102;7;5.29;((5858, 6834), (6102, 6346, 6590));
5;0.919799804687500;6102;7;5.33;((5858, 6834), (6102, 6346, 6590));
5;0.919860839843750;6102;5;5.25;((5858, 6834), (6102, 6346, 6590));
5;0.919830322265625;6102;6;5.38;((5858, 6834), (6102, 6346, 6590));
5;0.919845581054688;6102;7;5.28;((5858, 6834), (6102, 6346, 6590));
5;0.919853210449219;6102;4;5.27;((5858, 6834), (6102, 6346, 6590));
5;0.919849395751953;6102;7;5.28;((5858, 6834), (6102, 6346, 6590));
5;0.919851303100586;6102;3;5.20;((5858, 6834), (6102, 6346, 6590));
5;0.919850349426270;6102;4;5.26;((5858, 6834), (6102, 6346, 6590));
5;0.500000000000000;6590;11;3.09;((5858, 6834), (6102, 6346, 6590));
5;0.750000000000000;6590;11;4.73;((5858, 6834), (6102, 6346, 6590));
5;0.875000000000000;6590;11;5.19;((5858, 6834), (6102, 6346, 6590));
5;0.937500000000000;6590;0;2.54;((5858, 6834), (6102, 6346, 6590));
5;0.906250000000000;6590;11;5.35;((5858, 6834), (6102, 6346, 6590));
5;0.921875000000000;6590;2;5.56;((5858, 6834), (6102, 6346, 6590));
5;0.914062500000000;6590;10;5.29;((5858, 6834), (6102, 6346, 6590));
5;0.917968750000000;6590;6;5.40;((5858, 6834), (6102, 6346, 6590));
5;0.919921875000000;6590;6;5.27;((5858, 6834), (6102, 6346, 6590));
5;0.920898437500000;6590;3;5.18;((5858, 6834), (6102, 6346, 6590));
5;0.920410156250000;6590;5;5.28;((5858, 6834), (6102, 6346, 6590));
5;0.920166015625000;6590;7;5.37;((5858, 6834), (6102, 6346, 6590));
5;0.920288085937500;6590;4;5.27;((5858, 6834), (6102, 6346, 6590));
5;0.920227050781250;6590;8;5.38;((5858, 6834), (6102, 6346, 6590));
5;0.920257568359375;6590;7;5.26;((5858, 6834), (6102, 6346, 6590));
5;0.920272827148438;6590;5;5.28;((5858, 6834), (6102, 6346, 6590));
5;0.920265197753906;6590;3;5.26;((5858, 6834), (6102, 6346, 6590));
5;0.920261383056641;6590;6;5.28;((5858, 6834), (6102, 6346, 6590));
5;0.920263290405273;6590;6;5.32;((5858, 6834), (6102, 6346, 6590));
5;0.920264244079590;6590;6;5.38;((5858, 6834), (6102, 6346, 6590));
5;0.500000000000000;6224;11;3.12;((6102, 6590), (6224, 6346, 6468));
5;0.750000000000000;6224;11;4.52;((6102, 6590), (6224, 6346, 6468));
5;0.875000000000000;6224;11;5.25;((6102, 6590), (6224, 6346, 6468));
5;0.937500000000000;6224;0;2.57;((6102, 6590), (6224, 6346, 6468));
5;0.906250000000000;6224;11;5.42;((6102, 6590), (6224, 6346, 6468));
5;0.921875000000000;6224;2;5.19;((6102, 6590), (6224, 6346, 6468));
5;0.914062500000000;6224;9;5.37;((6102, 6590), (6224, 6346, 6468));
5;0.917968750000000;6224;6;5.29;((6102, 6590), (6224, 6346, 6468));
5;0.919921875000000;6224;6;5.24;((6102, 6590), (6224, 6346, 6468));
5;0.920898437500000;6224;3;5.23;((6102, 6590), (6224, 6346, 6468));
5;0.920410156250000;6224;7;5.29;((6102, 6590), (6224, 6346, 6468));
5;0.920654296875000;6224;7;5.32;((6102, 6590), (6224, 6346, 6468));
5;0.920776367187500;6224;3;5.18;((6102, 6590), (6224, 6346, 6468));
5;0.920715332031250;6224;6;5.32;((6102, 6590), (6224, 6346, 6468));
5;0.920745849609375;6224;7;5.28;((6102, 6590), (6224, 6346, 6468));
5;0.920761108398438;6224;4;5.26;((6102, 6590), (6224, 6346, 6468));
5;0.920753479003906;6224;6;5.30;((6102, 6590), (6224, 6346, 6468));
5;0.920757293701172;6224;6;5.37;((6102, 6590), (6224, 6346, 6468));
5;0.920759201049805;6224;3;5.17;((6102, 6590), (6224, 6346, 6468));
5;0.920758247375488;6224;3;5.42;((6102, 6590), (6224, 6346, 6468));
5;0.500000000000000;6468;11;3.16;((6102, 6590), (6224, 6346, 6468));
5;0.750000000000000;6468;11;4.49;((6102, 6590), (6224, 6346, 6468));
5;0.875000000000000;6468;11;5.24;((6102, 6590), (6224, 6346, 6468));
5;0.937500000000000;6468;0;3.25;((6102, 6590), (6224, 6346, 6468));
5;0.906250000000000;6468;11;5.35;((6102, 6590), (6224, 6346, 6468));
5;0.921875000000000;6468;8;5.32;((6102, 6590), (6224, 6346, 6468));
5;0.929687500000000;6468;1;5.15;((6102, 6590), (6224, 6346, 6468));
5;0.925781250000000;6468;4;5.39;((6102, 6590), (6224, 6346, 6468));
5;0.923828125000000;6468;10;5.43;((6102, 6590), (6224, 6346, 6468));
5;0.924804687500000;6468;8;5.35;((6102, 6590), (6224, 6346, 6468));
5;0.925292968750000;6468;7;5.32;((6102, 6590), (6224, 6346, 6468));
5;0.925537109375000;6468;7;5.32;((6102, 6590), (6224, 6346, 6468));
5;0.925659179687500;6468;7;5.31;((6102, 6590), (6224, 6346, 6468));
5;0.925720214843750;6468;6;5.37;((6102, 6590), (6224, 6346, 6468));
5;0.925750732421875;6468;6;5.31;((6102, 6590), (6224, 6346, 6468));
5;0.925765991210938;6468;7;5.33;((6102, 6590), (6224, 6346, 6468));
5;0.925773620605469;6468;9;5.40;((6102, 6590), (6224, 6346, 6468));
5;0.925777435302734;6468;7;5.36;((6102, 6590), (6224, 6346, 6468));
5;0.925779342651367;6468;4;5.28;((6102, 6590), (6224, 6346, 6468));
5;0.925778388977051;6468;5;5.26;((6102, 6590), (6224, 6346, 6468));
5;0.500000000000000;6285;11;3.09;((6224, 6468), (6285, 6346, 6407));
5;0.750000000000000;6285;11;4.47;((6224, 6468), (6285, 6346, 6407));
5;0.875000000000000;6285;11;5.56;((6224, 6468), (6285, 6346, 6407));
5;0.937500000000000;6285;0;3.19;((6224, 6468), (6285, 6346, 6407));
5;0.906250000000000;6285;11;5.38;((6224, 6468), (6285, 6346, 6407));
5;0.921875000000000;6285;10;5.38;((6224, 6468), (6285, 6346, 6407));
5;0.929687500000000;6285;2;5.33;((6224, 6468), (6285, 6346, 6407));
5;0.925781250000000;6285;10;5.43;((6224, 6468), (6285, 6346, 6407));
5;0.927734375000000;6285;2;5.25;((6224, 6468), (6285, 6346, 6407));
5;0.926757812500000;6285;5;5.38;((6224, 6468), (6285, 6346, 6407));
5;0.926269531250000;6285;7;5.32;((6224, 6468), (6285, 6346, 6407));
5;0.926513671875000;6285;7;5.36;((6224, 6468), (6285, 6346, 6407));
5;0.926635742187500;6285;5;5.30;((6224, 6468), (6285, 6346, 6407));
5;0.926574707031250;6285;5;5.39;((6224, 6468), (6285, 6346, 6407));
5;0.926544189453125;6285;6;5.31;((6224, 6468), (6285, 6346, 6407));
5;0.926559448242188;6285;5;6.23;((6224, 6468), (6285, 6346, 6407));
5;0.926551818847656;6285;3;5.27;((6224, 6468), (6285, 6346, 6407));
5;0.926548004150391;6285;4;5.34;((6224, 6468), (6285, 6346, 6407));
5;0.926546096801758;6285;7;5.33;((6224, 6468), (6285, 6346, 6407));
5;0.926547050476074;6285;5;5.34;((6224, 6468), (6285, 6346, 6407));
5;0.500000000000000;6407;11;3.11;((6224, 6468), (6285, 6346, 6407));
5;0.750000000000000;6407;11;4.52;((6224, 6468), (6285, 6346, 6407));
5;0.875000000000000;6407;11;5.26;((6224, 6468), (6285, 6346, 6407));
5;0.937500000000000;6407;0;3.12;((6224, 6468), (6285, 6346, 6407));
5;0.906250000000000;6407;11;5.40;((6224, 6468), (6285, 6346, 6407));
5;0.921875000000000;6407;10;5.36;((6224, 6468), (6285, 6346, 6407));
5;0.929687500000000;6407;2;5.20;((6224, 6468), (6285, 6346, 6407));
5;0.925781250000000;6407;7;5.40;((6224, 6468), (6285, 6346, 6407));
5;0.927734375000000;6407;4;5.28;((6224, 6468), (6285, 6346, 6407));
5;0.926757812500000;6407;7;5.35;((6224, 6468), (6285, 6346, 6407));
5;0.927246093750000;6407;4;5.28;((6224, 6468), (6285, 6346, 6407));
5;0.927001953125000;6407;8;5.34;((6224, 6468), (6285, 6346, 6407));
5;0.927124023437500;6407;4;5.28;((6224, 6468), (6285, 6346, 6407));
5;0.927062988281250;6407;2;5.16;((6224, 6468), (6285, 6346, 6407));
5;0.927032470703125;6407;4;5.24;((6224, 6468), (6285, 6346, 6407));
5;0.927017211914062;6407;6;5.58;((6224, 6468), (6285, 6346, 6407));
5;0.927024841308594;6407;6;5.48;((6224, 6468), (6285, 6346, 6407));
5;0.927028656005859;6407;4;5.31;((6224, 6468), (6285, 6346, 6407));
5;0.927026748657227;6407;7;5.50;((6224, 6468), (6285, 6346, 6407));
5;0.927027702331543;6407;4;5.26;((6224, 6468), (6285, 6346, 6407));
5;0.500000000000000;6315;11;3.15;((6285, 6407), (6315, 6345, 6375));
5;0.750000000000000;6315;11;4.49;((6285, 6407), (6315, 6345, 6375));
5;0.875000000000000;6315;11;5.16;((6285, 6407), (6315, 6345, 6375));
5;0.937500000000000;6315;0;2.88;((6285, 6407), (6315, 6345, 6375));
5;0.906250000000000;6315;11;5.40;((6285, 6407), (6315, 6345, 6375));
5;0.921875000000000;6315;9;5.36;((6285, 6407), (6315, 6345, 6375));
5;0.929687500000000;6315;1;5.18;((6285, 6407), (6315, 6345, 6375));
5;0.925781250000000;6315;6;5.35;((6285, 6407), (6315, 6345, 6375));
5;0.927734375000000;6315;5;5.31;((6285, 6407), (6315, 6345, 6375));
5;0.926757812500000;6315;6;5.31;((6285, 6407), (6315, 6345, 6375));
5;0.927246093750000;6315;1;5.13;((6285, 6407), (6315, 6345, 6375));
5;0.927001953125000;6315;6;5.29;((6285, 6407), (6315, 6345, 6375));
5;0.927124023437500;6315;5;5.28;((6285, 6407), (6315, 6345, 6375));
5;0.927062988281250;6315;5;5.29;((6285, 6407), (6315, 6345, 6375));
5;0.927032470703125;6315;6;5.29;((6285, 6407), (6315, 6345, 6375));
5;0.927047729492188;6315;7;5.41;((6285, 6407), (6315, 6345, 6375));
5;0.927055358886719;6315;4;5.29;((6285, 6407), (6315, 6345, 6375));
5;0.927051544189453;6315;4;5.27;((6285, 6407), (6315, 6345, 6375));
5;0.927049636840820;6315;5;5.31;((6285, 6407), (6315, 6345, 6375));
5;0.927048683166504;6315;6;5.29;((6285, 6407), (6315, 6345, 6375));
5;0.500000000000000;6345;11;3.23;((6285, 6407), (6315, 6345, 6375));
5;0.750000000000000;6345;11;4.48;((6285, 6407), (6315, 6345, 6375));
5;0.875000000000000;6345;11;5.21;((6285, 6407), (6315, 6345, 6375));
5;0.937500000000000;6345;0;3.22;((6285, 6407), (6315, 6345, 6375));
5;0.906250000000000;6345;11;5.36;((6285, 6407), (6315, 6345, 6375));
5;0.921875000000000;6345;8;5.31;((6285, 6407), (6315, 6345, 6375));
5;0.929687500000000;6345;3;5.22;((6285, 6407), (6315, 6345, 6375));
5;0.925781250000000;6345;7;5.33;((6285, 6407), (6315, 6345, 6375));
5;0.927734375000000;6345;5;5.31;((6285, 6407), (6315, 6345, 6375));
5;0.926757812500000;6345;5;5.28;((6285, 6407), (6315, 6345, 6375));
5;0.926269531250000;6345;5;5.25;((6285, 6407), (6315, 6345, 6375));
5;0.926025390625000;6345;5;5.27;((6285, 6407), (6315, 6345, 6375));
5;0.925903320312500;6345;8;5.29;((6285, 6407), (6315, 6345, 6375));
5;0.925964355468750;6345;6;5.31;((6285, 6407), (6315, 6345, 6375));
5;0.925994873046875;6345;7;5.35;((6285, 6407), (6315, 6345, 6375));
5;0.926010131835938;6345;5;5.35;((6285, 6407), (6315, 6345, 6375));
5;0.926002502441406;6345;7;5.31;((6285, 6407), (6315, 6345, 6375));
5;0.926006317138672;6345;10;5.45;((6285, 6407), (6315, 6345, 6375));
5;0.926008224487305;6345;7;5.40;((6285, 6407), (6315, 6345, 6375));
5;0.926009178161621;6345;5;5.30;((6285, 6407), (6315, 6345, 6375));
5;0.500000000000000;6375;11;3.15;((6285, 6407), (6315, 6345, 6375));
5;0.750000000000000;6375;11;4.54;((6285, 6407), (6315, 6345, 6375));
5;0.875000000000000;6375;11;5.17;((6285, 6407), (6315, 6345, 6375));
5;0.937500000000000;6375;0;3.20;((6285, 6407), (6315, 6345, 6375));
5;0.906250000000000;6375;11;5.39;((6285, 6407), (6315, 6345, 6375));
5;0.921875000000000;6375;11;5.45;((6285, 6407), (6315, 6345, 6375));
5;0.929687500000000;6375;2;5.19;((6285, 6407), (6315, 6345, 6375));
5;0.925781250000000;6375;6;5.34;((6285, 6407), (6315, 6345, 6375));
5;0.927734375000000;6375;5;5.25;((6285, 6407), (6315, 6345, 6375));
5;0.926757812500000;6375;5;5.29;((6285, 6407), (6315, 6345, 6375));
5;0.926269531250000;6375;9;5.42;((6285, 6407), (6315, 6345, 6375));
5;0.926513671875000;6375;3;5.22;((6285, 6407), (6315, 6345, 6375));
5;0.926391601562500;6375;7;5.32;((6285, 6407), (6315, 6345, 6375));
5;0.926452636718750;6375;3;5.25;((6285, 6407), (6315, 6345, 6375));
5;0.926422119140625;6375;8;5.33;((6285, 6407), (6315, 6345, 6375));
5;0.926437377929688;6375;4;5.32;((6285, 6407), (6315, 6345, 6375));
5;0.926429748535156;6375;9;5.41;((6285, 6407), (6315, 6345, 6375));
5;0.926433563232422;6375;5;5.30;((6285, 6407), (6315, 6345, 6375));
5;0.926431655883789;6375;5;5.28;((6285, 6407), (6315, 6345, 6375));
5;0.926430702209473;6375;3;5.20;((6285, 6407), (6315, 6345, 6375));
5;0.500000000000000;6300;11;3.12;((6285, 6345), (6300, 6315, 6330));
5;0.750000000000000;6300;11;4.50;((6285, 6345), (6300, 6315, 6330));
5;0.875000000000000;6300;11;5.20;((6285, 6345), (6300, 6315, 6330));
5;0.937500000000000;6300;0;2.57;((6285, 6345), (6300, 6315, 6330));
5;0.906250000000000;6300;11;5.41;((6285, 6345), (6300, 6315, 6330));
5;0.921875000000000;6300;2;5.21;((6285, 6345), (6300, 6315, 6330));
5;0.914062500000000;6300;9;5.42;((6285, 6345), (6300, 6315, 6330));
5;0.917968750000000;6300;9;5.69;((6285, 6345), (6300, 6315, 6330));
5;0.919921875000000;6300;5;5.27;((6285, 6345), (6300, 6315, 6330));
5;0.918945312500000;6300;9;5.34;((6285, 6345), (6300, 6315, 6330));
5;0.919433593750000;6300;4;5.24;((6285, 6345), (6300, 6315, 6330));
5;0.919189453125000;6300;4;5.46;((6285, 6345), (6300, 6315, 6330));
5;0.919067382812500;6300;5;5.25;((6285, 6345), (6300, 6315, 6330));
5;0.919006347656250;6300;7;5.30;((6285, 6345), (6300, 6315, 6330));
5;0.919036865234375;6300;6;5.27;((6285, 6345), (6300, 6315, 6330));
5;0.919052124023438;6300;6;5.32;((6285, 6345), (6300, 6315, 6330));
5;0.919059753417969;6300;6;5.27;((6285, 6345), (6300, 6315, 6330));
5;0.919063568115234;6300;5;5.24;((6285, 6345), (6300, 6315, 6330));
5;0.919061660766602;6300;6;5.25;((6285, 6345), (6300, 6315, 6330));
5;0.919062614440918;6300;3;5.24;((6285, 6345), (6300, 6315, 6330));
5;0.500000000000000;6330;11;3.07;((6285, 6345), (6300, 6315, 6330));
5;0.750000000000000;6330;11;4.47;((6285, 6345), (6300, 6315, 6330));
5;0.875000000000000;6330;11;5.20;((6285, 6345), (6300, 6315, 6330));
5;0.937500000000000;6330;0;2.70;((6285, 6345), (6300, 6315, 6330));
5;0.906250000000000;6330;11;5.31;((6285, 6345), (6300, 6315, 6330));
5;0.921875000000000;6330;3;5.22;((6285, 6345), (6300, 6315, 6330));
5;0.914062500000000;6330;11;5.45;((6285, 6345), (6300, 6315, 6330));
5;0.917968750000000;6330;9;5.35;((6285, 6345), (6300, 6315, 6330));
5;0.919921875000000;6330;5;5.55;((6285, 6345), (6300, 6315, 6330));
5;0.918945312500000;6330;8;5.40;((6285, 6345), (6300, 6315, 6330));
5;0.919433593750000;6330;6;6.63;((6285, 6345), (6300, 6315, 6330));
5;0.919677734375000;6330;5;5.23;((6285, 6345), (6300, 6315, 6330));
5;0.919555664062500;6330;7;5.43;((6285, 6345), (6300, 6315, 6330));
5;0.919616699218750;6330;6;5.27;((6285, 6345), (6300, 6315, 6330));
5;0.919647216796875;6330;6;5.32;((6285, 6345), (6300, 6315, 6330));
5;0.919662475585938;6330;10;5.36;((6285, 6345), (6300, 6315, 6330));
5;0.919670104980469;6330;7;5.30;((6285, 6345), (6300, 6315, 6330));
5;0.919673919677734;6330;7;5.34;((6285, 6345), (6300, 6315, 6330));
5;0.919675827026367;6330;6;5.29;((6285, 6345), (6300, 6315, 6330));
5;0.919676780700684;6330;3;5.26;((6285, 6345), (6300, 6315, 6330));
