5;0.500000000000000;250000;11;13.64;((0, 1000000), (250000, 500000, 750000));
5;0.750000000000000;250000;0;9.95;((0, 1000000), (250000, 500000, 750000));
5;0.625000000000000;250000;11;16.89;((0, 1000000), (250000, 500000, 750000));
5;0.687500000000000;250000;11;18.17;((0, 1000000), (250000, 500000, 750000));
5;0.718750000000000;250000;11;19.04;((0, 1000000), (250000, 500000, 750000));
5;0.734375000000000;250000;11;19.39;((0, 1000000), (250000, 500000, 750000));
5;0.742187500000000;250000;1;18.21;((0, 1000000), (250000, 500000, 750000));
5;0.738281250000000;250000;11;19.78;((0, 1000000), (250000, 500000, 750000));
5;0.740234375000000;250000;10;19.07;((0, 1000000), (250000, 500000, 750000));
5;0.741210937500000;250000;3;18.31;((0, 1000000), (250000, 500000, 750000));
5;0.740722656250000;250000;8;18.72;((0, 1000000), (250000, 500000, 750000));
5;0.740966796875000;250000;7;19.71;((0, 1000000), (250000, 500000, 750000));
5;0.741088867187500;250000;3;18.62;((0, 1000000), (250000, 500000, 750000));
5;0.741027832031250;250000;6;18.80;((0, 1000000), (250000, 500000, 750000));
5;0.741058349609375;250000;6;18.63;((0, 1000000), (250000, 500000, 750000));
5;0.741073608398438;250000;9;19.04;((0, 1000000), (250000, 500000, 750000));
5;0.741081237792969;250000;5;19.03;((0, 1000000), (250000, 500000, 750000));
5;0.741077423095703;250000;6;18.62;((0, 1000000), (250000, 500000, 750000));
5;0.741079330444336;250000;4;18.95;((0, 1000000), (250000, 500000, 750000));
5;0.741078376770020;250000;6;18.38;((0, 1000000), (250000, 500000, 750000));
5;0.500000000000000;500000;11;13.64;((0, 1000000), (250000, 500000, 750000));
5;0.750000000000000;500000;0;9.11;((0, 1000000), (250000, 500000, 750000));
5;0.625000000000000;500000;0;8.80;((0, 1000000), (250000, 500000, 750000));
5;0.562500000000000;500000;11;16.06;((0, 1000000), (250000, 500000, 750000));
5;0.593750000000000;500000;11;16.25;((0, 1000000), (250000, 500000, 750000));
5;0.609375000000000;500000;11;16.22;((0, 1000000), (250000, 500000, 750000));
5;0.617187500000000;500000;0;9.07;((0, 1000000), (250000, 500000, 750000));
5;0.613281250000000;500000;11;16.62;((0, 1000000), (250000, 500000, 750000));
5;0.615234375000000;500000;9;16.01;((0, 1000000), (250000, 500000, 750000));
5;0.616210937500000;500000;2;15.90;((0, 1000000), (250000, 500000, 750000));
5;0.615722656250000;500000;9;15.83;((0, 1000000), (250000, 500000, 750000));
5;0.615966796875000;500000;6;15.73;((0, 1000000), (250000, 500000, 750000));
5;0.616088867187500;500000;6;16.01;((0, 1000000), (250000, 500000, 750000));
5;0.616149902343750;500000;5;15.68;((0, 1000000), (250000, 500000, 750000));
5;0.616119384765625;500000;6;15.85;((0, 1000000), (250000, 500000, 750000));
5;0.616134643554688;500000;7;15.79;((0, 1000000), (250000, 500000, 750000));
5;0.616142272949219;500000;4;15.80;((0, 1000000), (250000, 500000, 750000));
5;0.616138458251953;500000;5;15.80;((0, 1000000), (250000, 500000, 750000));
5;0.616136550903320;500000;6;15.70;((0, 1000000), (250000, 500000, 750000));
5;0.616137504577637;500000;3;15.45;((0, 1000000), (250000, 500000, 750000));
5;0.500000000000000;750000;11;13.74;((0, 1000000), (250000, 500000, 750000));
5;0.750000000000000;750000;0;8.48;((0, 1000000), (250000, 500000, 750000));
5;0.625000000000000;750000;0;8.39;((0, 1000000), (250000, 500000, 750000));
5;0.562500000000000;750000;11;15.44;((0, 1000000), (250000, 500000, 750000));
5;0.593750000000000;750000;11;15.90;((0, 1000000), (250000, 500000, 750000));
5;0.609375000000000;750000;0;8.81;((0, 1000000), (250000, 500000, 750000));
5;0.601562500000000;750000;11;16.86;((0, 1000000), (250000, 500000, 750000));
5;0.605468750000000;750000;11;16.21;((0, 1000000), (250000, 500000, 750000));
5;0.607421875000000;750000;4;15.55;((0, 1000000), (250000, 500000, 750000));
5;0.606445312500000;750000;10;15.76;((0, 1000000), (250000, 500000, 750000));
5;0.606933593750000;750000;7;16.26;((0, 1000000), (250000, 500000, 750000));
5;0.607177734375000;750000;7;15.62;((0, 1000000), (250000, 500000, 750000));
5;0.607299804687500;750000;8;15.79;((0, 1000000), (250000, 500000, 750000));
5;0.607360839843750;750000;6;15.57;((0, 1000000), (250000, 500000, 750000));
5;0.607391357421875;750000;5;15.75;((0, 1000000), (250000, 500000, 750000));
5;0.607376098632812;750000;6;15.58;((0, 1000000), (250000, 500000, 750000));
5;0.607383728027344;750000;3;15.38;((0, 1000000), (250000, 500000, 750000));
5;0.607379913330078;750000;6;15.56;((0, 1000000), (250000, 500000, 750000));
5;0.607381820678711;750000;4;15.52;((0, 1000000), (250000, 500000, 750000));
5;0.607380867004395;750000;2;15.20;((0, 1000000), (250000, 500000, 750000));
5;0.500000000000000;125000;11;13.63;((0, 500000), (125000, 250000, 375000));
5;0.750000000000000;125000;11;19.84;((0, 500000), (125000, 250000, 375000));
5;0.875000000000000;125000;0;10.15;((0, 500000), (125000, 250000, 375000));
5;0.812500000000000;125000;11;21.50;((0, 500000), (125000, 250000, 375000));
5;0.843750000000000;125000;11;22.31;((0, 500000), (125000, 250000, 375000));
5;0.859375000000000;125000;4;21.36;((0, 500000), (125000, 250000, 375000));
5;0.851562500000000;125000;11;22.21;((0, 500000), (125000, 250000, 375000));
5;0.855468750000000;125000;11;22.62;((0, 500000), (125000, 250000, 375000));
5;0.857421875000000;125000;11;22.26;((0, 500000), (125000, 250000, 375000));
5;0.858398437500000;125000;7;22.21;((0, 500000), (125000, 250000, 375000));
5;0.858886718750000;125000;2;21.15;((0, 500000), (125000, 250000, 375000));
5;0.858642578125000;125000;11;22.08;((0, 500000), (125000, 250000, 375000));
5;0.858764648437500;125000;8;21.65;((0, 500000), (125000, 250000, 375000));
5;0.858825683593750;125000;5;21.46;((0, 500000), (125000, 250000, 375000));
5;0.858795166015625;125000;6;21.38;((0, 500000), (125000, 250000, 375000));
5;0.858810424804688;125000;5;21.15;((0, 500000), (125000, 250000, 375000));
5;0.858802795410156;125000;6;21.27;((0, 500000), (125000, 250000, 375000));
5;0.858806610107422;125000;7;21.34;((0, 500000), (125000, 250000, 375000));
5;0.858808517456055;125000;6;21.86;((0, 500000), (125000, 250000, 375000));
5;0.858809471130371;125000;6;21.24;((0, 500000), (125000, 250000, 375000));
5;0.500000000000000;375000;11;13.96;((0, 500000), (125000, 250000, 375000));
5;0.750000000000000;375000;0;9.12;((0, 500000), (125000, 250000, 375000));
5;0.625000000000000;375000;11;16.68;((0, 500000), (125000, 250000, 375000));
5;0.687500000000000;375000;0;9.13;((0, 500000), (125000, 250000, 375000));
5;0.656250000000000;375000;0;9.35;((0, 500000), (125000, 250000, 375000));
5;0.640625000000000;375000;11;17.17;((0, 500000), (125000, 250000, 375000));
5;0.648437500000000;375000;7;16.48;((0, 500000), (125000, 250000, 375000));
5;0.652343750000000;375000;0;9.40;((0, 500000), (125000, 250000, 375000));
5;0.650390625000000;375000;0;11.75;((0, 500000), (125000, 250000, 375000));
5;0.649414062500000;375000;2;16.25;((0, 500000), (125000, 250000, 375000));
5;0.648925781250000;375000;4;16.29;((0, 500000), (125000, 250000, 375000));
5;0.648681640625000;375000;5;16.66;((0, 500000), (125000, 250000, 375000));
5;0.648559570312500;375000;5;16.39;((0, 500000), (125000, 250000, 375000));
5;0.648498535156250;375000;8;16.74;((0, 500000), (125000, 250000, 375000));
5;0.648529052734375;375000;7;16.60;((0, 500000), (125000, 250000, 375000));
5;0.648544311523438;375000;8;16.70;((0, 500000), (125000, 250000, 375000));
5;0.648551940917969;375000;7;16.59;((0, 500000), (125000, 250000, 375000));
5;0.648555755615234;375000;4;16.48;((0, 500000), (125000, 250000, 375000));
5;0.648553848266602;375000;6;16.34;((0, 500000), (125000, 250000, 375000));
5;0.648554801940918;375000;6;16.55;((0, 500000), (125000, 250000, 375000));
5;0.500000000000000;62500;11;13.44;((0, 250000), (62500, 125000, 187500));
5;0.750000000000000;62500;11;19.58;((0, 250000), (62500, 125000, 187500));
5;0.875000000000000;62500;11;22.65;((0, 250000), (62500, 125000, 187500));
5;0.937500000000000;62500;0;9.80;((0, 250000), (62500, 125000, 187500));
5;0.906250000000000;62500;11;22.98;((0, 250000), (62500, 125000, 187500));
5;0.921875000000000;62500;0;11.22;((0, 250000), (62500, 125000, 187500));
5;0.914062500000000;62500;8;22.71;((0, 250000), (62500, 125000, 187500));
5;0.917968750000000;62500;0;12.50;((0, 250000), (62500, 125000, 187500));
5;0.916015625000000;62500;2;22.08;((0, 250000), (62500, 125000, 187500));
5;0.915039062500000;62500;8;22.49;((0, 250000), (62500, 125000, 187500));
5;0.915527343750000;62500;7;23.58;((0, 250000), (62500, 125000, 187500));
5;0.915771484375000;62500;4;22.51;((0, 250000), (62500, 125000, 187500));
5;0.915649414062500;62500;6;22.02;((0, 250000), (62500, 125000, 187500));
5;0.915710449218750;62500;5;24.07;((0, 250000), (62500, 125000, 187500));
5;0.915679931640625;62500;4;22.21;((0, 250000), (62500, 125000, 187500));
5;0.915664672851562;62500;2;22.13;((0, 250000), (62500, 125000, 187500));
5;0.915657043457031;62500;5;23.05;((0, 250000), (62500, 125000, 187500));
5;0.915653228759766;62500;1;21.68;((0, 250000), (62500, 125000, 187500));
5;0.915651321411133;62500;6;22.41;((0, 250000), (62500, 125000, 187500));
5;0.915652275085449;62500;3;22.99;((0, 250000), (62500, 125000, 187500));
5;0.500000000000000;187500;11;13.77;((0, 250000), (62500, 125000, 187500));
5;0.750000000000000;187500;11;19.82;((0, 250000), (62500, 125000, 187500));
5;0.875000000000000;187500;0;9.76;((0, 250000), (62500, 125000, 187500));
5;0.812500000000000;187500;0;9.98;((0, 250000), (62500, 125000, 187500));
5;0.781250000000000;187500;11;20.27;((0, 250000), (62500, 125000, 187500));
5;0.796875000000000;187500;11;21.23;((0, 250000), (62500, 125000, 187500));
5;0.804687500000000;187500;0;10.61;((0, 250000), (62500, 125000, 187500));
5;0.800781250000000;187500;3;19.88;((0, 250000), (62500, 125000, 187500));
5;0.798828125000000;187500;10;20.23;((0, 250000), (62500, 125000, 187500));
5;0.799804687500000;187500;7;20.13;((0, 250000), (62500, 125000, 187500));
5;0.800292968750000;187500;3;19.66;((0, 250000), (62500, 125000, 187500));
5;0.800048828125000;187500;7;20.70;((0, 250000), (62500, 125000, 187500));
5;0.800170898437500;187500;4;19.96;((0, 250000), (62500, 125000, 187500));
5;0.800109863281250;187500;9;20.16;((0, 250000), (62500, 125000, 187500));
5;0.800140380859375;187500;5;20.22;((0, 250000), (62500, 125000, 187500));
5;0.800125122070312;187500;5;19.73;((0, 250000), (62500, 125000, 187500));
5;0.800117492675781;187500;8;20.19;((0, 250000), (62500, 125000, 187500));
5;0.800121307373047;187500;5;20.10;((0, 250000), (62500, 125000, 187500));
5;0.800119400024414;187500;4;20.16;((0, 250000), (62500, 125000, 187500));
5;0.800118446350098;187500;4;20.08;((0, 250000), (62500, 125000, 187500));
5;0.500000000000000;31250;11;13.10;((0, 125000), (31250, 62500, 93750));
5;0.750000000000000;31250;11;19.11;((0, 125000), (31250, 62500, 93750));
5;0.875000000000000;31250;11;22.35;((0, 125000), (31250, 62500, 93750));
5;0.937500000000000;31250;7;22.93;((0, 125000), (31250, 62500, 93750));
5;0.968750000000000;31250;0;9.81;((0, 125000), (31250, 62500, 93750));
5;0.953125000000000;31250;0;10.20;((0, 125000), (31250, 62500, 93750));
5;0.945312500000000;31250;0;12.46;((0, 125000), (31250, 62500, 93750));
5;0.941406250000000;31250;0;15.82;((0, 125000), (31250, 62500, 93750));
5;0.939453125000000;31250;2;22.51;((0, 125000), (31250, 62500, 93750));
5;0.938476562500000;31250;5;23.13;((0, 125000), (31250, 62500, 93750));
5;0.937988281250000;31250;7;22.40;((0, 125000), (31250, 62500, 93750));
5;0.938232421875000;31250;7;22.96;((0, 125000), (31250, 62500, 93750));
5;0.938354492187500;31250;8;23.03;((0, 125000), (31250, 62500, 93750));
5;0.938415527343750;31250;6;22.83;((0, 125000), (31250, 62500, 93750));
5;0.938446044921875;31250;8;23.04;((0, 125000), (31250, 62500, 93750));
5;0.938461303710938;31250;4;23.08;((0, 125000), (31250, 62500, 93750));
5;0.938453674316406;31250;2;22.37;((0, 125000), (31250, 62500, 93750));
5;0.938449859619141;31250;7;22.94;((0, 125000), (31250, 62500, 93750));
5;0.938451766967773;31250;3;22.71;((0, 125000), (31250, 62500, 93750));
5;0.938450813293457;31250;4;22.92;((0, 125000), (31250, 62500, 93750));
5;0.500000000000000;93750;11;13.61;((0, 125000), (31250, 62500, 93750));
5;0.750000000000000;93750;11;19.47;((0, 125000), (31250, 62500, 93750));
5;0.875000000000000;93750;11;22.69;((0, 125000), (31250, 62500, 93750));
5;0.937500000000000;93750;0;10.15;((0, 125000), (31250, 62500, 93750));
5;0.906250000000000;93750;0;10.07;((0, 125000), (31250, 62500, 93750));
5;0.890625000000000;93750;0;13.46;((0, 125000), (31250, 62500, 93750));
5;0.882812500000000;93750;11;22.77;((0, 125000), (31250, 62500, 93750));
5;0.886718750000000;93750;9;22.43;((0, 125000), (31250, 62500, 93750));
5;0.888671875000000;93750;1;21.36;((0, 125000), (31250, 62500, 93750));
5;0.887695312500000;93750;4;22.48;((0, 125000), (31250, 62500, 93750));
5;0.887207031250000;93750;7;21.58;((0, 125000), (31250, 62500, 93750));
5;0.887451171875000;93750;5;21.82;((0, 125000), (31250, 62500, 93750));
5;0.887329101562500;93750;5;21.94;((0, 125000), (31250, 62500, 93750));
5;0.887268066406250;93750;6;22.04;((0, 125000), (31250, 62500, 93750));
5;0.887298583984375;93750;8;22.24;((0, 125000), (31250, 62500, 93750));
5;0.887313842773438;93750;7;22.12;((0, 125000), (31250, 62500, 93750));
5;0.887321472167969;93750;8;22.44;((0, 125000), (31250, 62500, 93750));
5;0.887325286865234;93750;7;22.06;((0, 125000), (31250, 62500, 93750));
5;0.887327194213867;93750;6;21.87;((0, 125000), (31250, 62500, 93750));
5;0.887328147888184;93750;6;21.84;((0, 125000), (31250, 62500, 93750));
5;0.500000000000000;15625;11;13.59;((0, 62500), (15625, 31250, 46875));
5;0.750000000000000;15625;11;19.08;((0, 62500), (15625, 31250, 46875));
5;0.875000000000000;15625;11;22.04;((0, 62500), (15625, 31250, 46875));
5;0.937500000000000;15625;11;24.06;((0, 62500), (15625, 31250, 46875));
5;0.968750000000000;15625;0;10.00;((0, 62500), (15625, 31250, 46875));
5;0.953125000000000;15625;0;14.61;((0, 62500), (15625, 31250, 46875));
5;0.945312500000000;15625;10;23.30;((0, 62500), (15625, 31250, 46875));
5;0.949218750000000;15625;8;23.04;((0, 62500), (15625, 31250, 46875));
5;0.951171875000000;15625;2;22.32;((0, 62500), (15625, 31250, 46875));
5;0.950195312500000;15625;4;24.05;((0, 62500), (15625, 31250, 46875));
5;0.949707031250000;15625;2;22.38;((0, 62500), (15625, 31250, 46875));
5;0.949462890625000;15625;3;22.32;((0, 62500), (15625, 31250, 46875));
5;0.949340820312500;15625;5;22.64;((0, 62500), (15625, 31250, 46875));
5;0.949279785156250;15625;4;23.12;((0, 62500), (15625, 31250, 46875));
5;0.949249267578125;15625;3;22.70;((0, 62500), (15625, 31250, 46875));
5;0.949234008789062;15625;5;22.43;((0, 62500), (15625, 31250, 46875));
5;0.949226379394531;15625;4;22.73;((0, 62500), (15625, 31250, 46875));
5;0.949222564697266;15625;5;22.79;((0, 62500), (15625, 31250, 46875));
5;0.949220657348633;15625;1;22.73;((0, 62500), (15625, 31250, 46875));
5;0.949219703674316;15625;8;22.69;((0, 62500), (15625, 31250, 46875));
5;0.500000000000000;46875;11;13.20;((0, 62500), (15625, 31250, 46875));
5;0.750000000000000;46875;11;19.66;((0, 62500), (15625, 31250, 46875));
5;0.875000000000000;46875;11;22.25;((0, 62500), (15625, 31250, 46875));
5;0.937500000000000;46875;0;11.74;((0, 62500), (15625, 31250, 46875));
5;0.906250000000000;46875;11;22.88;((0, 62500), (15625, 31250, 46875));
5;0.921875000000000;46875;11;23.51;((0, 62500), (15625, 31250, 46875));
5;0.929687500000000;46875;11;24.31;((0, 62500), (15625, 31250, 46875));
5;0.933593750000000;46875;4;22.52;((0, 62500), (15625, 31250, 46875));
5;0.931640625000000;46875;8;23.16;((0, 62500), (15625, 31250, 46875));
5;0.932617187500000;46875;4;22.50;((0, 62500), (15625, 31250, 46875));
5;0.932128906250000;46875;6;22.90;((0, 62500), (15625, 31250, 46875));
5;0.932373046875000;46875;6;23.25;((0, 62500), (15625, 31250, 46875));
5;0.932495117187500;46875;7;23.31;((0, 62500), (15625, 31250, 46875));
5;0.932556152343750;46875;9;23.22;((0, 62500), (15625, 31250, 46875));
5;0.932586669921875;46875;8;22.89;((0, 62500), (15625, 31250, 46875));
5;0.932601928710938;46875;2;22.89;((0, 62500), (15625, 31250, 46875));
5;0.932594299316406;46875;4;23.04;((0, 62500), (15625, 31250, 46875));
5;0.932590484619141;46875;4;22.84;((0, 62500), (15625, 31250, 46875));
5;0.932588577270508;46875;8;22.98;((0, 62500), (15625, 31250, 46875));
5;0.932589530944824;46875;5;22.77;((0, 62500), (15625, 31250, 46875));
5;0.500000000000000;7812;11;13.12;((0, 31250), (7812, 15624, 23436));
5;0.750000000000000;7812;11;19.20;((0, 31250), (7812, 15624, 23436));
5;0.875000000000000;7812;11;21.95;((0, 31250), (7812, 15624, 23436));
5;0.937500000000000;7812;1;22.03;((0, 31250), (7812, 15624, 23436));
5;0.906250000000000;7812;11;22.98;((0, 31250), (7812, 15624, 23436));
5;0.921875000000000;7812;11;23.78;((0, 31250), (7812, 15624, 23436));
5;0.929687500000000;7812;10;22.33;((0, 31250), (7812, 15624, 23436));
5;0.933593750000000;7812;8;22.42;((0, 31250), (7812, 15624, 23436));
5;0.935546875000000;7812;7;22.67;((0, 31250), (7812, 15624, 23436));
5;0.936523437500000;7812;2;22.21;((0, 31250), (7812, 15624, 23436));
5;0.936035156250000;7812;5;22.46;((0, 31250), (7812, 15624, 23436));
5;0.935791015625000;7812;4;22.09;((0, 31250), (7812, 15624, 23436));
5;0.935668945312500;7812;4;22.11;((0, 31250), (7812, 15624, 23436));
5;0.935607910156250;7812;3;22.55;((0, 31250), (7812, 15624, 23436));
5;0.935577392578125;7812;5;22.45;((0, 31250), (7812, 15624, 23436));
5;0.935562133789062;7812;4;22.08;((0, 31250), (7812, 15624, 23436));
5;0.935554504394531;7812;6;22.32;((0, 31250), (7812, 15624, 23436));
5;0.935558319091797;7812;3;22.01;((0, 31250), (7812, 15624, 23436));
5;0.935556411743164;7812;4;22.18;((0, 31250), (7812, 15624, 23436));
5;0.935555458068848;7812;4;22.18;((0, 31250), (7812, 15624, 23436));
5;0.500000000000000;15624;11;12.94;((0, 31250), (7812, 15624, 23436));
5;0.750000000000000;15624;11;19.41;((0, 31250), (7812, 15624, 23436));
5;0.875000000000000;15624;11;22.17;((0, 31250), (7812, 15624, 23436));
5;0.937500000000000;15624;11;23.67;((0, 31250), (7812, 15624, 23436));
5;0.968750000000000;15624;0;9.74;((0, 31250), (7812, 15624, 23436));
5;0.953125000000000;15624;0;10.76;((0, 31250), (7812, 15624, 23436));
5;0.945312500000000;15624;2;22.70;((0, 31250), (7812, 15624, 23436));
5;0.941406250000000;15624;8;22.69;((0, 31250), (7812, 15624, 23436));
5;0.943359375000000;15624;3;22.86;((0, 31250), (7812, 15624, 23436));
5;0.942382812500000;15624;4;22.57;((0, 31250), (7812, 15624, 23436));
5;0.941894531250000;15624;8;22.76;((0, 31250), (7812, 15624, 23436));
5;0.942138671875000;15624;7;22.73;((0, 31250), (7812, 15624, 23436));
5;0.942260742187500;15624;6;22.96;((0, 31250), (7812, 15624, 23436));
5;0.942321777343750;15624;10;22.71;((0, 31250), (7812, 15624, 23436));
5;0.942352294921875;15624;6;22.56;((0, 31250), (7812, 15624, 23436));
5;0.942367553710938;15624;8;22.48;((0, 31250), (7812, 15624, 23436));
5;0.942375183105469;15624;7;22.56;((0, 31250), (7812, 15624, 23436));
5;0.942378997802734;15624;9;23.00;((0, 31250), (7812, 15624, 23436));
5;0.942380905151367;15624;5;22.71;((0, 31250), (7812, 15624, 23436));
5;0.942379951477051;15624;6;23.28;((0, 31250), (7812, 15624, 23436));
5;0.500000000000000;23436;11;13.02;((0, 31250), (7812, 15624, 23436));
5;0.750000000000000;23436;11;19.19;((0, 31250), (7812, 15624, 23436));
5;0.875000000000000;23436;11;22.78;((0, 31250), (7812, 15624, 23436));
5;0.937500000000000;23436;11;24.45;((0, 31250), (7812, 15624, 23436));
5;0.968750000000000;23436;0;9.79;((0, 31250), (7812, 15624, 23436));
5;0.953125000000000;23436;0;12.75;((0, 31250), (7812, 15624, 23436));
5;0.945312500000000;23436;10;23.27;((0, 31250), (7812, 15624, 23436));
5;0.949218750000000;23436;0;15.01;((0, 31250), (7812, 15624, 23436));
5;0.947265625000000;23436;3;22.56;((0, 31250), (7812, 15624, 23436));
5;0.946289062500000;23436;8;23.40;((0, 31250), (7812, 15624, 23436));
5;0.946777343750000;23436;7;23.15;((0, 31250), (7812, 15624, 23436));
5;0.947021484375000;23436;7;22.94;((0, 31250), (7812, 15624, 23436));
5;0.947143554687500;23436;5;22.84;((0, 31250), (7812, 15624, 23436));
5;0.947082519531250;23436;7;23.09;((0, 31250), (7812, 15624, 23436));
5;0.947113037109375;23436;7;23.13;((0, 31250), (7812, 15624, 23436));
5;0.947128295898438;23436;6;22.74;((0, 31250), (7812, 15624, 23436));
5;0.947135925292969;23436;5;23.45;((0, 31250), (7812, 15624, 23436));
5;0.947132110595703;23436;7;23.11;((0, 31250), (7812, 15624, 23436));
5;0.947134017944336;23436;7;23.13;((0, 31250), (7812, 15624, 23436));
5;0.947134971618652;23436;6;23.25;((0, 31250), (7812, 15624, 23436));
5;0.500000000000000;19530;11;13.17;((15624, 31250), (19530, 23436, 27342));
5;0.750000000000000;19530;11;23.09;((15624, 31250), (19530, 23436, 27342));
5;0.875000000000000;19530;11;22.16;((15624, 31250), (19530, 23436, 27342));
5;0.937500000000000;19530;11;23.21;((15624, 31250), (19530, 23436, 27342));
5;0.968750000000000;19530;0;11.59;((15624, 31250), (19530, 23436, 27342));
5;0.953125000000000;19530;0;10.89;((15624, 31250), (19530, 23436, 27342));
5;0.945312500000000;19530;0;15.73;((15624, 31250), (19530, 23436, 27342));
5;0.941406250000000;19530;6;23.03;((15624, 31250), (19530, 23436, 27342));
5;0.943359375000000;19530;7;22.68;((15624, 31250), (19530, 23436, 27342));
5;0.944335937500000;19530;3;22.37;((15624, 31250), (19530, 23436, 27342));
5;0.943847656250000;19530;2;22.76;((15624, 31250), (19530, 23436, 27342));
5;0.943603515625000;19530;3;22.63;((15624, 31250), (19530, 23436, 27342));
5;0.943481445312500;19530;4;22.18;((15624, 31250), (19530, 23436, 27342));
5;0.943420410156250;19530;6;23.39;((15624, 31250), (19530, 23436, 27342));
5;0.943450927734375;19530;4;22.32;((15624, 31250), (19530, 23436, 27342));
5;0.943435668945312;19530;3;22.43;((15624, 31250), (19530, 23436, 27342));
5;0.943428039550781;19530;4;22.68;((15624, 31250), (19530, 23436, 27342));
5;0.943424224853516;19530;2;22.33;((15624, 31250), (19530, 23436, 27342));
5;0.943422317504883;19530;2;22.59;((15624, 31250), (19530, 23436, 27342));
5;0.943421363830566;19530;3;22.32;((15624, 31250), (19530, 23436, 27342));
5;0.500000000000000;27342;11;13.57;((15624, 31250), (19530, 23436, 27342));
5;0.750000000000000;27342;11;18.80;((15624, 31250), (19530, 23436, 27342));
5;0.875000000000000;27342;11;22.91;((15624, 31250), (19530, 23436, 27342));
5;0.937500000000000;27342;11;24.10;((15624, 31250), (19530, 23436, 27342));
5;0.968750000000000;27342;0;9.78;((15624, 31250), (19530, 23436, 27342));
5;0.953125000000000;27342;0;10.76;((15624, 31250), (19530, 23436, 27342));
5;0.945312500000000;27342;0;14.94;((15624, 31250), (19530, 23436, 27342));
5;0.941406250000000;27342;3;22.53;((15624, 31250), (19530, 23436, 27342));
5;0.939453125000000;27342;8;23.09;((15624, 31250), (19530, 23436, 27342));
5;0.940429687500000;27342;4;22.82;((15624, 31250), (19530, 23436, 27342));
5;0.939941406250000;27342;5;23.36;((15624, 31250), (19530, 23436, 27342));
5;0.939697265625000;27342;7;22.82;((15624, 31250), (19530, 23436, 27342));
5;0.939819335937500;27342;5;22.85;((15624, 31250), (19530, 23436, 27342));
5;0.939758300781250;27342;9;23.12;((15624, 31250), (19530, 23436, 27342));
5;0.939788818359375;27342;8;23.20;((15624, 31250), (19530, 23436, 27342));
5;0.939804077148438;27342;6;22.90;((15624, 31250), (19530, 23436, 27342));
5;0.939811706542969;27342;6;22.92;((15624, 31250), (19530, 23436, 27342));
5;0.939815521240234;27342;9;22.91;((15624, 31250), (19530, 23436, 27342));
5;0.939817428588867;27342;8;22.88;((15624, 31250), (19530, 23436, 27342));
5;0.939818382263184;27342;6;23.29;((15624, 31250), (19530, 23436, 27342));
5;0.500000000000000;21483;11;13.01;((19530, 27342), (21483, 23436, 25389));
5;0.750000000000000;21483;11;19.39;((19530, 27342), (21483, 23436, 25389));
5;0.875000000000000;21483;11;22.15;((19530, 27342), (21483, 23436, 25389));
5;0.937500000000000;21483;11;24.39;((19530, 27342), (21483, 23436, 25389));
5;0.968750000000000;21483;0;9.82;((19530, 27342), (21483, 23436, 25389));
5;0.953125000000000;21483;0;12.86;((19530, 27342), (21483, 23436, 25389));
5;0.945312500000000;21483;10;22.87;((19530, 27342), (21483, 23436, 25389));
5;0.949218750000000;21483;4;24.30;((19530, 27342), (21483, 23436, 25389));
5;0.947265625000000;21483;9;24.12;((19530, 27342), (21483, 23436, 25389));
5;0.948242187500000;21483;6;23.07;((19530, 27342), (21483, 23436, 25389));
5;0.948730468750000;21483;3;22.42;((19530, 27342), (21483, 23436, 25389));
5;0.948486328125000;21483;3;22.78;((19530, 27342), (21483, 23436, 25389));
5;0.948364257812500;21483;6;23.02;((19530, 27342), (21483, 23436, 25389));
5;0.948425292968750;21483;1;22.37;((19530, 27342), (21483, 23436, 25389));
5;0.948394775390625;21483;7;23.16;((19530, 27342), (21483, 23436, 25389));
5;0.948410034179688;21483;7;23.04;((19530, 27342), (21483, 23436, 25389));
5;0.948417663574219;21483;5;22.78;((19530, 27342), (21483, 23436, 25389));
5;0.948413848876953;21483;4;22.76;((19530, 27342), (21483, 23436, 25389));
5;0.948411941528320;21483;2;22.81;((19530, 27342), (21483, 23436, 25389));
5;0.948410987854004;21483;4;22.52;((19530, 27342), (21483, 23436, 25389));
5;0.500000000000000;25389;11;13.50;((19530, 27342), (21483, 23436, 25389));
5;0.750000000000000;25389;11;22.07;((19530, 27342), (21483, 23436, 25389));
5;0.875000000000000;25389;11;22.12;((19530, 27342), (21483, 23436, 25389));
5;0.937500000000000;25389;11;23.70;((19530, 27342), (21483, 23436, 25389));
5;0.968750000000000;25389;0;9.70;((19530, 27342), (21483, 23436, 25389));
5;0.953125000000000;25389;0;12.23;((19530, 27342), (21483, 23436, 25389));
5;0.945312500000000;25389;7;23.25;((19530, 27342), (21483, 23436, 25389));
5;0.949218750000000;25389;1;22.71;((19530, 27342), (21483, 23436, 25389));
5;0.947265625000000;25389;6;23.21;((19530, 27342), (21483, 23436, 25389));
5;0.948242187500000;25389;2;22.56;((19530, 27342), (21483, 23436, 25389));
5;0.947753906250000;25389;4;22.75;((19530, 27342), (21483, 23436, 25389));
5;0.947509765625000;25389;5;22.78;((19530, 27342), (21483, 23436, 25389));
5;0.947387695312500;25389;6;22.91;((19530, 27342), (21483, 23436, 25389));
5;0.947448730468750;25389;2;22.55;((19530, 27342), (21483, 23436, 25389));
5;0.947418212890625;25389;5;22.99;((19530, 27342), (21483, 23436, 25389));
5;0.947402954101562;25389;4;22.81;((19530, 27342), (21483, 23436, 25389));
5;0.947395324707031;25389;2;22.39;((19530, 27342), (21483, 23436, 25389));
5;0.947391510009766;25389;7;22.84;((19530, 27342), (21483, 23436, 25389));
5;0.947393417358398;25389;3;22.61;((19530, 27342), (21483, 23436, 25389));
5;0.947392463684082;25389;4;22.90;((19530, 27342), (21483, 23436, 25389));
5;0.500000000000000;20506;11;13.72;((19530, 23436), (20506, 21482, 22458));
5;0.750000000000000;20506;11;19.00;((19530, 23436), (20506, 21482, 22458));
5;0.875000000000000;20506;11;22.23;((19530, 23436), (20506, 21482, 22458));
5;0.937500000000000;20506;11;23.83;((19530, 23436), (20506, 21482, 22458));
5;0.968750000000000;20506;0;9.67;((19530, 23436), (20506, 21482, 22458));
5;0.953125000000000;20506;0;14.81;((19530, 23436), (20506, 21482, 22458));
5;0.945312500000000;20506;11;24.31;((19530, 23436), (20506, 21482, 22458));
5;0.949218750000000;20506;8;23.00;((19530, 23436), (20506, 21482, 22458));
5;0.951171875000000;20506;0;15.90;((19530, 23436), (20506, 21482, 22458));
5;0.950195312500000;20506;2;22.52;((19530, 23436), (20506, 21482, 22458));
5;0.949707031250000;20506;3;22.62;((19530, 23436), (20506, 21482, 22458));
5;0.949462890625000;20506;4;22.90;((19530, 23436), (20506, 21482, 22458));
5;0.949340820312500;20506;5;23.36;((19530, 23436), (20506, 21482, 22458));
5;0.949279785156250;20506;4;22.64;((19530, 23436), (20506, 21482, 22458));
5;0.949249267578125;20506;2;22.56;((19530, 23436), (20506, 21482, 22458));
5;0.949234008789062;20506;4;22.33;((19530, 23436), (20506, 21482, 22458));
5;0.949226379394531;20506;4;22.77;((19530, 23436), (20506, 21482, 22458));
5;0.949222564697266;20506;4;22.94;((19530, 23436), (20506, 21482, 22458));
5;0.949220657348633;20506;3;22.63;((19530, 23436), (20506, 21482, 22458));
5;0.949219703674316;20506;2;22.50;((19530, 23436), (20506, 21482, 22458));
5;0.500000000000000;21482;11;13.56;((19530, 23436), (20506, 21482, 22458));
5;0.750000000000000;21482;11;19.21;((19530, 23436), (20506, 21482, 22458));
5;0.875000000000000;21482;11;22.37;((19530, 23436), (20506, 21482, 22458));
5;0.937500000000000;21482;11;23.78;((19530, 23436), (20506, 21482, 22458));
5;0.968750000000000;21482;0;9.92;((19530, 23436), (20506, 21482, 22458));
5;0.953125000000000;21482;0;11.77;((19530, 23436), (20506, 21482, 22458));
5;0.945312500000000;21482;0;14.67;((19530, 23436), (20506, 21482, 22458));
5;0.941406250000000;21482;9;22.82;((19530, 23436), (20506, 21482, 22458));
5;0.943359375000000;21482;3;22.32;((19530, 23436), (20506, 21482, 22458));
5;0.942382812500000;21482;6;22.89;((19530, 23436), (20506, 21482, 22458));
5;0.942871093750000;21482;4;22.70;((19530, 23436), (20506, 21482, 22458));
5;0.942626953125000;21482;5;22.95;((19530, 23436), (20506, 21482, 22458));
5;0.942504882812500;21482;4;22.45;((19530, 23436), (20506, 21482, 22458));
5;0.942443847656250;21482;6;22.82;((19530, 23436), (20506, 21482, 22458));
5;0.942474365234375;21482;7;23.41;((19530, 23436), (20506, 21482, 22458));
5;0.942489624023438;21482;7;23.19;((19530, 23436), (20506, 21482, 22458));
5;0.942497253417969;21482;7;22.61;((19530, 23436), (20506, 21482, 22458));
5;0.942501068115234;21482;8;22.68;((19530, 23436), (20506, 21482, 22458));
5;0.942502975463867;21482;5;22.80;((19530, 23436), (20506, 21482, 22458));
5;0.942502021789551;21482;6;23.01;((19530, 23436), (20506, 21482, 22458));
5;0.500000000000000;22458;11;13.14;((19530, 23436), (20506, 21482, 22458));
5;0.750000000000000;22458;11;18.97;((19530, 23436), (20506, 21482, 22458));
5;0.875000000000000;22458;11;22.46;((19530, 23436), (20506, 21482, 22458));
5;0.937500000000000;22458;11;23.75;((19530, 23436), (20506, 21482, 22458));
5;0.968750000000000;22458;0;9.77;((19530, 23436), (20506, 21482, 22458));
5;0.953125000000000;22458;0;11.85;((19530, 23436), (20506, 21482, 22458));
5;0.945312500000000;22458;9;23.34;((19530, 23436), (20506, 21482, 22458));
5;0.949218750000000;22458;5;22.81;((19530, 23436), (20506, 21482, 22458));
5;0.947265625000000;22458;4;22.85;((19530, 23436), (20506, 21482, 22458));
5;0.946289062500000;22458;8;23.50;((19530, 23436), (20506, 21482, 22458));
5;0.946777343750000;22458;8;23.08;((19530, 23436), (20506, 21482, 22458));
5;0.947021484375000;22458;6;23.12;((19530, 23436), (20506, 21482, 22458));
5;0.947143554687500;22458;9;23.21;((19530, 23436), (20506, 21482, 22458));
5;0.947204589843750;22458;8;23.53;((19530, 23436), (20506, 21482, 22458));
5;0.947235107421875;22458;7;23.03;((19530, 23436), (20506, 21482, 22458));
5;0.947250366210938;22458;5;22.88;((19530, 23436), (20506, 21482, 22458));
5;0.947242736816406;22458;4;22.68;((19530, 23436), (20506, 21482, 22458));
5;0.947238922119141;22458;8;22.96;((19530, 23436), (20506, 21482, 22458));
5;0.947240829467773;22458;5;22.68;((19530, 23436), (20506, 21482, 22458));
5;0.947239875793457;22458;7;22.86;((19530, 23436), (20506, 21482, 22458));
5;0.500000000000000;20018;11;13.67;((19530, 21482), (20018, 20506, 20994));
5;0.750000000000000;20018;11;19.44;((19530, 21482), (20018, 20506, 20994));
5;0.875000000000000;20018;11;22.79;((19530, 21482), (20018, 20506, 20994));
5;0.937500000000000;20018;11;23.23;((19530, 21482), (20018, 20506, 20994));
5;0.968750000000000;20018;0;9.80;((19530, 21482), (20018, 20506, 20994));
5;0.953125000000000;20018;0;14.52;((19530, 21482), (20018, 20506, 20994));
5;0.945312500000000;20018;9;22.86;((19530, 21482), (20018, 20506, 20994));
5;0.949218750000000;20018;5;22.80;((19530, 21482), (20018, 20506, 20994));
5;0.947265625000000;20018;10;23.31;((19530, 21482), (20018, 20506, 20994));
5;0.948242187500000;20018;6;22.79;((19530, 21482), (20018, 20506, 20994));
5;0.948730468750000;20018;7;22.88;((19530, 21482), (20018, 20506, 20994));
5;0.948974609375000;20018;3;22.68;((19530, 21482), (20018, 20506, 20994));
5;0.948852539062500;20018;2;22.39;((19530, 21482), (20018, 20506, 20994));
5;0.948791503906250;20018;5;22.96;((19530, 21482), (20018, 20506, 20994));
5;0.948760986328125;20018;7;23.17;((19530, 21482), (20018, 20506, 20994));
5;0.948776245117188;20018;3;22.55;((19530, 21482), (20018, 20506, 20994));
5;0.948768615722656;20018;7;22.95;((19530, 21482), (20018, 20506, 20994));
5;0.948772430419922;20018;5;23.38;((19530, 21482), (20018, 20506, 20994));
5;0.948770523071289;20018;6;22.74;((19530, 21482), (20018, 20506, 20994));
5;0.948771476745605;20018;7;22.78;((19530, 21482), (20018, 20506, 20994));
5;0.500000000000000;20994;11;12.85;((19530, 21482), (20018, 20506, 20994));
5;0.750000000000000;20994;11;18.74;((19530, 21482), (20018, 20506, 20994));
5;0.875000000000000;20994;11;22.09;((19530, 21482), (20018, 20506, 20994));
5;0.937500000000000;20994;11;24.47;((19530, 21482), (20018, 20506, 20994));
5;0.968750000000000;20994;0;9.86;((19530, 21482), (20018, 20506, 20994));
5;0.953125000000000;20994;0;11.03;((19530, 21482), (20018, 20506, 20994));
5;0.945312500000000;20994;1;22.03;((19530, 21482), (20018, 20506, 20994));
5;0.941406250000000;20994;5;22.85;((19530, 21482), (20018, 20506, 20994));
5;0.939453125000000;20994;10;23.58;((19530, 21482), (20018, 20506, 20994));
5;0.940429687500000;20994;8;22.81;((19530, 21482), (20018, 20506, 20994));
5;0.940917968750000;20994;9;23.77;((19530, 21482), (20018, 20506, 20994));
5;0.941162109375000;20994;9;23.02;((19530, 21482), (20018, 20506, 20994));
5;0.941284179687500;20994;5;23.09;((19530, 21482), (20018, 20506, 20994));
5;0.941223144531250;20994;7;23.01;((19530, 21482), (20018, 20506, 20994));
5;0.941253662109375;20994;7;22.90;((19530, 21482), (20018, 20506, 20994));
5;0.941268920898438;20994;8;22.96;((19530, 21482), (20018, 20506, 20994));
5;0.941276550292969;20994;5;22.53;((19530, 21482), (20018, 20506, 20994));
5;0.941272735595703;20994;10;24.39;((19530, 21482), (20018, 20506, 20994));
5;0.941274642944336;20994;7;22.95;((19530, 21482), (20018, 20506, 20994));
5;0.941275596618652;20994;5;22.71;((19530, 21482), (20018, 20506, 20994));
5;0.500000000000000;20262;11;13.10;((20018, 20994), (20262, 20506, 20750));
5;0.750000000000000;20262;11;18.64;((20018, 20994), (20262, 20506, 20750));
5;0.875000000000000;20262;11;22.03;((20018, 20994), (20262, 20506, 20750));
5;0.937500000000000;20262;10;23.17;((20018, 20994), (20262, 20506, 20750));
5;0.968750000000000;20262;0;9.75;((20018, 20994), (20262, 20506, 20750));
5;0.953125000000000;20262;0;11.10;((20018, 20994), (20262, 20506, 20750));
5;0.945312500000000;20262;0;15.84;((20018, 20994), (20262, 20506, 20750));
5;0.941406250000000;20262;9;22.94;((20018, 20994), (20262, 20506, 20750));
5;0.943359375000000;20262;5;22.84;((20018, 20994), (20262, 20506, 20750));
5;0.942382812500000;20262;6;22.58;((20018, 20994), (20262, 20506, 20750));
5;0.942871093750000;20262;4;22.63;((20018, 20994), (20262, 20506, 20750));
5;0.942626953125000;20262;7;23.23;((20018, 20994), (20262, 20506, 20750));
5;0.942749023437500;20262;8;22.60;((20018, 20994), (20262, 20506, 20750));
5;0.942810058593750;20262;6;22.89;((20018, 20994), (20262, 20506, 20750));
5;0.942840576171875;20262;7;23.07;((20018, 20994), (20262, 20506, 20750));
5;0.942855834960938;20262;5;23.15;((20018, 20994), (20262, 20506, 20750));
5;0.942848205566406;20262;4;22.67;((20018, 20994), (20262, 20506, 20750));
5;0.942844390869141;20262;8;22.82;((20018, 20994), (20262, 20506, 20750));
5;0.942846298217773;20262;2;22.37;((20018, 20994), (20262, 20506, 20750));
5;0.942845344543457;20262;5;22.97;((20018, 20994), (20262, 20506, 20750));
5;0.500000000000000;20750;11;13.13;((20018, 20994), (20262, 20506, 20750));
5;0.750000000000000;20750;11;19.20;((20018, 20994), (20262, 20506, 20750));
5;0.875000000000000;20750;11;22.26;((20018, 20994), (20262, 20506, 20750));
5;0.937500000000000;20750;11;23.50;((20018, 20994), (20262, 20506, 20750));
5;0.968750000000000;20750;0;10.01;((20018, 20994), (20262, 20506, 20750));
5;0.953125000000000;20750;0;10.29;((20018, 20994), (20262, 20506, 20750));
5;0.945312500000000;20750;2;22.63;((20018, 20994), (20262, 20506, 20750));
5;0.941406250000000;20750;7;23.17;((20018, 20994), (20262, 20506, 20750));
5;0.943359375000000;20750;8;22.77;((20018, 20994), (20262, 20506, 20750));
5;0.944335937500000;20750;0;15.65;((20018, 20994), (20262, 20506, 20750));
5;0.943847656250000;20750;4;22.56;((20018, 20994), (20262, 20506, 20750));
5;0.943603515625000;20750;3;22.73;((20018, 20994), (20262, 20506, 20750));
5;0.943481445312500;20750;6;22.55;((20018, 20994), (20262, 20506, 20750));
5;0.943542480468750;20750;5;22.81;((20018, 20994), (20262, 20506, 20750));
5;0.943511962890625;20750;6;22.36;((20018, 20994), (20262, 20506, 20750));
5;0.943527221679688;20750;3;22.53;((20018, 20994), (20262, 20506, 20750));
5;0.943519592285156;20750;1;22.45;((20018, 20994), (20262, 20506, 20750));
5;0.943515777587891;20750;5;22.51;((20018, 20994), (20262, 20506, 20750));
5;0.943513870239258;20750;4;22.84;((20018, 20994), (20262, 20506, 20750));
5;0.943512916564941;20750;2;22.16;((20018, 20994), (20262, 20506, 20750));
5;0.500000000000000;20384;11;13.37;((20262, 20750), (20384, 20506, 20628));
5;0.750000000000000;20384;11;19.18;((20262, 20750), (20384, 20506, 20628));
5;0.875000000000000;20384;11;22.60;((20262, 20750), (20384, 20506, 20628));
5;0.937500000000000;20384;11;24.29;((20262, 20750), (20384, 20506, 20628));
5;0.968750000000000;20384;0;10.14;((20262, 20750), (20384, 20506, 20628));
5;0.953125000000000;20384;0;12.38;((20262, 20750), (20384, 20506, 20628));
5;0.945312500000000;20384;1;22.24;((20262, 20750), (20384, 20506, 20628));
5;0.941406250000000;20384;8;22.69;((20262, 20750), (20384, 20506, 20628));
5;0.943359375000000;20384;6;22.69;((20262, 20750), (20384, 20506, 20628));
5;0.944335937500000;20384;4;22.39;((20262, 20750), (20384, 20506, 20628));
5;0.943847656250000;20384;2;22.17;((20262, 20750), (20384, 20506, 20628));
5;0.943603515625000;20384;5;22.94;((20262, 20750), (20384, 20506, 20628));
5;0.943481445312500;20384;3;22.50;((20262, 20750), (20384, 20506, 20628));
5;0.943420410156250;20384;4;22.39;((20262, 20750), (20384, 20506, 20628));
5;0.943389892578125;20384;5;22.97;((20262, 20750), (20384, 20506, 20628));
5;0.943374633789062;20384;2;22.28;((20262, 20750), (20384, 20506, 20628));
5;0.943367004394531;20384;6;22.85;((20262, 20750), (20384, 20506, 20628));
5;0.943370819091797;20384;7;22.67;((20262, 20750), (20384, 20506, 20628));
5;0.943372726440430;20384;5;22.89;((20262, 20750), (20384, 20506, 20628));
5;0.943371772766113;20384;6;22.59;((20262, 20750), (20384, 20506, 20628));
5;0.500000000000000;20628;11;13.62;((20262, 20750), (20384, 20506, 20628));
5;0.750000000000000;20628;11;19.22;((20262, 20750), (20384, 20506, 20628));
5;0.875000000000000;20628;11;22.76;((20262, 20750), (20384, 20506, 20628));
5;0.937500000000000;20628;11;23.34;((20262, 20750), (20384, 20506, 20628));
5;0.968750000000000;20628;0;9.98;((20262, 20750), (20384, 20506, 20628));
5;0.953125000000000;20628;0;14.14;((20262, 20750), (20384, 20506, 20628));
5;0.945312500000000;20628;9;22.78;((20262, 20750), (20384, 20506, 20628));
5;0.949218750000000;20628;3;22.68;((20262, 20750), (20384, 20506, 20628));
5;0.947265625000000;20628;11;23.29;((20262, 20750), (20384, 20506, 20628));
5;0.948242187500000;20628;5;22.83;((20262, 20750), (20384, 20506, 20628));
5;0.947753906250000;20628;7;22.89;((20262, 20750), (20384, 20506, 20628));
5;0.947998046875000;20628;7;23.12;((20262, 20750), (20384, 20506, 20628));
5;0.948120117187500;20628;7;23.33;((20262, 20750), (20384, 20506, 20628));
5;0.948181152343750;20628;5;22.65;((20262, 20750), (20384, 20506, 20628));
5;0.948150634765625;20628;6;23.18;((20262, 20750), (20384, 20506, 20628));
5;0.948165893554688;20628;7;23.34;((20262, 20750), (20384, 20506, 20628));
5;0.948173522949219;20628;5;23.31;((20262, 20750), (20384, 20506, 20628));
5;0.948169708251953;20628;7;22.87;((20262, 20750), (20384, 20506, 20628));
5;0.948171615600586;20628;8;23.91;((20262, 20750), (20384, 20506, 20628));
5;0.948172569274902;20628;5;22.58;((20262, 20750), (20384, 20506, 20628));
5;0.500000000000000;20445;11;13.45;((20384, 20628), (20445, 20506, 20567));
5;0.750000000000000;20445;11;19.38;((20384, 20628), (20445, 20506, 20567));
5;0.875000000000000;20445;11;21.52;((20384, 20628), (20445, 20506, 20567));
5;0.937500000000000;20445;11;23.82;((20384, 20628), (20445, 20506, 20567));
5;0.968750000000000;20445;0;9.73;((20384, 20628), (20445, 20506, 20567));
5;0.953125000000000;20445;0;12.32;((20384, 20628), (20445, 20506, 20567));
5;0.945312500000000;20445;10;23.44;((20384, 20628), (20445, 20506, 20567));
5;0.949218750000000;20445;3;22.37;((20384, 20628), (20445, 20506, 20567));
5;0.947265625000000;20445;7;22.64;((20384, 20628), (20445, 20506, 20567));
5;0.948242187500000;20445;5;22.78;((20384, 20628), (20445, 20506, 20567));
5;0.947753906250000;20445;8;23.51;((20384, 20628), (20445, 20506, 20567));
5;0.947998046875000;20445;6;22.77;((20384, 20628), (20445, 20506, 20567));
5;0.948120117187500;20445;6;23.21;((20384, 20628), (20445, 20506, 20567));
5;0.948181152343750;20445;5;22.81;((20384, 20628), (20445, 20506, 20567));
5;0.948150634765625;20445;4;22.60;((20384, 20628), (20445, 20506, 20567));
5;0.948135375976562;20445;5;22.50;((20384, 20628), (20445, 20506, 20567));
5;0.948127746582031;20445;5;23.25;((20384, 20628), (20445, 20506, 20567));
5;0.948123931884766;20445;5;22.48;((20384, 20628), (20445, 20506, 20567));
5;0.948122024536133;20445;9;23.46;((20384, 20628), (20445, 20506, 20567));
5;0.948122978210449;20445;7;22.80;((20384, 20628), (20445, 20506, 20567));
5;0.500000000000000;20567;11;13.40;((20384, 20628), (20445, 20506, 20567));
5;0.750000000000000;20567;11;18.96;((20384, 20628), (20445, 20506, 20567));
5;0.875000000000000;20567;11;22.40;((20384, 20628), (20445, 20506, 20567));
5;0.937500000000000;20567;11;24.96;((20384, 20628), (20445, 20506, 20567));
5;0.968750000000000;20567;0;9.86;((20384, 20628), (20445, 20506, 20567));
5;0.953125000000000;20567;0;13.63;((20384, 20628), (20445, 20506, 20567));
5;0.945312500000000;20567;10;23.13;((20384, 20628), (20445, 20506, 20567));
5;0.949218750000000;20567;3;22.35;((20384, 20628), (20445, 20506, 20567));
5;0.947265625000000;20567;9;23.22;((20384, 20628), (20445, 20506, 20567));
5;0.948242187500000;20567;4;22.63;((20384, 20628), (20445, 20506, 20567));
5;0.947753906250000;20567;4;22.73;((20384, 20628), (20445, 20506, 20567));
5;0.947509765625000;20567;8;23.11;((20384, 20628), (20445, 20506, 20567));
5;0.947631835937500;20567;7;22.92;((20384, 20628), (20445, 20506, 20567));
5;0.947692871093750;20567;8;23.98;((20384, 20628), (20445, 20506, 20567));
5;0.947723388671875;20567;8;22.92;((20384, 20628), (20445, 20506, 20567));
5;0.947738647460938;20567;6;23.22;((20384, 20628), (20445, 20506, 20567));
5;0.947746276855469;20567;6;22.71;((20384, 20628), (20445, 20506, 20567));
5;0.947750091552734;20567;7;23.33;((20384, 20628), (20445, 20506, 20567));
5;0.947751998901367;20567;8;22.65;((20384, 20628), (20445, 20506, 20567));
5;0.947752952575684;20567;8;23.19;((20384, 20628), (20445, 20506, 20567));
5;0.500000000000000;20475;11;13.19;((20445, 20567), (20475, 20505, 20535));
5;0.750000000000000;20475;11;19.09;((20445, 20567), (20475, 20505, 20535));
5;0.875000000000000;20475;11;21.87;((20445, 20567), (20475, 20505, 20535));
5;0.937500000000000;20475;11;24.19;((20445, 20567), (20475, 20505, 20535));
5;0.968750000000000;20475;0;10.00;((20445, 20567), (20475, 20505, 20535));
5;0.953125000000000;20475;0;14.14;((20445, 20567), (20475, 20505, 20535));
5;0.945312500000000;20475;11;24.19;((20445, 20567), (20475, 20505, 20535));
5;0.949218750000000;20475;6;23.22;((20445, 20567), (20475, 20505, 20535));
5;0.951171875000000;20475;0;15.66;((20445, 20567), (20475, 20505, 20535));
5;0.950195312500000;20475;2;22.41;((20445, 20567), (20475, 20505, 20535));
5;0.949707031250000;20475;1;22.18;((20445, 20567), (20475, 20505, 20535));
5;0.949462890625000;20475;4;22.57;((20445, 20567), (20475, 20505, 20535));
5;0.949340820312500;20475;2;22.55;((20445, 20567), (20475, 20505, 20535));
5;0.949279785156250;20475;2;22.71;((20445, 20567), (20475, 20505, 20535));
5;0.949249267578125;20475;2;22.45;((20445, 20567), (20475, 20505, 20535));
5;0.949234008789062;20475;1;22.13;((20445, 20567), (20475, 20505, 20535));
5;0.949226379394531;20475;5;23.62;((20445, 20567), (20475, 20505, 20535));
5;0.949222564697266;20475;3;22.47;((20445, 20567), (20475, 20505, 20535));
5;0.949220657348633;20475;2;22.45;((20445, 20567), (20475, 20505, 20535));
5;0.949219703674316;20475;2;22.57;((20445, 20567), (20475, 20505, 20535));
5;0.500000000000000;20505;11;13.24;((20445, 20567), (20475, 20505, 20535));
5;0.750000000000000;20505;11;19.82;((20445, 20567), (20475, 20505, 20535));
5;0.875000000000000;20505;11;22.39;((20445, 20567), (20475, 20505, 20535));
5;0.937500000000000;20505;11;23.35;((20445, 20567), (20475, 20505, 20535));
5;0.968750000000000;20505;0;9.81;((20445, 20567), (20475, 20505, 20535));
5;0.953125000000000;20505;0;15.12;((20445, 20567), (20475, 20505, 20535));
5;0.945312500000000;20505;10;23.42;((20445, 20567), (20475, 20505, 20535));
5;0.949218750000000;20505;4;22.82;((20445, 20567), (20475, 20505, 20535));
5;0.947265625000000;20505;8;22.85;((20445, 20567), (20475, 20505, 20535));
5;0.948242187500000;20505;5;22.98;((20445, 20567), (20475, 20505, 20535));
5;0.947753906250000;20505;6;22.81;((20445, 20567), (20475, 20505, 20535));
5;0.947998046875000;20505;10;22.91;((20445, 20567), (20475, 20505, 20535));
5;0.948120117187500;20505;8;22.98;((20445, 20567), (20475, 20505, 20535));
5;0.948181152343750;20505;8;23.81;((20445, 20567), (20475, 20505, 20535));
5;0.948211669921875;20505;7;22.64;((20445, 20567), (20475, 20505, 20535));
5;0.948226928710938;20505;8;22.82;((20445, 20567), (20475, 20505, 20535));
5;0.948234558105469;20505;5;22.63;((20445, 20567), (20475, 20505, 20535));
5;0.948230743408203;20505;5;22.56;((20445, 20567), (20475, 20505, 20535));
5;0.948228836059570;20505;8;23.28;((20445, 20567), (20475, 20505, 20535));
5;0.948229789733887;20505;6;22.85;((20445, 20567), (20475, 20505, 20535));
5;0.500000000000000;20535;11;13.24;((20445, 20567), (20475, 20505, 20535));
5;0.750000000000000;20535;11;20.28;((20445, 20567), (20475, 20505, 20535));
5;0.875000000000000;20535;11;22.56;((20445, 20567), (20475, 20505, 20535));
5;0.937500000000000;20535;11;23.68;((20445, 20567), (20475, 20505, 20535));
5;0.968750000000000;20535;0;9.87;((20445, 20567), (20475, 20505, 20535));
5;0.953125000000000;20535;0;12.83;((20445, 20567), (20475, 20505, 20535));
5;0.945312500000000;20535;9;23.28;((20445, 20567), (20475, 20505, 20535));
5;0.949218750000000;20535;6;22.48;((20445, 20567), (20475, 20505, 20535));
5;0.951171875000000;20535;1;22.36;((20445, 20567), (20475, 20505, 20535));
5;0.950195312500000;20535;2;22.46;((20445, 20567), (20475, 20505, 20535));
5;0.949707031250000;20535;3;22.77;((20445, 20567), (20475, 20505, 20535));
5;0.949462890625000;20535;2;22.58;((20445, 20567), (20475, 20505, 20535));
5;0.949340820312500;20535;5;22.78;((20445, 20567), (20475, 20505, 20535));
5;0.949279785156250;20535;3;23.41;((20445, 20567), (20475, 20505, 20535));
5;0.949249267578125;20535;3;22.49;((20445, 20567), (20475, 20505, 20535));
5;0.949234008789062;20535;5;23.20;((20445, 20567), (20475, 20505, 20535));
5;0.949226379394531;20535;3;23.01;((20445, 20567), (20475, 20505, 20535));
5;0.949222564697266;20535;3;22.87;((20445, 20567), (20475, 20505, 20535));
5;0.949220657348633;20535;4;23.07;((20445, 20567), (20475, 20505, 20535));
5;0.949219703674316;20535;6;23.10;((20445, 20567), (20475, 20505, 20535));
5;0.500000000000000;20520;11;13.27;((20505, 20567), (20520, 20535, 20550));
5;0.750000000000000;20520;11;19.61;((20505, 20567), (20520, 20535, 20550));
5;0.875000000000000;20520;11;26.49;((20505, 20567), (20520, 20535, 20550));
5;0.937500000000000;20520;11;24.79;((20505, 20567), (20520, 20535, 20550));
5;0.968750000000000;20520;0;9.93;((20505, 20567), (20520, 20535, 20550));
5;0.953125000000000;20520;0;10.79;((20505, 20567), (20520, 20535, 20550));
5;0.945312500000000;20520;2;22.24;((20505, 20567), (20520, 20535, 20550));
5;0.941406250000000;20520;8;22.76;((20505, 20567), (20520, 20535, 20550));
5;0.943359375000000;20520;3;22.70;((20505, 20567), (20520, 20535, 20550));
5;0.942382812500000;20520;6;22.71;((20505, 20567), (20520, 20535, 20550));
5;0.942871093750000;20520;7;22.57;((20505, 20567), (20520, 20535, 20550));
5;0.943115234375000;20520;6;23.68;((20505, 20567), (20520, 20535, 20550));
5;0.943237304687500;20520;3;22.43;((20505, 20567), (20520, 20535, 20550));
5;0.943176269531250;20520;4;23.01;((20505, 20567), (20520, 20535, 20550));
5;0.943145751953125;20520;2;22.50;((20505, 20567), (20520, 20535, 20550));
5;0.943130493164062;20520;4;22.48;((20505, 20567), (20520, 20535, 20550));
5;0.943122863769531;20520;5;22.89;((20505, 20567), (20520, 20535, 20550));
5;0.943119049072266;20520;6;23.18;((20505, 20567), (20520, 20535, 20550));
5;0.943120956420898;20520;4;22.45;((20505, 20567), (20520, 20535, 20550));
5;0.943120002746582;20520;2;22.52;((20505, 20567), (20520, 20535, 20550));
5;0.500000000000000;20550;11;14.13;((20505, 20567), (20520, 20535, 20550));
5;0.750000000000000;20550;11;18.94;((20505, 20567), (20520, 20535, 20550));
5;0.875000000000000;20550;11;22.46;((20505, 20567), (20520, 20535, 20550));
5;0.937500000000000;20550;11;23.67;((20505, 20567), (20520, 20535, 20550));
5;0.968750000000000;20550;0;9.98;((20505, 20567), (20520, 20535, 20550));
5;0.953125000000000;20550;0;10.94;((20505, 20567), (20520, 20535, 20550));
5;0.945312500000000;20550;2;22.66;((20505, 20567), (20520, 20535, 20550));
5;0.941406250000000;20550;7;22.51;((20505, 20567), (20520, 20535, 20550));
5;0.943359375000000;20550;7;22.97;((20505, 20567), (20520, 20535, 20550));
5;0.944335937500000;20550;1;22.25;((20505, 20567), (20520, 20535, 20550));
5;0.943847656250000;20550;5;23.02;((20505, 20567), (20520, 20535, 20550));
5;0.943603515625000;20550;2;22.39;((20505, 20567), (20520, 20535, 20550));
5;0.943481445312500;20550;4;22.67;((20505, 20567), (20520, 20535, 20550));
5;0.943420410156250;20550;5;22.55;((20505, 20567), (20520, 20535, 20550));
5;0.943389892578125;20550;5;22.51;((20505, 20567), (20520, 20535, 20550));
5;0.943374633789062;20550;4;22.59;((20505, 20567), (20520, 20535, 20550));
5;0.943367004394531;20550;5;22.63;((20505, 20567), (20520, 20535, 20550));
5;0.943363189697266;20550;5;22.93;((20505, 20567), (20520, 20535, 20550));
5;0.943361282348633;20550;4;22.62;((20505, 20567), (20520, 20535, 20550));
5;0.943360328674316;20550;2;22.53;((20505, 20567), (20520, 20535, 20550));
