5;0.500000000000000;750000;11;42.77;((0, 3000000), (750000, 1500000, 2250000));
5;0.750000000000000;750000;0;31.51;((0, 3000000), (750000, 1500000, 2250000));
5;0.625000000000000;750000;11;52.29;((0, 3000000), (750000, 1500000, 2250000));
5;0.687500000000000;750000;11;57.88;((0, 3000000), (750000, 1500000, 2250000));
5;0.718750000000000;750000;11;59.36;((0, 3000000), (750000, 1500000, 2250000));
5;0.734375000000000;750000;11;61.17;((0, 3000000), (750000, 1500000, 2250000));
5;0.742187500000000;750000;0;34.31;((0, 3000000), (750000, 1500000, 2250000));
5;0.738281250000000;750000;11;60.73;((0, 3000000), (750000, 1500000, 2250000));
5;0.740234375000000;750000;11;61.93;((0, 3000000), (750000, 1500000, 2250000));
5;0.741210937500000;750000;9;58.80;((0, 3000000), (750000, 1500000, 2250000));
5;0.741699218750000;750000;4;58.42;((0, 3000000), (750000, 1500000, 2250000));
5;0.741455078125000;750000;5;61.95;((0, 3000000), (750000, 1500000, 2250000));
5;0.741333007812500;750000;5;58.41;((0, 3000000), (750000, 1500000, 2250000));
5;0.741271972656250;750000;5;57.96;((0, 3000000), (750000, 1500000, 2250000));
5;0.741241455078125;750000;6;58.60;((0, 3000000), (750000, 1500000, 2250000));
5;0.741256713867188;750000;7;58.50;((0, 3000000), (750000, 1500000, 2250000));
5;0.741264343261719;750000;6;57.98;((0, 3000000), (750000, 1500000, 2250000));
5;0.741268157958984;750000;6;58.31;((0, 3000000), (750000, 1500000, 2250000));
5;0.741270065307617;750000;7;58.34;((0, 3000000), (750000, 1500000, 2250000));
5;0.741271018981934;750000;8;58.70;((0, 3000000), (750000, 1500000, 2250000));
5;0.500000000000000;1500000;11;43.01;((0, 3000000), (750000, 1500000, 2250000));
5;0.750000000000000;1500000;0;28.89;((0, 3000000), (750000, 1500000, 2250000));
5;0.625000000000000;1500000;0;30.45;((0, 3000000), (750000, 1500000, 2250000));
5;0.562500000000000;1500000;11;47.63;((0, 3000000), (750000, 1500000, 2250000));
5;0.593750000000000;1500000;11;50.34;((0, 3000000), (750000, 1500000, 2250000));
5;0.609375000000000;1500000;11;52.16;((0, 3000000), (750000, 1500000, 2250000));
5;0.617187500000000;1500000;0;29.52;((0, 3000000), (750000, 1500000, 2250000));
5;0.613281250000000;1500000;11;52.04;((0, 3000000), (750000, 1500000, 2250000));
5;0.615234375000000;1500000;11;51.60;((0, 3000000), (750000, 1500000, 2250000));
5;0.616210937500000;1500000;1;48.04;((0, 3000000), (750000, 1500000, 2250000));
5;0.615722656250000;1500000;8;51.13;((0, 3000000), (750000, 1500000, 2250000));
5;0.615966796875000;1500000;4;50.11;((0, 3000000), (750000, 1500000, 2250000));
5;0.615844726562500;1500000;6;49.16;((0, 3000000), (750000, 1500000, 2250000));
5;0.615905761718750;1500000;4;49.12;((0, 3000000), (750000, 1500000, 2250000));
5;0.615875244140625;1500000;7;50.19;((0, 3000000), (750000, 1500000, 2250000));
5;0.615890502929688;1500000;6;50.61;((0, 3000000), (750000, 1500000, 2250000));
5;0.615898132324219;1500000;6;50.92;((0, 3000000), (750000, 1500000, 2250000));
5;0.615901947021484;1500000;5;50.08;((0, 3000000), (750000, 1500000, 2250000));
5;0.615900039672852;1500000;8;49.16;((0, 3000000), (750000, 1500000, 2250000));
5;0.615900993347168;1500000;5;49.86;((0, 3000000), (750000, 1500000, 2250000));
5;0.500000000000000;2250000;11;42.35;((0, 3000000), (750000, 1500000, 2250000));
5;0.750000000000000;2250000;0;27.35;((0, 3000000), (750000, 1500000, 2250000));
5;0.625000000000000;2250000;0;27.20;((0, 3000000), (750000, 1500000, 2250000));
5;0.562500000000000;2250000;11;47.69;((0, 3000000), (750000, 1500000, 2250000));
5;0.593750000000000;2250000;11;50.05;((0, 3000000), (750000, 1500000, 2250000));
5;0.609375000000000;2250000;0;28.21;((0, 3000000), (750000, 1500000, 2250000));
5;0.601562500000000;2250000;11;51.21;((0, 3000000), (750000, 1500000, 2250000));
5;0.605468750000000;2250000;11;51.79;((0, 3000000), (750000, 1500000, 2250000));
5;0.607421875000000;2250000;4;48.31;((0, 3000000), (750000, 1500000, 2250000));
5;0.606445312500000;2250000;11;51.79;((0, 3000000), (750000, 1500000, 2250000));
5;0.606933593750000;2250000;11;50.98;((0, 3000000), (750000, 1500000, 2250000));
5;0.607177734375000;2250000;7;48.71;((0, 3000000), (750000, 1500000, 2250000));
5;0.607299804687500;2250000;7;49.12;((0, 3000000), (750000, 1500000, 2250000));
5;0.607360839843750;2250000;7;48.82;((0, 3000000), (750000, 1500000, 2250000));
5;0.607391357421875;2250000;4;48.36;((0, 3000000), (750000, 1500000, 2250000));
5;0.607376098632812;2250000;4;48.85;((0, 3000000), (750000, 1500000, 2250000));
5;0.607368469238281;2250000;6;50.55;((0, 3000000), (750000, 1500000, 2250000));
5;0.607372283935547;2250000;6;48.66;((0, 3000000), (750000, 1500000, 2250000));
5;0.607374191284180;2250000;5;48.81;((0, 3000000), (750000, 1500000, 2250000));
5;0.607373237609863;2250000;3;48.04;((0, 3000000), (750000, 1500000, 2250000));
5;0.500000000000000;375000;11;41.99;((0, 1500000), (375000, 750000, 1125000));
5;0.750000000000000;375000;11;61.08;((0, 1500000), (375000, 750000, 1125000));
5;0.875000000000000;375000;0;31.95;((0, 1500000), (375000, 750000, 1125000));
5;0.812500000000000;375000;11;66.22;((0, 1500000), (375000, 750000, 1125000));
5;0.843750000000000;375000;11;68.84;((0, 1500000), (375000, 750000, 1125000));
5;0.859375000000000;375000;11;72.57;((0, 1500000), (375000, 750000, 1125000));
5;0.867187500000000;375000;0;31.61;((0, 1500000), (375000, 750000, 1125000));
5;0.863281250000000;375000;0;37.01;((0, 1500000), (375000, 750000, 1125000));
5;0.861328125000000;375000;5;66.51;((0, 1500000), (375000, 750000, 1125000));
5;0.860351562500000;375000;11;69.80;((0, 1500000), (375000, 750000, 1125000));
5;0.860839843750000;375000;10;68.62;((0, 1500000), (375000, 750000, 1125000));
5;0.861083984375000;375000;6;67.01;((0, 1500000), (375000, 750000, 1125000));
5;0.861206054687500;375000;9;67.78;((0, 1500000), (375000, 750000, 1125000));
5;0.861267089843750;375000;6;67.10;((0, 1500000), (375000, 750000, 1125000));
5;0.861297607421875;375000;6;66.48;((0, 1500000), (375000, 750000, 1125000));
5;0.861312866210938;375000;8;66.68;((0, 1500000), (375000, 750000, 1125000));
5;0.861320495605469;375000;6;67.55;((0, 1500000), (375000, 750000, 1125000));
5;0.861324310302734;375000;5;65.94;((0, 1500000), (375000, 750000, 1125000));
5;0.861322402954102;375000;4;65.89;((0, 1500000), (375000, 750000, 1125000));
5;0.861321449279785;375000;7;67.15;((0, 1500000), (375000, 750000, 1125000));
5;0.500000000000000;1125000;11;42.77;((0, 1500000), (375000, 750000, 1125000));
5;0.750000000000000;1125000;0;29.92;((0, 1500000), (375000, 750000, 1125000));
5;0.625000000000000;1125000;11;52.06;((0, 1500000), (375000, 750000, 1125000));
5;0.687500000000000;1125000;0;29.72;((0, 1500000), (375000, 750000, 1125000));
5;0.656250000000000;1125000;0;30.40;((0, 1500000), (375000, 750000, 1125000));
5;0.640625000000000;1125000;11;54.94;((0, 1500000), (375000, 750000, 1125000));
5;0.648437500000000;1125000;11;56.39;((0, 1500000), (375000, 750000, 1125000));
5;0.652343750000000;1125000;0;30.24;((0, 1500000), (375000, 750000, 1125000));
5;0.650390625000000;1125000;0;30.79;((0, 1500000), (375000, 750000, 1125000));
5;0.649414062500000;1125000;1;51.54;((0, 1500000), (375000, 750000, 1125000));
5;0.648925781250000;1125000;1;50.00;((0, 1500000), (375000, 750000, 1125000));
5;0.648681640625000;1125000;4;51.45;((0, 1500000), (375000, 750000, 1125000));
5;0.648559570312500;1125000;9;52.70;((0, 1500000), (375000, 750000, 1125000));
5;0.648620605468750;1125000;6;53.67;((0, 1500000), (375000, 750000, 1125000));
5;0.648651123046875;1125000;6;51.90;((0, 1500000), (375000, 750000, 1125000));
5;0.648666381835938;1125000;4;51.14;((0, 1500000), (375000, 750000, 1125000));
5;0.648658752441406;1125000;8;51.95;((0, 1500000), (375000, 750000, 1125000));
5;0.648662567138672;1125000;8;52.58;((0, 1500000), (375000, 750000, 1125000));
5;0.648664474487305;1125000;8;56.68;((0, 1500000), (375000, 750000, 1125000));
5;0.648665428161621;1125000;5;52.04;((0, 1500000), (375000, 750000, 1125000));
5;0.500000000000000;187500;11;41.63;((0, 750000), (187500, 375000, 562500));
5;0.750000000000000;187500;11;60.08;((0, 750000), (187500, 375000, 562500));
5;0.875000000000000;187500;11;69.57;((0, 750000), (187500, 375000, 562500));
5;0.937500000000000;187500;0;31.67;((0, 750000), (187500, 375000, 562500));
5;0.906250000000000;187500;11;74.39;((0, 750000), (187500, 375000, 562500));
5;0.921875000000000;187500;0;38.72;((0, 750000), (187500, 375000, 562500));
5;0.914062500000000;187500;11;74.28;((0, 750000), (187500, 375000, 562500));
5;0.917968750000000;187500;11;73.88;((0, 750000), (187500, 375000, 562500));
5;0.919921875000000;187500;5;71.45;((0, 750000), (187500, 375000, 562500));
5;0.918945312500000;187500;7;70.84;((0, 750000), (187500, 375000, 562500));
5;0.919433593750000;187500;7;71.00;((0, 750000), (187500, 375000, 562500));
5;0.919677734375000;187500;6;70.10;((0, 750000), (187500, 375000, 562500));
5;0.919799804687500;187500;4;70.53;((0, 750000), (187500, 375000, 562500));
5;0.919738769531250;187500;5;69.28;((0, 750000), (187500, 375000, 562500));
5;0.919708251953125;187500;5;70.49;((0, 750000), (187500, 375000, 562500));
5;0.919692993164062;187500;7;71.93;((0, 750000), (187500, 375000, 562500));
5;0.919700622558594;187500;10;71.94;((0, 750000), (187500, 375000, 562500));
5;0.919704437255859;187500;5;70.20;((0, 750000), (187500, 375000, 562500));
5;0.919702529907227;187500;4;69.58;((0, 750000), (187500, 375000, 562500));
5;0.919701576232910;187500;6;70.77;((0, 750000), (187500, 375000, 562500));
5;0.500000000000000;562500;11;43.14;((0, 750000), (187500, 375000, 562500));
5;0.750000000000000;562500;11;62.43;((0, 750000), (187500, 375000, 562500));
5;0.875000000000000;562500;0;31.36;((0, 750000), (187500, 375000, 562500));
5;0.812500000000000;562500;0;32.39;((0, 750000), (187500, 375000, 562500));
5;0.781250000000000;562500;11;64.96;((0, 750000), (187500, 375000, 562500));
5;0.796875000000000;562500;11;64.93;((0, 750000), (187500, 375000, 562500));
5;0.804687500000000;562500;0;32.38;((0, 750000), (187500, 375000, 562500));
5;0.800781250000000;562500;9;62.48;((0, 750000), (187500, 375000, 562500));
5;0.802734375000000;562500;0;37.26;((0, 750000), (187500, 375000, 562500));
5;0.801757812500000;562500;2;61.71;((0, 750000), (187500, 375000, 562500));
5;0.801269531250000;562500;5;62.78;((0, 750000), (187500, 375000, 562500));
5;0.801025390625000;562500;9;75.44;((0, 750000), (187500, 375000, 562500));
5;0.801147460937500;562500;7;62.63;((0, 750000), (187500, 375000, 562500));
5;0.801208496093750;562500;4;62.72;((0, 750000), (187500, 375000, 562500));
5;0.801177978515625;562500;7;62.89;((0, 750000), (187500, 375000, 562500));
5;0.801193237304688;562500;4;63.06;((0, 750000), (187500, 375000, 562500));
5;0.801185607910156;562500;4;62.09;((0, 750000), (187500, 375000, 562500));
5;0.801181793212891;562500;9;64.24;((0, 750000), (187500, 375000, 562500));
5;0.801183700561523;562500;5;62.56;((0, 750000), (187500, 375000, 562500));
5;0.801182746887207;562500;8;63.14;((0, 750000), (187500, 375000, 562500));
5;0.500000000000000;93750;11;41.70;((0, 375000), (93750, 187500, 281250));
5;0.750000000000000;93750;11;60.66;((0, 375000), (93750, 187500, 281250));
5;0.875000000000000;93750;11;70.44;((0, 375000), (93750, 187500, 281250));
5;0.937500000000000;93750;11;74.63;((0, 375000), (93750, 187500, 281250));
5;0.968750000000000;93750;0;31.87;((0, 375000), (93750, 187500, 281250));
5;0.953125000000000;93750;0;33.77;((0, 375000), (93750, 187500, 281250));
5;0.945312500000000;93750;9;73.13;((0, 375000), (93750, 187500, 281250));
5;0.949218750000000;93750;0;36.48;((0, 375000), (93750, 187500, 281250));
5;0.947265625000000;93750;0;49.71;((0, 375000), (93750, 187500, 281250));
5;0.946289062500000;93750;2;71.23;((0, 375000), (93750, 187500, 281250));
5;0.945800781250000;93750;6;72.22;((0, 375000), (93750, 187500, 281250));
5;0.946044921875000;93750;6;71.97;((0, 375000), (93750, 187500, 281250));
5;0.946166992187500;93750;3;71.98;((0, 375000), (93750, 187500, 281250));
5;0.946105957031250;93750;7;71.79;((0, 375000), (93750, 187500, 281250));
5;0.946136474609375;93750;6;71.64;((0, 375000), (93750, 187500, 281250));
5;0.946151733398438;93750;8;74.67;((0, 375000), (93750, 187500, 281250));
5;0.946159362792969;93750;4;74.12;((0, 375000), (93750, 187500, 281250));
5;0.946155548095703;93750;6;72.45;((0, 375000), (93750, 187500, 281250));
5;0.946157455444336;93750;4;71.04;((0, 375000), (93750, 187500, 281250));
5;0.946156501770020;93750;8;71.87;((0, 375000), (93750, 187500, 281250));
5;0.500000000000000;281250;11;42.60;((0, 375000), (93750, 187500, 281250));
5;0.750000000000000;281250;11;59.53;((0, 375000), (93750, 187500, 281250));
5;0.875000000000000;281250;11;69.70;((0, 375000), (93750, 187500, 281250));
5;0.937500000000000;281250;0;32.93;((0, 375000), (93750, 187500, 281250));
5;0.906250000000000;281250;0;31.71;((0, 375000), (93750, 187500, 281250));
5;0.890625000000000;281250;8;70.54;((0, 375000), (93750, 187500, 281250));
5;0.898437500000000;281250;0;33.19;((0, 375000), (93750, 187500, 281250));
5;0.894531250000000;281250;0;34.47;((0, 375000), (93750, 187500, 281250));
5;0.892578125000000;281250;0;39.99;((0, 375000), (93750, 187500, 281250));
5;0.891601562500000;281250;4;68.64;((0, 375000), (93750, 187500, 281250));
5;0.891113281250000;281250;6;69.07;((0, 375000), (93750, 187500, 281250));
5;0.891357421875000;281250;4;68.76;((0, 375000), (93750, 187500, 281250));
5;0.891235351562500;281250;5;69.06;((0, 375000), (93750, 187500, 281250));
5;0.891174316406250;281250;4;68.35;((0, 375000), (93750, 187500, 281250));
5;0.891143798828125;281250;5;69.23;((0, 375000), (93750, 187500, 281250));
5;0.891128540039062;281250;5;68.79;((0, 375000), (93750, 187500, 281250));
5;0.891120910644531;281250;5;69.51;((0, 375000), (93750, 187500, 281250));
5;0.891117095947266;281250;4;68.79;((0, 375000), (93750, 187500, 281250));
5;0.891115188598633;281250;4;67.83;((0, 375000), (93750, 187500, 281250));
5;0.891114234924316;281250;6;68.39;((0, 375000), (93750, 187500, 281250));
5;0.500000000000000;46875;11;41.35;((0, 187500), (46875, 93750, 140625));
5;0.750000000000000;46875;11;59.52;((0, 187500), (46875, 93750, 140625));
5;0.875000000000000;46875;11;70.47;((0, 187500), (46875, 93750, 140625));
5;0.937500000000000;46875;11;75.67;((0, 187500), (46875, 93750, 140625));
5;0.968750000000000;46875;0;32.93;((0, 187500), (46875, 93750, 140625));
5;0.953125000000000;46875;11;75.92;((0, 187500), (46875, 93750, 140625));
5;0.960937500000000;46875;5;71.93;((0, 187500), (46875, 93750, 140625));
5;0.957031250000000;46875;11;75.78;((0, 187500), (46875, 93750, 140625));
5;0.958984375000000;46875;10;74.46;((0, 187500), (46875, 93750, 140625));
5;0.959960937500000;46875;6;72.18;((0, 187500), (46875, 93750, 140625));
5;0.960449218750000;46875;4;71.53;((0, 187500), (46875, 93750, 140625));
5;0.960205078125000;46875;5;72.07;((0, 187500), (46875, 93750, 140625));
5;0.960083007812500;46875;8;73.05;((0, 187500), (46875, 93750, 140625));
5;0.960144042968750;46875;8;73.39;((0, 187500), (46875, 93750, 140625));
5;0.960174560546875;46875;5;72.34;((0, 187500), (46875, 93750, 140625));
5;0.960159301757812;46875;8;73.28;((0, 187500), (46875, 93750, 140625));
5;0.960166931152344;46875;5;71.69;((0, 187500), (46875, 93750, 140625));
5;0.960163116455078;46875;3;71.57;((0, 187500), (46875, 93750, 140625));
5;0.960161209106445;46875;7;71.76;((0, 187500), (46875, 93750, 140625));
5;0.960162162780762;46875;4;72.81;((0, 187500), (46875, 93750, 140625));
5;0.500000000000000;140625;11;42.32;((0, 187500), (46875, 93750, 140625));
5;0.750000000000000;140625;11;60.37;((0, 187500), (46875, 93750, 140625));
5;0.875000000000000;140625;11;69.53;((0, 187500), (46875, 93750, 140625));
5;0.937500000000000;140625;9;72.78;((0, 187500), (46875, 93750, 140625));
5;0.968750000000000;140625;0;32.64;((0, 187500), (46875, 93750, 140625));
5;0.953125000000000;140625;0;31.55;((0, 187500), (46875, 93750, 140625));
5;0.945312500000000;140625;0;32.86;((0, 187500), (46875, 93750, 140625));
5;0.941406250000000;140625;0;39.31;((0, 187500), (46875, 93750, 140625));
5;0.939453125000000;140625;0;44.92;((0, 187500), (46875, 93750, 140625));
5;0.938476562500000;140625;4;71.44;((0, 187500), (46875, 93750, 140625));
5;0.937988281250000;140625;6;73.08;((0, 187500), (46875, 93750, 140625));
5;0.938232421875000;140625;8;72.09;((0, 187500), (46875, 93750, 140625));
5;0.938354492187500;140625;8;73.75;((0, 187500), (46875, 93750, 140625));
5;0.938415527343750;140625;6;71.80;((0, 187500), (46875, 93750, 140625));
5;0.938446044921875;140625;6;72.17;((0, 187500), (46875, 93750, 140625));
5;0.938461303710938;140625;4;71.87;((0, 187500), (46875, 93750, 140625));
5;0.938453674316406;140625;1;70.68;((0, 187500), (46875, 93750, 140625));
5;0.938449859619141;140625;4;71.64;((0, 187500), (46875, 93750, 140625));
5;0.938447952270508;140625;7;72.32;((0, 187500), (46875, 93750, 140625));
5;0.938448905944824;140625;6;72.01;((0, 187500), (46875, 93750, 140625));
5;0.500000000000000;23437;11;41.10;((0, 93750), (23437, 46874, 70311));
5;0.750000000000000;23437;11;59.04;((0, 93750), (23437, 46874, 70311));
5;0.875000000000000;23437;11;69.02;((0, 93750), (23437, 46874, 70311));
5;0.937500000000000;23437;11;73.47;((0, 93750), (23437, 46874, 70311));
5;0.968750000000000;23437;0;32.53;((0, 93750), (23437, 46874, 70311));
5;0.953125000000000;23437;11;74.34;((0, 93750), (23437, 46874, 70311));
5;0.960937500000000;23437;1;69.73;((0, 93750), (23437, 46874, 70311));
5;0.957031250000000;23437;10;72.83;((0, 93750), (23437, 46874, 70311));
5;0.958984375000000;23437;7;72.13;((0, 93750), (23437, 46874, 70311));
5;0.959960937500000;23437;3;71.81;((0, 93750), (23437, 46874, 70311));
5;0.959472656250000;23437;7;74.66;((0, 93750), (23437, 46874, 70311));
5;0.959716796875000;23437;3;70.16;((0, 93750), (23437, 46874, 70311));
5;0.959594726562500;23437;7;71.65;((0, 93750), (23437, 46874, 70311));
5;0.959655761718750;23437;1;69.82;((0, 93750), (23437, 46874, 70311));
5;0.959625244140625;23437;3;70.08;((0, 93750), (23437, 46874, 70311));
5;0.959609985351562;23437;6;71.58;((0, 93750), (23437, 46874, 70311));
5;0.959617614746094;23437;5;70.68;((0, 93750), (23437, 46874, 70311));
5;0.959613800048828;23437;6;72.40;((0, 93750), (23437, 46874, 70311));
5;0.959615707397461;23437;4;70.35;((0, 93750), (23437, 46874, 70311));
5;0.959614753723145;23437;2;71.51;((0, 93750), (23437, 46874, 70311));
5;0.500000000000000;46874;11;41.80;((0, 93750), (23437, 46874, 70311));
5;0.750000000000000;46874;11;59.80;((0, 93750), (23437, 46874, 70311));
5;0.875000000000000;46874;11;70.40;((0, 93750), (23437, 46874, 70311));
5;0.937500000000000;46874;11;73.19;((0, 93750), (23437, 46874, 70311));
5;0.968750000000000;46874;0;32.01;((0, 93750), (23437, 46874, 70311));
5;0.953125000000000;46874;9;73.11;((0, 93750), (23437, 46874, 70311));
5;0.960937500000000;46874;0;35.70;((0, 93750), (23437, 46874, 70311));
5;0.957031250000000;46874;0;43.88;((0, 93750), (23437, 46874, 70311));
5;0.955078125000000;46874;2;70.16;((0, 93750), (23437, 46874, 70311));
5;0.954101562500000;46874;10;73.06;((0, 93750), (23437, 46874, 70311));
5;0.954589843750000;46874;7;71.71;((0, 93750), (23437, 46874, 70311));
5;0.954833984375000;46874;6;71.32;((0, 93750), (23437, 46874, 70311));
5;0.954956054687500;46874;6;72.10;((0, 93750), (23437, 46874, 70311));
5;0.955017089843750;46874;7;73.39;((0, 93750), (23437, 46874, 70311));
5;0.955047607421875;46874;9;73.03;((0, 93750), (23437, 46874, 70311));
5;0.955062866210938;46874;3;70.87;((0, 93750), (23437, 46874, 70311));
5;0.955055236816406;46874;6;72.81;((0, 93750), (23437, 46874, 70311));
5;0.955059051513672;46874;8;72.38;((0, 93750), (23437, 46874, 70311));
5;0.955060958862305;46874;4;70.78;((0, 93750), (23437, 46874, 70311));
5;0.955060005187988;46874;5;72.90;((0, 93750), (23437, 46874, 70311));
5;0.500000000000000;70311;11;41.31;((0, 93750), (23437, 46874, 70311));
5;0.750000000000000;70311;11;60.09;((0, 93750), (23437, 46874, 70311));
5;0.875000000000000;70311;11;71.44;((0, 93750), (23437, 46874, 70311));
5;0.937500000000000;70311;11;74.24;((0, 93750), (23437, 46874, 70311));
5;0.968750000000000;70311;0;31.54;((0, 93750), (23437, 46874, 70311));
5;0.953125000000000;70311;11;75.86;((0, 93750), (23437, 46874, 70311));
5;0.960937500000000;70311;0;39.07;((0, 93750), (23437, 46874, 70311));
5;0.957031250000000;70311;2;71.43;((0, 93750), (23437, 46874, 70311));
5;0.955078125000000;70311;10;75.40;((0, 93750), (23437, 46874, 70311));
5;0.956054687500000;70311;4;73.60;((0, 93750), (23437, 46874, 70311));
5;0.955566406250000;70311;9;80.58;((0, 93750), (23437, 46874, 70311));
5;0.955810546875000;70311;8;73.56;((0, 93750), (23437, 46874, 70311));
5;0.955932617187500;70311;4;71.90;((0, 93750), (23437, 46874, 70311));
5;0.955871582031250;70311;8;74.32;((0, 93750), (23437, 46874, 70311));
5;0.955902099609375;70311;9;74.80;((0, 93750), (23437, 46874, 70311));
5;0.955917358398438;70311;8;73.16;((0, 93750), (23437, 46874, 70311));
5;0.955924987792969;70311;7;73.47;((0, 93750), (23437, 46874, 70311));
5;0.955928802490234;70311;7;74.99;((0, 93750), (23437, 46874, 70311));
5;0.955930709838867;70311;8;74.39;((0, 93750), (23437, 46874, 70311));
5;0.955931663513184;70311;7;73.93;((0, 93750), (23437, 46874, 70311));
5;0.500000000000000;11718;11;40.48;((0, 46874), (11718, 23436, 35154));
5;0.750000000000000;11718;11;59.19;((0, 46874), (11718, 23436, 35154));
5;0.875000000000000;11718;11;67.08;((0, 46874), (11718, 23436, 35154));
5;0.937500000000000;11718;11;73.23;((0, 46874), (11718, 23436, 35154));
5;0.968750000000000;11718;0;31.05;((0, 46874), (11718, 23436, 35154));
5;0.953125000000000;11718;0;46.90;((0, 46874), (11718, 23436, 35154));
5;0.945312500000000;11718;11;72.97;((0, 46874), (11718, 23436, 35154));
5;0.949218750000000;11718;7;70.76;((0, 46874), (11718, 23436, 35154));
5;0.951171875000000;11718;0;50.25;((0, 46874), (11718, 23436, 35154));
5;0.950195312500000;11718;6;70.35;((0, 46874), (11718, 23436, 35154));
5;0.950683593750000;11718;5;70.69;((0, 46874), (11718, 23436, 35154));
5;0.950439453125000;11718;6;70.78;((0, 46874), (11718, 23436, 35154));
5;0.950561523437500;11718;4;70.20;((0, 46874), (11718, 23436, 35154));
5;0.950500488281250;11718;8;70.78;((0, 46874), (11718, 23436, 35154));
5;0.950531005859375;11718;3;69.77;((0, 46874), (11718, 23436, 35154));
5;0.950515747070312;11718;6;70.48;((0, 46874), (11718, 23436, 35154));
5;0.950523376464844;11718;10;71.81;((0, 46874), (11718, 23436, 35154));
5;0.950527191162109;11718;3;69.44;((0, 46874), (11718, 23436, 35154));
5;0.950525283813477;11718;7;69.68;((0, 46874), (11718, 23436, 35154));
5;0.950526237487793;11718;4;71.30;((0, 46874), (11718, 23436, 35154));
5;0.500000000000000;23436;11;40.94;((0, 46874), (11718, 23436, 35154));
5;0.750000000000000;23436;11;59.20;((0, 46874), (11718, 23436, 35154));
5;0.875000000000000;23436;11;68.69;((0, 46874), (11718, 23436, 35154));
5;0.937500000000000;23436;11;73.14;((0, 46874), (11718, 23436, 35154));
5;0.968750000000000;23436;0;33.54;((0, 46874), (11718, 23436, 35154));
5;0.953125000000000;23436;11;74.29;((0, 46874), (11718, 23436, 35154));
5;0.960937500000000;23436;0;47.98;((0, 46874), (11718, 23436, 35154));
5;0.957031250000000;23436;9;72.79;((0, 46874), (11718, 23436, 35154));
5;0.958984375000000;23436;7;72.00;((0, 46874), (11718, 23436, 35154));
5;0.959960937500000;23436;4;72.17;((0, 46874), (11718, 23436, 35154));
5;0.959472656250000;23436;4;71.94;((0, 46874), (11718, 23436, 35154));
5;0.959228515625000;23436;6;70.61;((0, 46874), (11718, 23436, 35154));
5;0.959350585937500;23436;4;71.68;((0, 46874), (11718, 23436, 35154));
5;0.959289550781250;23436;3;70.48;((0, 46874), (11718, 23436, 35154));
5;0.959259033203125;23436;7;71.04;((0, 46874), (11718, 23436, 35154));
5;0.959274291992188;23436;4;71.42;((0, 46874), (11718, 23436, 35154));
5;0.959266662597656;23436;5;71.06;((0, 46874), (11718, 23436, 35154));
5;0.959262847900391;23436;7;73.16;((0, 46874), (11718, 23436, 35154));
5;0.959264755249023;23436;8;72.13;((0, 46874), (11718, 23436, 35154));
5;0.959265708923340;23436;4;72.50;((0, 46874), (11718, 23436, 35154));
5;0.500000000000000;35154;11;41.24;((0, 46874), (11718, 23436, 35154));
5;0.750000000000000;35154;11;59.14;((0, 46874), (11718, 23436, 35154));
5;0.875000000000000;35154;11;69.87;((0, 46874), (11718, 23436, 35154));
5;0.937500000000000;35154;11;72.96;((0, 46874), (11718, 23436, 35154));
5;0.968750000000000;35154;0;31.97;((0, 46874), (11718, 23436, 35154));
5;0.953125000000000;35154;10;72.87;((0, 46874), (11718, 23436, 35154));
5;0.960937500000000;35154;0;39.12;((0, 46874), (11718, 23436, 35154));
5;0.957031250000000;35154;2;70.94;((0, 46874), (11718, 23436, 35154));
5;0.955078125000000;35154;6;72.58;((0, 46874), (11718, 23436, 35154));
5;0.956054687500000;35154;5;71.14;((0, 46874), (11718, 23436, 35154));
5;0.955566406250000;35154;4;71.37;((0, 46874), (11718, 23436, 35154));
5;0.955322265625000;35154;5;71.10;((0, 46874), (11718, 23436, 35154));
5;0.955200195312500;35154;7;71.72;((0, 46874), (11718, 23436, 35154));
5;0.955261230468750;35154;5;71.82;((0, 46874), (11718, 23436, 35154));
5;0.955230712890625;35154;4;71.91;((0, 46874), (11718, 23436, 35154));
5;0.955215454101562;35154;7;72.20;((0, 46874), (11718, 23436, 35154));
5;0.955223083496094;35154;7;71.75;((0, 46874), (11718, 23436, 35154));
5;0.955226898193359;35154;6;71.56;((0, 46874), (11718, 23436, 35154));
5;0.955228805541992;35154;6;72.38;((0, 46874), (11718, 23436, 35154));
5;0.955229759216309;35154;6;70.99;((0, 46874), (11718, 23436, 35154));
5;0.500000000000000;17577;11;41.95;((11718, 35154), (17577, 23436, 29295));
5;0.750000000000000;17577;11;60.08;((11718, 35154), (17577, 23436, 29295));
5;0.875000000000000;17577;11;68.00;((11718, 35154), (17577, 23436, 29295));
5;0.937500000000000;17577;11;72.64;((11718, 35154), (17577, 23436, 29295));
5;0.968750000000000;17577;0;33.31;((11718, 35154), (17577, 23436, 29295));
5;0.953125000000000;17577;9;70.52;((11718, 35154), (17577, 23436, 29295));
5;0.960937500000000;17577;0;43.69;((11718, 35154), (17577, 23436, 29295));
5;0.957031250000000;17577;4;73.41;((11718, 35154), (17577, 23436, 29295));
5;0.955078125000000;17577;8;71.90;((11718, 35154), (17577, 23436, 29295));
5;0.956054687500000;17577;6;71.36;((11718, 35154), (17577, 23436, 29295));
5;0.956542968750000;17577;7;71.91;((11718, 35154), (17577, 23436, 29295));
5;0.956787109375000;17577;3;71.40;((11718, 35154), (17577, 23436, 29295));
5;0.956665039062500;17577;3;69.73;((11718, 35154), (17577, 23436, 29295));
5;0.956604003906250;17577;7;72.35;((11718, 35154), (17577, 23436, 29295));
5;0.956634521484375;17577;6;70.80;((11718, 35154), (17577, 23436, 29295));
5;0.956649780273438;17577;9;72.49;((11718, 35154), (17577, 23436, 29295));
5;0.956657409667969;17577;2;70.61;((11718, 35154), (17577, 23436, 29295));
5;0.956653594970703;17577;5;71.60;((11718, 35154), (17577, 23436, 29295));
5;0.956651687622070;17577;7;71.15;((11718, 35154), (17577, 23436, 29295));
5;0.956652641296387;17577;5;70.10;((11718, 35154), (17577, 23436, 29295));
5;0.500000000000000;29295;11;41.12;((11718, 35154), (17577, 23436, 29295));
5;0.750000000000000;29295;11;59.80;((11718, 35154), (17577, 23436, 29295));
5;0.875000000000000;29295;11;69.65;((11718, 35154), (17577, 23436, 29295));
5;0.937500000000000;29295;11;73.85;((11718, 35154), (17577, 23436, 29295));
5;0.968750000000000;29295;0;34.26;((11718, 35154), (17577, 23436, 29295));
5;0.953125000000000;29295;11;78.95;((11718, 35154), (17577, 23436, 29295));
5;0.960937500000000;29295;3;70.77;((11718, 35154), (17577, 23436, 29295));
5;0.957031250000000;29295;11;74.85;((11718, 35154), (17577, 23436, 29295));
5;0.958984375000000;29295;9;71.55;((11718, 35154), (17577, 23436, 29295));
5;0.959960937500000;29295;9;73.85;((11718, 35154), (17577, 23436, 29295));
5;0.960449218750000;29295;5;75.81;((11718, 35154), (17577, 23436, 29295));
5;0.960205078125000;29295;9;71.66;((11718, 35154), (17577, 23436, 29295));
5;0.960327148437500;29295;4;71.13;((11718, 35154), (17577, 23436, 29295));
5;0.960266113281250;29295;6;71.73;((11718, 35154), (17577, 23436, 29295));
5;0.960296630859375;29295;7;72.20;((11718, 35154), (17577, 23436, 29295));
5;0.960311889648438;29295;4;71.24;((11718, 35154), (17577, 23436, 29295));
5;0.960304260253906;29295;9;73.32;((11718, 35154), (17577, 23436, 29295));
5;0.960308074951172;29295;6;77.29;((11718, 35154), (17577, 23436, 29295));
5;0.960309982299805;29295;7;72.34;((11718, 35154), (17577, 23436, 29295));
5;0.960310935974121;29295;6;72.88;((11718, 35154), (17577, 23436, 29295));
5;0.500000000000000;26365;11;48.75;((23436, 35154), (26365, 29294, 32223));
5;0.750000000000000;26365;11;58.88;((23436, 35154), (26365, 29294, 32223));
5;0.875000000000000;26365;11;67.69;((23436, 35154), (26365, 29294, 32223));
5;0.937500000000000;26365;11;73.46;((23436, 35154), (26365, 29294, 32223));
5;0.968750000000000;26365;0;34.26;((23436, 35154), (26365, 29294, 32223));
5;0.953125000000000;26365;11;75.15;((23436, 35154), (26365, 29294, 32223));
5;0.960937500000000;26365;2;70.87;((23436, 35154), (26365, 29294, 32223));
5;0.957031250000000;26365;10;72.87;((23436, 35154), (26365, 29294, 32223));
5;0.958984375000000;26365;7;71.22;((23436, 35154), (26365, 29294, 32223));
5;0.959960937500000;26365;5;72.48;((23436, 35154), (26365, 29294, 32223));
5;0.959472656250000;26365;6;72.18;((23436, 35154), (26365, 29294, 32223));
5;0.959716796875000;26365;8;72.68;((23436, 35154), (26365, 29294, 32223));
5;0.959838867187500;26365;7;73.55;((23436, 35154), (26365, 29294, 32223));
5;0.959899902343750;26365;6;72.07;((23436, 35154), (26365, 29294, 32223));
5;0.959930419921875;26365;8;72.47;((23436, 35154), (26365, 29294, 32223));
5;0.959945678710938;26365;5;71.72;((23436, 35154), (26365, 29294, 32223));
5;0.959938049316406;26365;2;71.16;((23436, 35154), (26365, 29294, 32223));
5;0.959934234619141;26365;6;76.25;((23436, 35154), (26365, 29294, 32223));
5;0.959936141967773;26365;7;72.09;((23436, 35154), (26365, 29294, 32223));
5;0.959937095642090;26365;6;72.11;((23436, 35154), (26365, 29294, 32223));
5;0.500000000000000;29294;11;40.58;((23436, 35154), (26365, 29294, 32223));
5;0.750000000000000;29294;11;60.57;((23436, 35154), (26365, 29294, 32223));
5;0.875000000000000;29294;11;69.59;((23436, 35154), (26365, 29294, 32223));
5;0.937500000000000;29294;11;73.47;((23436, 35154), (26365, 29294, 32223));
5;0.968750000000000;29294;0;33.37;((23436, 35154), (26365, 29294, 32223));
5;0.953125000000000;29294;8;71.77;((23436, 35154), (26365, 29294, 32223));
5;0.960937500000000;29294;0;36.11;((23436, 35154), (26365, 29294, 32223));
5;0.957031250000000;29294;1;70.13;((23436, 35154), (26365, 29294, 32223));
5;0.955078125000000;29294;5;71.04;((23436, 35154), (26365, 29294, 32223));
5;0.954101562500000;29294;7;72.14;((23436, 35154), (26365, 29294, 32223));
5;0.954589843750000;29294;5;70.84;((23436, 35154), (26365, 29294, 32223));
5;0.954345703125000;29294;5;71.50;((23436, 35154), (26365, 29294, 32223));
5;0.954223632812500;29294;8;71.50;((23436, 35154), (26365, 29294, 32223));
5;0.954284667968750;29294;8;71.70;((23436, 35154), (26365, 29294, 32223));
5;0.954315185546875;29294;6;71.53;((23436, 35154), (26365, 29294, 32223));
5;0.954330444335938;29294;7;71.33;((23436, 35154), (26365, 29294, 32223));
5;0.954338073730469;29294;7;71.11;((23436, 35154), (26365, 29294, 32223));
5;0.954341888427734;29294;10;74.28;((23436, 35154), (26365, 29294, 32223));
5;0.954343795776367;29294;9;72.64;((23436, 35154), (26365, 29294, 32223));
5;0.954344749450684;29294;8;70.50;((23436, 35154), (26365, 29294, 32223));
5;0.500000000000000;32223;11;41.51;((23436, 35154), (26365, 29294, 32223));
5;0.750000000000000;32223;11;59.91;((23436, 35154), (26365, 29294, 32223));
5;0.875000000000000;32223;11;69.52;((23436, 35154), (26365, 29294, 32223));
5;0.937500000000000;32223;11;73.44;((23436, 35154), (26365, 29294, 32223));
5;0.968750000000000;32223;0;37.87;((23436, 35154), (26365, 29294, 32223));
5;0.953125000000000;32223;11;74.70;((23436, 35154), (26365, 29294, 32223));
5;0.960937500000000;32223;7;73.34;((23436, 35154), (26365, 29294, 32223));
5;0.964843750000000;32223;1;69.18;((23436, 35154), (26365, 29294, 32223));
5;0.962890625000000;32223;1;70.53;((23436, 35154), (26365, 29294, 32223));
5;0.961914062500000;32223;4;72.73;((23436, 35154), (26365, 29294, 32223));
5;0.961425781250000;32223;3;70.70;((23436, 35154), (26365, 29294, 32223));
5;0.961181640625000;32223;3;71.02;((23436, 35154), (26365, 29294, 32223));
5;0.961059570312500;32223;10;74.31;((23436, 35154), (26365, 29294, 32223));
5;0.961120605468750;32223;8;74.27;((23436, 35154), (26365, 29294, 32223));
5;0.961151123046875;32223;4;71.47;((23436, 35154), (26365, 29294, 32223));
5;0.961135864257812;32223;4;72.32;((23436, 35154), (26365, 29294, 32223));
5;0.961128234863281;32223;4;72.56;((23436, 35154), (26365, 29294, 32223));
5;0.961124420166016;32223;3;71.81;((23436, 35154), (26365, 29294, 32223));
5;0.961122512817383;32223;3;70.15;((23436, 35154), (26365, 29294, 32223));
5;0.961121559143066;32223;6;74.87;((23436, 35154), (26365, 29294, 32223));
5;0.500000000000000;30759;11;41.22;((29294, 35154), (30759, 32224, 33689));
5;0.750000000000000;30759;11;59.57;((29294, 35154), (30759, 32224, 33689));
5;0.875000000000000;30759;11;70.76;((29294, 35154), (30759, 32224, 33689));
5;0.937500000000000;30759;11;76.03;((29294, 35154), (30759, 32224, 33689));
5;0.968750000000000;30759;0;32.62;((29294, 35154), (30759, 32224, 33689));
5;0.953125000000000;30759;11;75.26;((29294, 35154), (30759, 32224, 33689));
5;0.960937500000000;30759;4;71.48;((29294, 35154), (30759, 32224, 33689));
5;0.957031250000000;30759;10;72.74;((29294, 35154), (30759, 32224, 33689));
5;0.958984375000000;30759;9;73.12;((29294, 35154), (30759, 32224, 33689));
5;0.959960937500000;30759;10;74.50;((29294, 35154), (30759, 32224, 33689));
5;0.960449218750000;30759;7;71.94;((29294, 35154), (30759, 32224, 33689));
5;0.960693359375000;30759;7;71.80;((29294, 35154), (30759, 32224, 33689));
5;0.960815429687500;30759;7;72.47;((29294, 35154), (30759, 32224, 33689));
5;0.960876464843750;30759;5;81.47;((29294, 35154), (30759, 32224, 33689));
5;0.960845947265625;30759;5;72.25;((29294, 35154), (30759, 32224, 33689));
5;0.960830688476562;30759;5;71.74;((29294, 35154), (30759, 32224, 33689));
5;0.960823059082031;30759;8;72.20;((29294, 35154), (30759, 32224, 33689));
5;0.960826873779297;30759;7;72.89;((29294, 35154), (30759, 32224, 33689));
5;0.960828781127930;30759;2;70.52;((29294, 35154), (30759, 32224, 33689));
5;0.960827827453613;30759;6;72.61;((29294, 35154), (30759, 32224, 33689));
5;0.500000000000000;32224;11;41.86;((29294, 35154), (30759, 32224, 33689));
5;0.750000000000000;32224;11;59.33;((29294, 35154), (30759, 32224, 33689));
5;0.875000000000000;32224;11;69.85;((29294, 35154), (30759, 32224, 33689));
5;0.937500000000000;32224;11;71.89;((29294, 35154), (30759, 32224, 33689));
5;0.968750000000000;32224;0;31.85;((29294, 35154), (30759, 32224, 33689));
5;0.953125000000000;32224;7;72.99;((29294, 35154), (30759, 32224, 33689));
5;0.960937500000000;32224;0;40.68;((29294, 35154), (30759, 32224, 33689));
5;0.957031250000000;32224;3;71.61;((29294, 35154), (30759, 32224, 33689));
5;0.955078125000000;32224;5;72.12;((29294, 35154), (30759, 32224, 33689));
5;0.954101562500000;32224;7;71.49;((29294, 35154), (30759, 32224, 33689));
5;0.954589843750000;32224;7;71.20;((29294, 35154), (30759, 32224, 33689));
5;0.954833984375000;32224;6;71.23;((29294, 35154), (30759, 32224, 33689));
5;0.954956054687500;32224;8;71.81;((29294, 35154), (30759, 32224, 33689));
5;0.955017089843750;32224;9;73.36;((29294, 35154), (30759, 32224, 33689));
5;0.955047607421875;32224;4;71.57;((29294, 35154), (30759, 32224, 33689));
5;0.955032348632812;32224;6;72.17;((29294, 35154), (30759, 32224, 33689));
5;0.955039978027344;32224;4;70.49;((29294, 35154), (30759, 32224, 33689));
5;0.955036163330078;32224;6;71.80;((29294, 35154), (30759, 32224, 33689));
5;0.955038070678711;32224;7;73.74;((29294, 35154), (30759, 32224, 33689));
5;0.955039024353027;32224;8;71.87;((29294, 35154), (30759, 32224, 33689));
5;0.500000000000000;33689;11;41.51;((29294, 35154), (30759, 32224, 33689));
5;0.750000000000000;33689;11;60.19;((29294, 35154), (30759, 32224, 33689));
5;0.875000000000000;33689;11;68.96;((29294, 35154), (30759, 32224, 33689));
5;0.937500000000000;33689;11;73.78;((29294, 35154), (30759, 32224, 33689));
5;0.968750000000000;33689;0;39.70;((29294, 35154), (30759, 32224, 33689));
5;0.953125000000000;33689;11;73.88;((29294, 35154), (30759, 32224, 33689));
5;0.960937500000000;33689;7;73.96;((29294, 35154), (30759, 32224, 33689));
5;0.964843750000000;33689;0;46.00;((29294, 35154), (30759, 32224, 33689));
5;0.962890625000000;33689;3;71.47;((29294, 35154), (30759, 32224, 33689));
5;0.961914062500000;33689;5;71.31;((29294, 35154), (30759, 32224, 33689));
5;0.961425781250000;33689;5;71.11;((29294, 35154), (30759, 32224, 33689));
5;0.961181640625000;33689;5;71.61;((29294, 35154), (30759, 32224, 33689));
5;0.961059570312500;33689;5;71.79;((29294, 35154), (30759, 32224, 33689));
5;0.960998535156250;33689;6;72.28;((29294, 35154), (30759, 32224, 33689));
5;0.961029052734375;33689;3;71.17;((29294, 35154), (30759, 32224, 33689));
5;0.961013793945312;33689;6;72.52;((29294, 35154), (30759, 32224, 33689));
5;0.961021423339844;33689;5;72.02;((29294, 35154), (30759, 32224, 33689));
5;0.961017608642578;33689;7;71.66;((29294, 35154), (30759, 32224, 33689));
5;0.961019515991211;33689;6;72.26;((29294, 35154), (30759, 32224, 33689));
5;0.961020469665527;33689;5;71.53;((29294, 35154), (30759, 32224, 33689));
5;0.500000000000000;32956;11;40.78;((32224, 35154), (32956, 33688, 34420));
5;0.750000000000000;32956;11;58.91;((32224, 35154), (32956, 33688, 34420));
5;0.875000000000000;32956;11;69.08;((32224, 35154), (32956, 33688, 34420));
5;0.937500000000000;32956;11;75.18;((32224, 35154), (32956, 33688, 34420));
5;0.968750000000000;32956;0;37.29;((32224, 35154), (32956, 33688, 34420));
5;0.953125000000000;32956;11;73.74;((32224, 35154), (32956, 33688, 34420));
5;0.960937500000000;32956;6;72.51;((32224, 35154), (32956, 33688, 34420));
5;0.964843750000000;32956;0;41.01;((32224, 35154), (32956, 33688, 34420));
5;0.962890625000000;32956;2;69.91;((32224, 35154), (32956, 33688, 34420));
5;0.961914062500000;32956;3;71.69;((32224, 35154), (32956, 33688, 34420));
5;0.961425781250000;32956;5;71.86;((32224, 35154), (32956, 33688, 34420));
5;0.961181640625000;32956;4;71.11;((32224, 35154), (32956, 33688, 34420));
5;0.961059570312500;32956;4;71.81;((32224, 35154), (32956, 33688, 34420));
5;0.960998535156250;32956;7;71.53;((32224, 35154), (32956, 33688, 34420));
5;0.961029052734375;32956;6;72.74;((32224, 35154), (32956, 33688, 34420));
5;0.961044311523438;32956;4;71.53;((32224, 35154), (32956, 33688, 34420));
5;0.961036682128906;32956;8;75.88;((32224, 35154), (32956, 33688, 34420));
5;0.961040496826172;32956;7;71.59;((32224, 35154), (32956, 33688, 34420));
5;0.961042404174805;32956;6;71.54;((32224, 35154), (32956, 33688, 34420));
5;0.961043357849121;32956;5;71.86;((32224, 35154), (32956, 33688, 34420));
5;0.500000000000000;33688;11;42.15;((32224, 35154), (32956, 33688, 34420));
5;0.750000000000000;33688;11;59.31;((32224, 35154), (32956, 33688, 34420));
5;0.875000000000000;33688;11;69.28;((32224, 35154), (32956, 33688, 34420));
5;0.937500000000000;33688;11;74.64;((32224, 35154), (32956, 33688, 34420));
5;0.968750000000000;33688;0;33.41;((32224, 35154), (32956, 33688, 34420));
5;0.953125000000000;33688;11;75.45;((32224, 35154), (32956, 33688, 34420));
5;0.960937500000000;33688;4;71.81;((32224, 35154), (32956, 33688, 34420));
5;0.957031250000000;33688;11;76.10;((32224, 35154), (32956, 33688, 34420));
5;0.958984375000000;33688;9;72.42;((32224, 35154), (32956, 33688, 34420));
5;0.959960937500000;33688;8;73.22;((32224, 35154), (32956, 33688, 34420));
5;0.960449218750000;33688;7;72.53;((32224, 35154), (32956, 33688, 34420));
5;0.960693359375000;33688;9;73.16;((32224, 35154), (32956, 33688, 34420));
5;0.960815429687500;33688;5;74.88;((32224, 35154), (32956, 33688, 34420));
5;0.960754394531250;33688;7;72.35;((32224, 35154), (32956, 33688, 34420));
5;0.960784912109375;33688;7;72.43;((32224, 35154), (32956, 33688, 34420));
5;0.960800170898438;33688;5;71.80;((32224, 35154), (32956, 33688, 34420));
5;0.960792541503906;33688;10;73.55;((32224, 35154), (32956, 33688, 34420));
5;0.960796356201172;33688;3;71.05;((32224, 35154), (32956, 33688, 34420));
5;0.960794448852539;33688;7;72.34;((32224, 35154), (32956, 33688, 34420));
5;0.960795402526855;33688;5;72.96;((32224, 35154), (32956, 33688, 34420));
5;0.500000000000000;34420;11;41.36;((32224, 35154), (32956, 33688, 34420));
5;0.750000000000000;34420;11;59.83;((32224, 35154), (32956, 33688, 34420));
5;0.875000000000000;34420;11;69.15;((32224, 35154), (32956, 33688, 34420));
5;0.937500000000000;34420;11;74.52;((32224, 35154), (32956, 33688, 34420));
5;0.968750000000000;34420;0;32.30;((32224, 35154), (32956, 33688, 34420));
5;0.953125000000000;34420;9;72.59;((32224, 35154), (32956, 33688, 34420));
5;0.960937500000000;34420;0;38.07;((32224, 35154), (32956, 33688, 34420));
5;0.957031250000000;34420;2;70.48;((32224, 35154), (32956, 33688, 34420));
5;0.955078125000000;34420;7;71.31;((32224, 35154), (32956, 33688, 34420));
5;0.956054687500000;34420;8;73.41;((32224, 35154), (32956, 33688, 34420));
5;0.956542968750000;34420;2;70.50;((32224, 35154), (32956, 33688, 34420));
5;0.956298828125000;34420;4;70.23;((32224, 35154), (32956, 33688, 34420));
5;0.956176757812500;34420;3;70.94;((32224, 35154), (32956, 33688, 34420));
5;0.956115722656250;34420;6;71.44;((32224, 35154), (32956, 33688, 34420));
5;0.956146240234375;34420;4;71.48;((32224, 35154), (32956, 33688, 34420));
5;0.956130981445312;34420;2;70.22;((32224, 35154), (32956, 33688, 34420));
5;0.956123352050781;34420;5;72.22;((32224, 35154), (32956, 33688, 34420));
5;0.956119537353516;34420;10;73.08;((32224, 35154), (32956, 33688, 34420));
5;0.956121444702148;34420;7;72.65;((32224, 35154), (32956, 33688, 34420));
5;0.956122398376465;34420;2;70.92;((32224, 35154), (32956, 33688, 34420));
5;0.500000000000000;32590;11;40.83;((32224, 33688), (32590, 32956, 33322));
5;0.750000000000000;32590;11;59.44;((32224, 33688), (32590, 32956, 33322));
5;0.875000000000000;32590;11;68.68;((32224, 33688), (32590, 32956, 33322));
5;0.937500000000000;32590;11;73.64;((32224, 33688), (32590, 32956, 33322));
5;0.968750000000000;32590;0;31.90;((32224, 33688), (32590, 32956, 33322));
5;0.953125000000000;32590;11;75.32;((32224, 33688), (32590, 32956, 33322));
5;0.960937500000000;32590;0;34.92;((32224, 33688), (32590, 32956, 33322));
5;0.957031250000000;32590;4;71.48;((32224, 33688), (32590, 32956, 33322));
5;0.955078125000000;32590;8;71.58;((32224, 33688), (32590, 32956, 33322));
5;0.956054687500000;32590;4;70.55;((32224, 33688), (32590, 32956, 33322));
5;0.955566406250000;32590;7;71.70;((32224, 33688), (32590, 32956, 33322));
5;0.955810546875000;32590;3;71.19;((32224, 33688), (32590, 32956, 33322));
5;0.955688476562500;32590;4;71.11;((32224, 33688), (32590, 32956, 33322));
5;0.955627441406250;32590;5;71.07;((32224, 33688), (32590, 32956, 33322));
5;0.955596923828125;32590;4;70.51;((32224, 33688), (32590, 32956, 33322));
5;0.955581665039062;32590;7;70.76;((32224, 33688), (32590, 32956, 33322));
5;0.955589294433594;32590;4;70.96;((32224, 33688), (32590, 32956, 33322));
5;0.955585479736328;32590;5;71.34;((32224, 33688), (32590, 32956, 33322));
5;0.955583572387695;32590;5;71.73;((32224, 33688), (32590, 32956, 33322));
5;0.955582618713379;32590;6;71.68;((32224, 33688), (32590, 32956, 33322));
5;0.500000000000000;33322;11;42.48;((32224, 33688), (32590, 32956, 33322));
5;0.750000000000000;33322;11;59.21;((32224, 33688), (32590, 32956, 33322));
5;0.875000000000000;33322;11;70.67;((32224, 33688), (32590, 32956, 33322));
5;0.937500000000000;33322;11;73.67;((32224, 33688), (32590, 32956, 33322));
5;0.968750000000000;33322;0;31.42;((32224, 33688), (32590, 32956, 33322));
5;0.953125000000000;33322;10;73.27;((32224, 33688), (32590, 32956, 33322));
5;0.960937500000000;33322;0;42.97;((32224, 33688), (32590, 32956, 33322));
5;0.957031250000000;33322;1;69.13;((32224, 33688), (32590, 32956, 33322));
5;0.955078125000000;33322;11;75.22;((32224, 33688), (32590, 32956, 33322));
5;0.956054687500000;33322;7;71.47;((32224, 33688), (32590, 32956, 33322));
5;0.956542968750000;33322;4;71.94;((32224, 33688), (32590, 32956, 33322));
5;0.956298828125000;33322;6;70.32;((32224, 33688), (32590, 32956, 33322));
5;0.956420898437500;33322;5;70.73;((32224, 33688), (32590, 32956, 33322));
5;0.956359863281250;33322;2;72.29;((32224, 33688), (32590, 32956, 33322));
5;0.956329345703125;33322;5;70.84;((32224, 33688), (32590, 32956, 33322));
5;0.956314086914062;33322;4;70.37;((32224, 33688), (32590, 32956, 33322));
5;0.956306457519531;33322;4;71.22;((32224, 33688), (32590, 32956, 33322));
5;0.956302642822266;33322;4;70.81;((32224, 33688), (32590, 32956, 33322));
5;0.956300735473633;33322;2;69.96;((32224, 33688), (32590, 32956, 33322));
5;0.956299781799316;33322;2;70.51;((32224, 33688), (32590, 32956, 33322));
5;0.500000000000000;32773;11;41.26;((32590, 33322), (32773, 32956, 33139));
5;0.750000000000000;32773;11;62.18;((32590, 33322), (32773, 32956, 33139));
5;0.875000000000000;32773;11;68.55;((32590, 33322), (32773, 32956, 33139));
5;0.937500000000000;32773;11;72.81;((32590, 33322), (32773, 32956, 33139));
5;0.968750000000000;32773;0;35.00;((32590, 33322), (32773, 32956, 33139));
5;0.953125000000000;32773;11;76.38;((32590, 33322), (32773, 32956, 33139));
5;0.960937500000000;32773;8;71.89;((32590, 33322), (32773, 32956, 33139));
5;0.964843750000000;32773;0;41.88;((32590, 33322), (32773, 32956, 33139));
5;0.962890625000000;32773;0;45.01;((32590, 33322), (32773, 32956, 33139));
5;0.961914062500000;32773;2;71.46;((32590, 33322), (32773, 32956, 33139));
5;0.961425781250000;32773;4;71.84;((32590, 33322), (32773, 32956, 33139));
5;0.961181640625000;32773;5;71.79;((32590, 33322), (32773, 32956, 33139));
5;0.961059570312500;32773;7;71.66;((32590, 33322), (32773, 32956, 33139));
5;0.961120605468750;32773;3;71.83;((32590, 33322), (32773, 32956, 33139));
5;0.961090087890625;32773;8;71.61;((32590, 33322), (32773, 32956, 33139));
5;0.961105346679688;32773;6;72.72;((32590, 33322), (32773, 32956, 33139));
5;0.961112976074219;32773;5;72.48;((32590, 33322), (32773, 32956, 33139));
5;0.961109161376953;32773;5;73.25;((32590, 33322), (32773, 32956, 33139));
5;0.961107254028320;32773;5;71.22;((32590, 33322), (32773, 32956, 33139));
5;0.961106300354004;32773;6;73.20;((32590, 33322), (32773, 32956, 33139));
5;0.500000000000000;33139;11;41.06;((32590, 33322), (32773, 32956, 33139));
5;0.750000000000000;33139;11;59.60;((32590, 33322), (32773, 32956, 33139));
5;0.875000000000000;33139;11;69.97;((32590, 33322), (32773, 32956, 33139));
5;0.937500000000000;33139;11;73.77;((32590, 33322), (32773, 32956, 33139));
5;0.968750000000000;33139;0;34.91;((32590, 33322), (32773, 32956, 33139));
5;0.953125000000000;33139;11;74.56;((32590, 33322), (32773, 32956, 33139));
5;0.960937500000000;33139;8;71.73;((32590, 33322), (32773, 32956, 33139));
5;0.964843750000000;33139;0;46.10;((32590, 33322), (32773, 32956, 33139));
5;0.962890625000000;33139;0;49.25;((32590, 33322), (32773, 32956, 33139));
5;0.961914062500000;33139;2;70.55;((32590, 33322), (32773, 32956, 33139));
5;0.961425781250000;33139;6;73.05;((32590, 33322), (32773, 32956, 33139));
5;0.961669921875000;33139;3;71.09;((32590, 33322), (32773, 32956, 33139));
5;0.961547851562500;33139;5;71.75;((32590, 33322), (32773, 32956, 33139));
5;0.961486816406250;33139;3;71.52;((32590, 33322), (32773, 32956, 33139));
5;0.961456298828125;33139;6;72.42;((32590, 33322), (32773, 32956, 33139));
5;0.961471557617188;33139;4;71.76;((32590, 33322), (32773, 32956, 33139));
5;0.961463928222656;33139;3;70.98;((32590, 33322), (32773, 32956, 33139));
5;0.961460113525391;33139;3;71.12;((32590, 33322), (32773, 32956, 33139));
5;0.961458206176758;33139;1;70.78;((32590, 33322), (32773, 32956, 33139));
5;0.961457252502441;33139;1;70.18;((32590, 33322), (32773, 32956, 33139));
5;0.500000000000000;33047;11;41.55;((32956, 33322), (33047, 33138, 33229));
5;0.750000000000000;33047;11;59.16;((32956, 33322), (33047, 33138, 33229));
5;0.875000000000000;33047;11;69.23;((32956, 33322), (33047, 33138, 33229));
5;0.937500000000000;33047;11;74.68;((32956, 33322), (33047, 33138, 33229));
5;0.968750000000000;33047;0;34.79;((32956, 33322), (33047, 33138, 33229));
5;0.953125000000000;33047;11;74.60;((32956, 33322), (33047, 33138, 33229));
5;0.960937500000000;33047;5;71.72;((32956, 33322), (33047, 33138, 33229));
5;0.957031250000000;33047;11;74.98;((32956, 33322), (33047, 33138, 33229));
5;0.958984375000000;33047;9;72.49;((32956, 33322), (33047, 33138, 33229));
5;0.959960937500000;33047;10;73.26;((32956, 33322), (33047, 33138, 33229));
5;0.960449218750000;33047;7;72.71;((32956, 33322), (33047, 33138, 33229));
5;0.960693359375000;33047;5;71.17;((32956, 33322), (33047, 33138, 33229));
5;0.960571289062500;33047;7;72.90;((32956, 33322), (33047, 33138, 33229));
5;0.960632324218750;33047;5;72.09;((32956, 33322), (33047, 33138, 33229));
5;0.960601806640625;33047;7;73.38;((32956, 33322), (33047, 33138, 33229));
5;0.960617065429688;33047;6;71.01;((32956, 33322), (33047, 33138, 33229));
5;0.960624694824219;33047;6;71.83;((32956, 33322), (33047, 33138, 33229));
5;0.960628509521484;33047;4;71.62;((32956, 33322), (33047, 33138, 33229));
5;0.960626602172852;33047;3;73.68;((32956, 33322), (33047, 33138, 33229));
5;0.960625648498535;33047;5;71.62;((32956, 33322), (33047, 33138, 33229));
5;0.500000000000000;33138;11;40.88;((32956, 33322), (33047, 33138, 33229));
5;0.750000000000000;33138;11;59.32;((32956, 33322), (33047, 33138, 33229));
5;0.875000000000000;33138;11;69.36;((32956, 33322), (33047, 33138, 33229));
5;0.937500000000000;33138;11;73.77;((32956, 33322), (33047, 33138, 33229));
5;0.968750000000000;33138;0;32.57;((32956, 33322), (33047, 33138, 33229));
5;0.953125000000000;33138;11;74.88;((32956, 33322), (33047, 33138, 33229));
5;0.960937500000000;33138;5;71.39;((32956, 33322), (33047, 33138, 33229));
5;0.957031250000000;33138;10;74.09;((32956, 33322), (33047, 33138, 33229));
5;0.958984375000000;33138;9;72.87;((32956, 33322), (33047, 33138, 33229));
5;0.959960937500000;33138;10;73.73;((32956, 33322), (33047, 33138, 33229));
5;0.960449218750000;33138;6;72.54;((32956, 33322), (33047, 33138, 33229));
5;0.960693359375000;33138;7;72.86;((32956, 33322), (33047, 33138, 33229));
5;0.960815429687500;33138;7;72.54;((32956, 33322), (33047, 33138, 33229));
5;0.960876464843750;33138;7;72.32;((32956, 33322), (33047, 33138, 33229));
5;0.960906982421875;33138;6;72.06;((32956, 33322), (33047, 33138, 33229));
5;0.960922241210938;33138;4;71.89;((32956, 33322), (33047, 33138, 33229));
5;0.960914611816406;33138;7;73.42;((32956, 33322), (33047, 33138, 33229));
5;0.960918426513672;33138;4;71.84;((32956, 33322), (33047, 33138, 33229));
5;0.960916519165039;33138;6;72.27;((32956, 33322), (33047, 33138, 33229));
5;0.960917472839355;33138;4;70.74;((32956, 33322), (33047, 33138, 33229));
5;0.500000000000000;33229;11;41.75;((32956, 33322), (33047, 33138, 33229));
5;0.750000000000000;33229;11;59.50;((32956, 33322), (33047, 33138, 33229));
5;0.875000000000000;33229;11;68.75;((32956, 33322), (33047, 33138, 33229));
5;0.937500000000000;33229;11;74.23;((32956, 33322), (33047, 33138, 33229));
5;0.968750000000000;33229;0;33.90;((32956, 33322), (33047, 33138, 33229));
5;0.953125000000000;33229;11;77.72;((32956, 33322), (33047, 33138, 33229));
5;0.960937500000000;33229;4;71.92;((32956, 33322), (33047, 33138, 33229));
5;0.957031250000000;33229;11;74.99;((32956, 33322), (33047, 33138, 33229));
5;0.958984375000000;33229;11;75.28;((32956, 33322), (33047, 33138, 33229));
5;0.959960937500000;33229;11;76.80;((32956, 33322), (33047, 33138, 33229));
5;0.960449218750000;33229;6;71.92;((32956, 33322), (33047, 33138, 33229));
5;0.960693359375000;33229;8;72.64;((32956, 33322), (33047, 33138, 33229));
5;0.960815429687500;33229;5;71.16;((32956, 33322), (33047, 33138, 33229));
5;0.960754394531250;33229;6;72.76;((32956, 33322), (33047, 33138, 33229));
5;0.960784912109375;33229;4;72.72;((32956, 33322), (33047, 33138, 33229));
5;0.960769653320312;33229;4;72.27;((32956, 33322), (33047, 33138, 33229));
5;0.960762023925781;33229;6;71.92;((32956, 33322), (33047, 33138, 33229));
5;0.960765838623047;33229;7;72.87;((32956, 33322), (33047, 33138, 33229));
5;0.960767745971680;33229;3;70.46;((32956, 33322), (33047, 33138, 33229));
5;0.960766792297363;33229;6;71.61;((32956, 33322), (33047, 33138, 33229));
5;0.500000000000000;33092;11;41.65;((33047, 33229), (33092, 33137, 33182));
5;0.750000000000000;33092;11;60.14;((33047, 33229), (33092, 33137, 33182));
5;0.875000000000000;33092;11;68.93;((33047, 33229), (33092, 33137, 33182));
5;0.937500000000000;33092;11;73.84;((33047, 33229), (33092, 33137, 33182));
5;0.968750000000000;33092;0;31.75;((33047, 33229), (33092, 33137, 33182));
5;0.953125000000000;33092;11;75.23;((33047, 33229), (33092, 33137, 33182));
5;0.960937500000000;33092;0;39.25;((33047, 33229), (33092, 33137, 33182));
5;0.957031250000000;33092;1;68.58;((33047, 33229), (33092, 33137, 33182));
5;0.955078125000000;33092;10;71.95;((33047, 33229), (33092, 33137, 33182));
5;0.956054687500000;33092;6;72.72;((33047, 33229), (33092, 33137, 33182));
5;0.956542968750000;33092;4;70.96;((33047, 33229), (33092, 33137, 33182));
5;0.956298828125000;33092;5;72.41;((33047, 33229), (33092, 33137, 33182));
5;0.956176757812500;33092;4;71.45;((33047, 33229), (33092, 33137, 33182));
5;0.956115722656250;33092;5;72.36;((33047, 33229), (33092, 33137, 33182));
5;0.956085205078125;33092;4;73.56;((33047, 33229), (33092, 33137, 33182));
5;0.956069946289062;33092;6;72.35;((33047, 33229), (33092, 33137, 33182));
5;0.956077575683594;33092;4;74.97;((33047, 33229), (33092, 33137, 33182));
5;0.956073760986328;33092;4;73.79;((33047, 33229), (33092, 33137, 33182));
5;0.956071853637695;33092;6;74.82;((33047, 33229), (33092, 33137, 33182));
5;0.956072807312012;33092;7;75.11;((33047, 33229), (33092, 33137, 33182));
5;0.500000000000000;33137;11;42.77;((33047, 33229), (33092, 33137, 33182));
5;0.750000000000000;33137;11;63.28;((33047, 33229), (33092, 33137, 33182));
5;0.875000000000000;33137;11;73.55;((33047, 33229), (33092, 33137, 33182));
5;0.937500000000000;33137;11;78.19;((33047, 33229), (33092, 33137, 33182));
5;0.968750000000000;33137;0;36.42;((33047, 33229), (33092, 33137, 33182));
5;0.953125000000000;33137;11;87.92;((33047, 33229), (33092, 33137, 33182));
5;0.960937500000000;33137;5;73.90;((33047, 33229), (33092, 33137, 33182));
5;0.957031250000000;33137;11;75.51;((33047, 33229), (33092, 33137, 33182));
5;0.958984375000000;33137;9;76.18;((33047, 33229), (33092, 33137, 33182));
5;0.959960937500000;33137;8;74.49;((33047, 33229), (33092, 33137, 33182));
5;0.960449218750000;33137;6;74.77;((33047, 33229), (33092, 33137, 33182));
5;0.960693359375000;33137;7;74.17;((33047, 33229), (33092, 33137, 33182));
5;0.960815429687500;33137;7;72.62;((33047, 33229), (33092, 33137, 33182));
5;0.960876464843750;33137;7;73.90;((33047, 33229), (33092, 33137, 33182));
5;0.960906982421875;33137;3;72.20;((33047, 33229), (33092, 33137, 33182));
5;0.960891723632812;33137;6;73.43;((33047, 33229), (33092, 33137, 33182));
5;0.960899353027344;33137;3;71.65;((33047, 33229), (33092, 33137, 33182));
5;0.960895538330078;33137;4;71.65;((33047, 33229), (33092, 33137, 33182));
5;0.960893630981445;33137;7;81.10;((33047, 33229), (33092, 33137, 33182));
5;0.960894584655762;33137;5;71.92;((33047, 33229), (33092, 33137, 33182));
5;0.500000000000000;33182;11;41.26;((33047, 33229), (33092, 33137, 33182));
5;0.750000000000000;33182;11;60.31;((33047, 33229), (33092, 33137, 33182));
5;0.875000000000000;33182;11;70.69;((33047, 33229), (33092, 33137, 33182));
5;0.937500000000000;33182;11;73.30;((33047, 33229), (33092, 33137, 33182));
5;0.968750000000000;33182;0;32.99;((33047, 33229), (33092, 33137, 33182));
5;0.953125000000000;33182;10;74.41;((33047, 33229), (33092, 33137, 33182));
5;0.960937500000000;33182;0;37.47;((33047, 33229), (33092, 33137, 33182));
5;0.957031250000000;33182;3;70.87;((33047, 33229), (33092, 33137, 33182));
5;0.955078125000000;33182;5;74.15;((33047, 33229), (33092, 33137, 33182));
5;0.954101562500000;33182;8;77.26;((33047, 33229), (33092, 33137, 33182));
5;0.954589843750000;33182;5;75.41;((33047, 33229), (33092, 33137, 33182));
5;0.954345703125000;33182;10;77.85;((33047, 33229), (33092, 33137, 33182));
5;0.954467773437500;33182;10;79.15;((33047, 33229), (33092, 33137, 33182));
5;0.954528808593750;33182;6;75.70;((33047, 33229), (33092, 33137, 33182));
5;0.954559326171875;33182;11;77.06;((33047, 33229), (33092, 33137, 33182));
5;0.954574584960938;33182;9;75.64;((33047, 33229), (33092, 33137, 33182));
5;0.954582214355469;33182;11;77.38;((33047, 33229), (33092, 33137, 33182));
5;0.954586029052734;33182;10;77.78;((33047, 33229), (33092, 33137, 33182));
5;0.954587936401367;33182;8;88.95;((33047, 33229), (33092, 33137, 33182));
5;0.954588890075684;33182;6;74.64;((33047, 33229), (33092, 33137, 33182));
5;0.500000000000000;33114;11;42.97;((33092, 33182), (33114, 33136, 33158));
5;0.750000000000000;33114;11;64.25;((33092, 33182), (33114, 33136, 33158));
5;0.875000000000000;33114;11;73.45;((33092, 33182), (33114, 33136, 33158));
5;0.937500000000000;33114;11;77.93;((33092, 33182), (33114, 33136, 33158));
5;0.968750000000000;33114;0;34.25;((33092, 33182), (33114, 33136, 33158));
5;0.953125000000000;33114;11;75.10;((33092, 33182), (33114, 33136, 33158));
5;0.960937500000000;33114;0;38.27;((33092, 33182), (33114, 33136, 33158));
5;0.957031250000000;33114;1;69.49;((33092, 33182), (33114, 33136, 33158));
5;0.955078125000000;33114;7;74.52;((33092, 33182), (33114, 33136, 33158));
5;0.956054687500000;33114;5;73.16;((33092, 33182), (33114, 33136, 33158));
5;0.955566406250000;33114;7;74.76;((33092, 33182), (33114, 33136, 33158));
5;0.955810546875000;33114;2;73.40;((33092, 33182), (33114, 33136, 33158));
5;0.955688476562500;33114;6;74.18;((33092, 33182), (33114, 33136, 33158));
5;0.955749511718750;33114;4;72.50;((33092, 33182), (33114, 33136, 33158));
5;0.955718994140625;33114;4;73.68;((33092, 33182), (33114, 33136, 33158));
5;0.955703735351562;33114;6;75.19;((33092, 33182), (33114, 33136, 33158));
5;0.955711364746094;33114;6;76.10;((33092, 33182), (33114, 33136, 33158));
5;0.955715179443359;33114;4;74.71;((33092, 33182), (33114, 33136, 33158));
5;0.955713272094727;33114;6;72.88;((33092, 33182), (33114, 33136, 33158));
5;0.955714225769043;33114;5;75.33;((33092, 33182), (33114, 33136, 33158));
5;0.500000000000000;33136;11;42.22;((33092, 33182), (33114, 33136, 33158));
5;0.750000000000000;33136;11;59.48;((33092, 33182), (33114, 33136, 33158));
5;0.875000000000000;33136;11;72.14;((33092, 33182), (33114, 33136, 33158));
5;0.937500000000000;33136;11;73.19;((33092, 33182), (33114, 33136, 33158));
5;0.968750000000000;33136;0;35.11;((33092, 33182), (33114, 33136, 33158));
5;0.953125000000000;33136;11;74.45;((33092, 33182), (33114, 33136, 33158));
5;0.960937500000000;33136;7;72.70;((33092, 33182), (33114, 33136, 33158));
5;0.964843750000000;33136;0;40.50;((33092, 33182), (33114, 33136, 33158));
5;0.962890625000000;33136;2;70.10;((33092, 33182), (33114, 33136, 33158));
5;0.961914062500000;33136;1;69.54;((33092, 33182), (33114, 33136, 33158));
5;0.961425781250000;33136;2;75.78;((33092, 33182), (33114, 33136, 33158));
5;0.961181640625000;33136;4;73.95;((33092, 33182), (33114, 33136, 33158));
5;0.961059570312500;33136;4;71.24;((33092, 33182), (33114, 33136, 33158));
5;0.960998535156250;33136;4;71.28;((33092, 33182), (33114, 33136, 33158));
5;0.960968017578125;33136;7;72.03;((33092, 33182), (33114, 33136, 33158));
5;0.960983276367188;33136;6;71.95;((33092, 33182), (33114, 33136, 33158));
5;0.960990905761719;33136;4;71.37;((33092, 33182), (33114, 33136, 33158));
5;0.960987091064453;33136;4;71.05;((33092, 33182), (33114, 33136, 33158));
5;0.960985183715820;33136;3;70.58;((33092, 33182), (33114, 33136, 33158));
5;0.960984230041504;33136;7;72.81;((33092, 33182), (33114, 33136, 33158));
5;0.500000000000000;33158;11;42.30;((33092, 33182), (33114, 33136, 33158));
5;0.750000000000000;33158;11;59.89;((33092, 33182), (33114, 33136, 33158));
5;0.875000000000000;33158;11;68.71;((33092, 33182), (33114, 33136, 33158));
5;0.937500000000000;33158;11;76.33;((33092, 33182), (33114, 33136, 33158));
5;0.968750000000000;33158;0;34.79;((33092, 33182), (33114, 33136, 33158));
5;0.953125000000000;33158;11;77.97;((33092, 33182), (33114, 33136, 33158));
5;0.960937500000000;33158;6;74.88;((33092, 33182), (33114, 33136, 33158));
5;0.964843750000000;33158;0;45.07;((33092, 33182), (33114, 33136, 33158));
5;0.962890625000000;33158;0;45.66;((33092, 33182), (33114, 33136, 33158));
5;0.961914062500000;33158;2;70.13;((33092, 33182), (33114, 33136, 33158));
5;0.961425781250000;33158;8;72.91;((33092, 33182), (33114, 33136, 33158));
5;0.961669921875000;33158;4;72.13;((33092, 33182), (33114, 33136, 33158));
5;0.961547851562500;33158;1;70.69;((33092, 33182), (33114, 33136, 33158));
5;0.961486816406250;33158;5;74.26;((33092, 33182), (33114, 33136, 33158));
5;0.961456298828125;33158;5;72.98;((33092, 33182), (33114, 33136, 33158));
5;0.961441040039062;33158;6;72.07;((33092, 33182), (33114, 33136, 33158));
5;0.961448669433594;33158;4;73.61;((33092, 33182), (33114, 33136, 33158));
5;0.961444854736328;33158;4;73.32;((33092, 33182), (33114, 33136, 33158));
5;0.961442947387695;33158;5;74.38;((33092, 33182), (33114, 33136, 33158));
5;0.961441993713379;33158;6;75.93;((33092, 33182), (33114, 33136, 33158));
