5;0.500000000000000;1500000;11;84.50;((0, 6000000), (1500000, 3000000, 4500000));
5;0.750000000000000;1500000;0;65.36;((0, 6000000), (1500000, 3000000, 4500000));
5;0.625000000000000;1500000;11;105.92;((0, 6000000), (1500000, 3000000, 4500000));
5;0.687500000000000;1500000;11;114.92;((0, 6000000), (1500000, 3000000, 4500000));
5;0.718750000000000;1500000;11;120.61;((0, 6000000), (1500000, 3000000, 4500000));
5;0.734375000000000;1500000;11;121.18;((0, 6000000), (1500000, 3000000, 4500000));
5;0.742187500000000;1500000;0;68.26;((0, 6000000), (1500000, 3000000, 4500000));
5;0.738281250000000;1500000;11;122.89;((0, 6000000), (1500000, 3000000, 4500000));
5;0.740234375000000;1500000;11;124.47;((0, 6000000), (1500000, 3000000, 4500000));
5;0.741210937500000;1500000;8;120.13;((0, 6000000), (1500000, 3000000, 4500000));
5;0.741699218750000;1500000;2;116.94;((0, 6000000), (1500000, 3000000, 4500000));
5;0.741455078125000;1500000;4;122.20;((0, 6000000), (1500000, 3000000, 4500000));
5;0.741333007812500;1500000;6;119.26;((0, 6000000), (1500000, 3000000, 4500000));
5;0.741394042968750;1500000;5;118.94;((0, 6000000), (1500000, 3000000, 4500000));
5;0.741363525390625;1500000;6;118.98;((0, 6000000), (1500000, 3000000, 4500000));
5;0.741378784179688;1500000;8;119.14;((0, 6000000), (1500000, 3000000, 4500000));
5;0.741386413574219;1500000;8;119.60;((0, 6000000), (1500000, 3000000, 4500000));
5;0.741390228271484;1500000;5;119.47;((0, 6000000), (1500000, 3000000, 4500000));
5;0.741388320922852;1500000;6;119.04;((0, 6000000), (1500000, 3000000, 4500000));
5;0.741389274597168;1500000;8;120.82;((0, 6000000), (1500000, 3000000, 4500000));
5;0.500000000000000;3000000;11;85.87;((0, 6000000), (1500000, 3000000, 4500000));
5;0.750000000000000;3000000;0;59.09;((0, 6000000), (1500000, 3000000, 4500000));
5;0.625000000000000;3000000;0;58.30;((0, 6000000), (1500000, 3000000, 4500000));
5;0.562500000000000;3000000;11;96.30;((0, 6000000), (1500000, 3000000, 4500000));
5;0.593750000000000;3000000;11;101.33;((0, 6000000), (1500000, 3000000, 4500000));
5;0.609375000000000;3000000;11;106.06;((0, 6000000), (1500000, 3000000, 4500000));
5;0.617187500000000;3000000;0;59.32;((0, 6000000), (1500000, 3000000, 4500000));
5;0.613281250000000;3000000;11;104.76;((0, 6000000), (1500000, 3000000, 4500000));
5;0.615234375000000;3000000;11;105.17;((0, 6000000), (1500000, 3000000, 4500000));
5;0.616210937500000;3000000;2;100.23;((0, 6000000), (1500000, 3000000, 4500000));
5;0.615722656250000;3000000;11;107.28;((0, 6000000), (1500000, 3000000, 4500000));
5;0.615966796875000;3000000;4;100.21;((0, 6000000), (1500000, 3000000, 4500000));
5;0.615844726562500;3000000;7;101.21;((0, 6000000), (1500000, 3000000, 4500000));
5;0.615905761718750;3000000;7;101.00;((0, 6000000), (1500000, 3000000, 4500000));
5;0.615936279296875;3000000;7;101.14;((0, 6000000), (1500000, 3000000, 4500000));
5;0.615951538085938;3000000;4;99.54;((0, 6000000), (1500000, 3000000, 4500000));
5;0.615943908691406;3000000;7;102.11;((0, 6000000), (1500000, 3000000, 4500000));
5;0.615947723388672;3000000;5;101.53;((0, 6000000), (1500000, 3000000, 4500000));
5;0.615945816040039;3000000;5;100.20;((0, 6000000), (1500000, 3000000, 4500000));
5;0.615944862365723;3000000;3;99.89;((0, 6000000), (1500000, 3000000, 4500000));
5;0.500000000000000;4500000;11;85.82;((0, 6000000), (1500000, 3000000, 4500000));
5;0.750000000000000;4500000;0;56.58;((0, 6000000), (1500000, 3000000, 4500000));
5;0.625000000000000;4500000;0;55.31;((0, 6000000), (1500000, 3000000, 4500000));
5;0.562500000000000;4500000;11;95.90;((0, 6000000), (1500000, 3000000, 4500000));
5;0.593750000000000;4500000;11;100.31;((0, 6000000), (1500000, 3000000, 4500000));
5;0.609375000000000;4500000;0;56.17;((0, 6000000), (1500000, 3000000, 4500000));
5;0.601562500000000;4500000;11;101.85;((0, 6000000), (1500000, 3000000, 4500000));
5;0.605468750000000;4500000;11;103.73;((0, 6000000), (1500000, 3000000, 4500000));
5;0.607421875000000;4500000;4;99.02;((0, 6000000), (1500000, 3000000, 4500000));
5;0.606445312500000;4500000;11;103.31;((0, 6000000), (1500000, 3000000, 4500000));
5;0.606933593750000;4500000;11;103.21;((0, 6000000), (1500000, 3000000, 4500000));
5;0.607177734375000;4500000;11;125.40;((0, 6000000), (1500000, 3000000, 4500000));
5;0.607299804687500;4500000;4;98.61;((0, 6000000), (1500000, 3000000, 4500000));
5;0.607238769531250;4500000;9;99.78;((0, 6000000), (1500000, 3000000, 4500000));
5;0.607269287109375;4500000;6;99.45;((0, 6000000), (1500000, 3000000, 4500000));
5;0.607284545898438;4500000;8;101.53;((0, 6000000), (1500000, 3000000, 4500000));
5;0.607292175292969;4500000;8;99.63;((0, 6000000), (1500000, 3000000, 4500000));
5;0.607295989990234;4500000;9;100.78;((0, 6000000), (1500000, 3000000, 4500000));
5;0.607297897338867;4500000;8;100.00;((0, 6000000), (1500000, 3000000, 4500000));
5;0.607298851013184;4500000;7;100.68;((0, 6000000), (1500000, 3000000, 4500000));
5;0.500000000000000;750000;11;85.10;((0, 3000000), (750000, 1500000, 2250000));
5;0.750000000000000;750000;11;123.88;((0, 3000000), (750000, 1500000, 2250000));
5;0.875000000000000;750000;0;64.54;((0, 3000000), (750000, 1500000, 2250000));
5;0.812500000000000;750000;11;133.98;((0, 3000000), (750000, 1500000, 2250000));
5;0.843750000000000;750000;11;138.85;((0, 3000000), (750000, 1500000, 2250000));
5;0.859375000000000;750000;11;140.36;((0, 3000000), (750000, 1500000, 2250000));
5;0.867187500000000;750000;0;67.22;((0, 3000000), (750000, 1500000, 2250000));
5;0.863281250000000;750000;0;76.84;((0, 3000000), (750000, 1500000, 2250000));
5;0.861328125000000;750000;11;141.66;((0, 3000000), (750000, 1500000, 2250000));
5;0.862304687500000;750000;10;138.10;((0, 3000000), (750000, 1500000, 2250000));
5;0.862792968750000;750000;4;135.79;((0, 3000000), (750000, 1500000, 2250000));
5;0.862548828125000;750000;3;135.70;((0, 3000000), (750000, 1500000, 2250000));
5;0.862426757812500;750000;6;135.92;((0, 3000000), (750000, 1500000, 2250000));
5;0.862487792968750;750000;6;136.39;((0, 3000000), (750000, 1500000, 2250000));
5;0.862518310546875;750000;4;135.32;((0, 3000000), (750000, 1500000, 2250000));
5;0.862503051757812;750000;5;136.56;((0, 3000000), (750000, 1500000, 2250000));
5;0.862495422363281;750000;2;135.49;((0, 3000000), (750000, 1500000, 2250000));
5;0.862491607666016;750000;3;135.49;((0, 3000000), (750000, 1500000, 2250000));
5;0.862489700317383;750000;7;135.91;((0, 3000000), (750000, 1500000, 2250000));
5;0.862490653991699;750000;3;133.45;((0, 3000000), (750000, 1500000, 2250000));
5;0.500000000000000;2250000;11;86.00;((0, 3000000), (750000, 1500000, 2250000));
5;0.750000000000000;2250000;0;61.03;((0, 3000000), (750000, 1500000, 2250000));
5;0.625000000000000;2250000;11;105.80;((0, 3000000), (750000, 1500000, 2250000));
5;0.687500000000000;2250000;0;59.97;((0, 3000000), (750000, 1500000, 2250000));
5;0.656250000000000;2250000;0;61.78;((0, 3000000), (750000, 1500000, 2250000));
5;0.640625000000000;2250000;11;109.45;((0, 3000000), (750000, 1500000, 2250000));
5;0.648437500000000;2250000;7;105.26;((0, 3000000), (750000, 1500000, 2250000));
5;0.652343750000000;2250000;0;62.01;((0, 3000000), (750000, 1500000, 2250000));
5;0.650390625000000;2250000;0;63.37;((0, 3000000), (750000, 1500000, 2250000));
5;0.649414062500000;2250000;0;63.49;((0, 3000000), (750000, 1500000, 2250000));
5;0.648925781250000;2250000;4;105.18;((0, 3000000), (750000, 1500000, 2250000));
5;0.648681640625000;2250000;9;106.69;((0, 3000000), (750000, 1500000, 2250000));
5;0.648803710937500;2250000;5;106.24;((0, 3000000), (750000, 1500000, 2250000));
5;0.648742675781250;2250000;9;106.56;((0, 3000000), (750000, 1500000, 2250000));
5;0.648773193359375;2250000;9;109.85;((0, 3000000), (750000, 1500000, 2250000));
5;0.648788452148438;2250000;8;106.79;((0, 3000000), (750000, 1500000, 2250000));
5;0.648796081542969;2250000;4;105.86;((0, 3000000), (750000, 1500000, 2250000));
5;0.648792266845703;2250000;4;106.27;((0, 3000000), (750000, 1500000, 2250000));
5;0.648790359497070;2250000;4;105.67;((0, 3000000), (750000, 1500000, 2250000));
5;0.648789405822754;2250000;5;105.41;((0, 3000000), (750000, 1500000, 2250000));
5;0.500000000000000;375000;11;85.38;((0, 1500000), (375000, 750000, 1125000));
5;0.750000000000000;375000;11;122.34;((0, 1500000), (375000, 750000, 1125000));
5;0.875000000000000;375000;11;144.20;((0, 1500000), (375000, 750000, 1125000));
5;0.937500000000000;375000;0;65.25;((0, 1500000), (375000, 750000, 1125000));
5;0.906250000000000;375000;11;150.06;((0, 1500000), (375000, 750000, 1125000));
5;0.921875000000000;375000;3;150.00;((0, 1500000), (375000, 750000, 1125000));
5;0.914062500000000;375000;11;149.73;((0, 1500000), (375000, 750000, 1125000));
5;0.917968750000000;375000;11;151.99;((0, 1500000), (375000, 750000, 1125000));
5;0.919921875000000;375000;11;152.34;((0, 1500000), (375000, 750000, 1125000));
5;0.920898437500000;375000;8;150.76;((0, 1500000), (375000, 750000, 1125000));
5;0.921386718750000;375000;7;144.89;((0, 1500000), (375000, 750000, 1125000));
5;0.921630859375000;375000;5;144.61;((0, 1500000), (375000, 750000, 1125000));
5;0.921508789062500;375000;9;146.08;((0, 1500000), (375000, 750000, 1125000));
5;0.921569824218750;375000;5;144.05;((0, 1500000), (375000, 750000, 1125000));
5;0.921539306640625;375000;6;144.11;((0, 1500000), (375000, 750000, 1125000));
5;0.921554565429688;375000;8;144.77;((0, 1500000), (375000, 750000, 1125000));
5;0.921562194824219;375000;10;146.95;((0, 1500000), (375000, 750000, 1125000));
5;0.921566009521484;375000;10;147.27;((0, 1500000), (375000, 750000, 1125000));
5;0.921567916870117;375000;8;148.94;((0, 1500000), (375000, 750000, 1125000));
5;0.921568870544434;375000;9;145.39;((0, 1500000), (375000, 750000, 1125000));
5;0.500000000000000;1125000;11;88.78;((0, 1500000), (375000, 750000, 1125000));
5;0.750000000000000;1125000;11;127.16;((0, 1500000), (375000, 750000, 1125000));
5;0.875000000000000;1125000;0;64.10;((0, 1500000), (375000, 750000, 1125000));
5;0.812500000000000;1125000;0;65.05;((0, 1500000), (375000, 750000, 1125000));
5;0.781250000000000;1125000;11;130.24;((0, 1500000), (375000, 750000, 1125000));
5;0.796875000000000;1125000;11;131.34;((0, 1500000), (375000, 750000, 1125000));
5;0.804687500000000;1125000;0;66.77;((0, 1500000), (375000, 750000, 1125000));
5;0.800781250000000;1125000;11;133.20;((0, 1500000), (375000, 750000, 1125000));
5;0.802734375000000;1125000;0;71.34;((0, 1500000), (375000, 750000, 1125000));
5;0.801757812500000;1125000;5;128.45;((0, 1500000), (375000, 750000, 1125000));
5;0.801269531250000;1125000;9;129.36;((0, 1500000), (375000, 750000, 1125000));
5;0.801513671875000;1125000;9;129.39;((0, 1500000), (375000, 750000, 1125000));
5;0.801635742187500;1125000;8;129.20;((0, 1500000), (375000, 750000, 1125000));
5;0.801696777343750;1125000;4;128.69;((0, 1500000), (375000, 750000, 1125000));
5;0.801666259765625;1125000;5;129.02;((0, 1500000), (375000, 750000, 1125000));
5;0.801651000976562;1125000;7;129.02;((0, 1500000), (375000, 750000, 1125000));
5;0.801658630371094;1125000;9;129.23;((0, 1500000), (375000, 750000, 1125000));
5;0.801662445068359;1125000;8;129.92;((0, 1500000), (375000, 750000, 1125000));
5;0.801664352416992;1125000;7;134.25;((0, 1500000), (375000, 750000, 1125000));
5;0.801665306091309;1125000;9;133.28;((0, 1500000), (375000, 750000, 1125000));
5;0.500000000000000;187500;11;84.98;((0, 750000), (187500, 375000, 562500));
5;0.750000000000000;187500;11;122.04;((0, 750000), (187500, 375000, 562500));
5;0.875000000000000;187500;11;137.94;((0, 750000), (187500, 375000, 562500));
5;0.937500000000000;187500;11;148.25;((0, 750000), (187500, 375000, 562500));
5;0.968750000000000;187500;0;64.24;((0, 750000), (187500, 375000, 562500));
5;0.953125000000000;187500;0;74.50;((0, 750000), (187500, 375000, 562500));
5;0.945312500000000;187500;11;147.97;((0, 750000), (187500, 375000, 562500));
5;0.949218750000000;187500;4;149.86;((0, 750000), (187500, 375000, 562500));
5;0.947265625000000;187500;11;151.04;((0, 750000), (187500, 375000, 562500));
5;0.948242187500000;187500;10;148.10;((0, 750000), (187500, 375000, 562500));
5;0.948730468750000;187500;5;147.63;((0, 750000), (187500, 375000, 562500));
5;0.948486328125000;187500;10;153.04;((0, 750000), (187500, 375000, 562500));
5;0.948608398437500;187500;10;152.56;((0, 750000), (187500, 375000, 562500));
5;0.948669433593750;187500;10;151.79;((0, 750000), (187500, 375000, 562500));
5;0.948699951171875;187500;7;152.80;((0, 750000), (187500, 375000, 562500));
5;0.948715209960938;187500;11;153.48;((0, 750000), (187500, 375000, 562500));
5;0.948722839355469;187500;9;147.81;((0, 750000), (187500, 375000, 562500));
5;0.948726654052734;187500;9;149.20;((0, 750000), (187500, 375000, 562500));
5;0.948728561401367;187500;9;149.45;((0, 750000), (187500, 375000, 562500));
5;0.948729515075684;187500;10;149.39;((0, 750000), (187500, 375000, 562500));
5;0.500000000000000;562500;11;86.79;((0, 750000), (187500, 375000, 562500));
5;0.750000000000000;562500;11;123.55;((0, 750000), (187500, 375000, 562500));
5;0.875000000000000;562500;11;142.88;((0, 750000), (187500, 375000, 562500));
5;0.937500000000000;562500;0;65.66;((0, 750000), (187500, 375000, 562500));
5;0.906250000000000;562500;0;66.48;((0, 750000), (187500, 375000, 562500));
5;0.890625000000000;562500;11;146.90;((0, 750000), (187500, 375000, 562500));
5;0.898437500000000;562500;0;66.31;((0, 750000), (187500, 375000, 562500));
5;0.894531250000000;562500;0;72.47;((0, 750000), (187500, 375000, 562500));
5;0.892578125000000;562500;4;140.45;((0, 750000), (187500, 375000, 562500));
5;0.891601562500000;562500;8;141.56;((0, 750000), (187500, 375000, 562500));
5;0.892089843750000;562500;8;141.64;((0, 750000), (187500, 375000, 562500));
5;0.892333984375000;562500;3;139.01;((0, 750000), (187500, 375000, 562500));
5;0.892211914062500;562500;9;141.96;((0, 750000), (187500, 375000, 562500));
5;0.892272949218750;562500;7;142.36;((0, 750000), (187500, 375000, 562500));
5;0.892303466796875;562500;7;141.26;((0, 750000), (187500, 375000, 562500));
5;0.892318725585938;562500;6;140.05;((0, 750000), (187500, 375000, 562500));
5;0.892326354980469;562500;7;141.24;((0, 750000), (187500, 375000, 562500));
5;0.892330169677734;562500;6;139.16;((0, 750000), (187500, 375000, 562500));
5;0.892332077026367;562500;5;138.39;((0, 750000), (187500, 375000, 562500));
5;0.892331123352051;562500;6;139.82;((0, 750000), (187500, 375000, 562500));
5;0.500000000000000;93750;11;84.66;((0, 375000), (93750, 187500, 281250));
5;0.750000000000000;93750;11;126.66;((0, 375000), (93750, 187500, 281250));
5;0.875000000000000;93750;11;140.35;((0, 375000), (93750, 187500, 281250));
5;0.937500000000000;93750;11;153.56;((0, 375000), (93750, 187500, 281250));
5;0.968750000000000;93750;0;64.93;((0, 375000), (93750, 187500, 281250));
5;0.953125000000000;93750;11;155.24;((0, 375000), (93750, 187500, 281250));
5;0.960937500000000;93750;3;145.98;((0, 375000), (93750, 187500, 281250));
5;0.957031250000000;93750;11;153.74;((0, 375000), (93750, 187500, 281250));
5;0.958984375000000;93750;10;150.21;((0, 375000), (93750, 187500, 281250));
5;0.959960937500000;93750;6;149.13;((0, 375000), (93750, 187500, 281250));
5;0.960449218750000;93750;3;151.95;((0, 375000), (93750, 187500, 281250));
5;0.960205078125000;93750;6;147.31;((0, 375000), (93750, 187500, 281250));
5;0.960327148437500;93750;3;149.05;((0, 375000), (93750, 187500, 281250));
5;0.960266113281250;93750;4;148.06;((0, 375000), (93750, 187500, 281250));
5;0.960235595703125;93750;8;148.06;((0, 375000), (93750, 187500, 281250));
5;0.960250854492188;93750;5;148.59;((0, 375000), (93750, 187500, 281250));
5;0.960243225097656;93750;4;148.02;((0, 375000), (93750, 187500, 281250));
5;0.960239410400391;93750;8;148.54;((0, 375000), (93750, 187500, 281250));
5;0.960241317749023;93750;8;156.15;((0, 375000), (93750, 187500, 281250));
5;0.960242271423340;93750;9;148.12;((0, 375000), (93750, 187500, 281250));
5;0.500000000000000;281250;11;86.56;((0, 375000), (93750, 187500, 281250));
5;0.750000000000000;281250;11;124.21;((0, 375000), (93750, 187500, 281250));
5;0.875000000000000;281250;11;142.44;((0, 375000), (93750, 187500, 281250));
5;0.937500000000000;281250;0;95.91;((0, 375000), (93750, 187500, 281250));
5;0.906250000000000;281250;11;148.15;((0, 375000), (93750, 187500, 281250));
5;0.921875000000000;281250;11;149.32;((0, 375000), (93750, 187500, 281250));
5;0.929687500000000;281250;11;150.86;((0, 375000), (93750, 187500, 281250));
5;0.933593750000000;281250;10;149.70;((0, 375000), (93750, 187500, 281250));
5;0.935546875000000;281250;9;148.46;((0, 375000), (93750, 187500, 281250));
5;0.936523437500000;281250;5;146.58;((0, 375000), (93750, 187500, 281250));
5;0.936035156250000;281250;4;147.35;((0, 375000), (93750, 187500, 281250));
5;0.935791015625000;281250;8;147.24;((0, 375000), (93750, 187500, 281250));
5;0.935913085937500;281250;4;145.29;((0, 375000), (93750, 187500, 281250));
5;0.935852050781250;281250;6;144.42;((0, 375000), (93750, 187500, 281250));
5;0.935882568359375;281250;5;146.15;((0, 375000), (93750, 187500, 281250));
5;0.935867309570312;281250;6;146.36;((0, 375000), (93750, 187500, 281250));
5;0.935874938964844;281250;4;146.24;((0, 375000), (93750, 187500, 281250));
5;0.935871124267578;281250;5;145.24;((0, 375000), (93750, 187500, 281250));
5;0.935869216918945;281250;6;148.26;((0, 375000), (93750, 187500, 281250));
5;0.935870170593262;281250;9;147.15;((0, 375000), (93750, 187500, 281250));
5;0.500000000000000;46875;11;83.49;((0, 187500), (46875, 93750, 140625));
5;0.750000000000000;46875;11;120.62;((0, 187500), (46875, 93750, 140625));
5;0.875000000000000;46875;11;138.82;((0, 187500), (46875, 93750, 140625));
5;0.937500000000000;46875;11;149.25;((0, 187500), (46875, 93750, 140625));
5;0.968750000000000;46875;1;143.26;((0, 187500), (46875, 93750, 140625));
5;0.953125000000000;46875;11;151.64;((0, 187500), (46875, 93750, 140625));
5;0.960937500000000;46875;11;151.52;((0, 187500), (46875, 93750, 140625));
5;0.964843750000000;46875;11;155.10;((0, 187500), (46875, 93750, 140625));
5;0.966796875000000;46875;4;149.12;((0, 187500), (46875, 93750, 140625));
5;0.965820312500000;46875;9;152.03;((0, 187500), (46875, 93750, 140625));
5;0.966308593750000;46875;6;153.82;((0, 187500), (46875, 93750, 140625));
5;0.966552734375000;46875;8;156.04;((0, 187500), (46875, 93750, 140625));
5;0.966674804687500;46875;8;149.18;((0, 187500), (46875, 93750, 140625));
5;0.966735839843750;46875;8;148.65;((0, 187500), (46875, 93750, 140625));
5;0.966766357421875;46875;8;149.09;((0, 187500), (46875, 93750, 140625));
5;0.966781616210938;46875;6;150.88;((0, 187500), (46875, 93750, 140625));
5;0.966789245605469;46875;6;147.75;((0, 187500), (46875, 93750, 140625));
5;0.966793060302734;46875;7;147.80;((0, 187500), (46875, 93750, 140625));
5;0.966794967651367;46875;4;146.06;((0, 187500), (46875, 93750, 140625));
5;0.966794013977051;46875;7;146.96;((0, 187500), (46875, 93750, 140625));
5;0.500000000000000;140625;11;84.64;((0, 187500), (46875, 93750, 140625));
5;0.750000000000000;140625;11;122.19;((0, 187500), (46875, 93750, 140625));
5;0.875000000000000;140625;11;140.93;((0, 187500), (46875, 93750, 140625));
5;0.937500000000000;140625;11;151.97;((0, 187500), (46875, 93750, 140625));
5;0.968750000000000;140625;0;64.38;((0, 187500), (46875, 93750, 140625));
5;0.953125000000000;140625;11;155.63;((0, 187500), (46875, 93750, 140625));
5;0.960937500000000;140625;2;145.34;((0, 187500), (46875, 93750, 140625));
5;0.957031250000000;140625;11;153.65;((0, 187500), (46875, 93750, 140625));
5;0.958984375000000;140625;11;155.32;((0, 187500), (46875, 93750, 140625));
5;0.959960937500000;140625;9;150.28;((0, 187500), (46875, 93750, 140625));
5;0.960449218750000;140625;2;147.45;((0, 187500), (46875, 93750, 140625));
5;0.960205078125000;140625;5;151.20;((0, 187500), (46875, 93750, 140625));
5;0.960083007812500;140625;7;150.89;((0, 187500), (46875, 93750, 140625));
5;0.960144042968750;140625;6;149.10;((0, 187500), (46875, 93750, 140625));
5;0.960174560546875;140625;9;149.53;((0, 187500), (46875, 93750, 140625));
5;0.960189819335938;140625;6;152.71;((0, 187500), (46875, 93750, 140625));
5;0.960197448730469;140625;7;148.13;((0, 187500), (46875, 93750, 140625));
5;0.960201263427734;140625;8;149.75;((0, 187500), (46875, 93750, 140625));
5;0.960203170776367;140625;5;147.81;((0, 187500), (46875, 93750, 140625));
5;0.960202217102051;140625;5;148.30;((0, 187500), (46875, 93750, 140625));
5;0.500000000000000;23437;11;82.67;((0, 93750), (23437, 46874, 70311));
5;0.750000000000000;23437;11;121.47;((0, 93750), (23437, 46874, 70311));
5;0.875000000000000;23437;11;139.91;((0, 93750), (23437, 46874, 70311));
5;0.937500000000000;23437;11;149.71;((0, 93750), (23437, 46874, 70311));
5;0.968750000000000;23437;0;72.04;((0, 93750), (23437, 46874, 70311));
5;0.953125000000000;23437;11;148.05;((0, 93750), (23437, 46874, 70311));
5;0.960937500000000;23437;7;147.53;((0, 93750), (23437, 46874, 70311));
5;0.964843750000000;23437;0;80.68;((0, 93750), (23437, 46874, 70311));
5;0.962890625000000;23437;2;143.65;((0, 93750), (23437, 46874, 70311));
5;0.961914062500000;23437;6;144.96;((0, 93750), (23437, 46874, 70311));
5;0.962402343750000;23437;4;145.57;((0, 93750), (23437, 46874, 70311));
5;0.962158203125000;23437;4;143.64;((0, 93750), (23437, 46874, 70311));
5;0.962036132812500;23437;4;144.93;((0, 93750), (23437, 46874, 70311));
5;0.961975097656250;23437;4;142.34;((0, 93750), (23437, 46874, 70311));
5;0.961944580078125;23437;3;144.00;((0, 93750), (23437, 46874, 70311));
5;0.961929321289062;23437;1;143.11;((0, 93750), (23437, 46874, 70311));
5;0.961921691894531;23437;7;145.55;((0, 93750), (23437, 46874, 70311));
5;0.961925506591797;23437;4;145.43;((0, 93750), (23437, 46874, 70311));
5;0.961923599243164;23437;4;143.83;((0, 93750), (23437, 46874, 70311));
5;0.961922645568848;23437;2;141.30;((0, 93750), (23437, 46874, 70311));
5;0.500000000000000;46874;11;86.39;((0, 93750), (23437, 46874, 70311));
5;0.750000000000000;46874;11;122.33;((0, 93750), (23437, 46874, 70311));
5;0.875000000000000;46874;11;138.56;((0, 93750), (23437, 46874, 70311));
5;0.937500000000000;46874;11;148.68;((0, 93750), (23437, 46874, 70311));
5;0.968750000000000;46874;0;69.82;((0, 93750), (23437, 46874, 70311));
5;0.953125000000000;46874;11;152.08;((0, 93750), (23437, 46874, 70311));
5;0.960937500000000;46874;7;146.43;((0, 93750), (23437, 46874, 70311));
5;0.964843750000000;46874;0;84.45;((0, 93750), (23437, 46874, 70311));
5;0.962890625000000;46874;2;143.24;((0, 93750), (23437, 46874, 70311));
5;0.961914062500000;46874;4;145.66;((0, 93750), (23437, 46874, 70311));
5;0.961425781250000;46874;6;146.44;((0, 93750), (23437, 46874, 70311));
5;0.961669921875000;46874;1;142.97;((0, 93750), (23437, 46874, 70311));
5;0.961547851562500;46874;4;144.84;((0, 93750), (23437, 46874, 70311));
5;0.961486816406250;46874;5;146.30;((0, 93750), (23437, 46874, 70311));
5;0.961456298828125;46874;5;146.94;((0, 93750), (23437, 46874, 70311));
5;0.961441040039062;46874;7;149.00;((0, 93750), (23437, 46874, 70311));
5;0.961448669433594;46874;5;145.92;((0, 93750), (23437, 46874, 70311));
5;0.961444854736328;46874;2;146.14;((0, 93750), (23437, 46874, 70311));
5;0.961442947387695;46874;6;146.74;((0, 93750), (23437, 46874, 70311));
5;0.961443901062012;46874;6;147.86;((0, 93750), (23437, 46874, 70311));
5;0.500000000000000;70311;11;96.80;((0, 93750), (23437, 46874, 70311));
5;0.750000000000000;70311;11;123.61;((0, 93750), (23437, 46874, 70311));
5;0.875000000000000;70311;11;143.15;((0, 93750), (23437, 46874, 70311));
5;0.937500000000000;70311;11;150.06;((0, 93750), (23437, 46874, 70311));
5;0.968750000000000;70311;0;102.74;((0, 93750), (23437, 46874, 70311));
5;0.953125000000000;70311;11;152.21;((0, 93750), (23437, 46874, 70311));
5;0.960937500000000;70311;11;154.05;((0, 93750), (23437, 46874, 70311));
5;0.964843750000000;70311;11;158.35;((0, 93750), (23437, 46874, 70311));
5;0.966796875000000;70311;4;148.26;((0, 93750), (23437, 46874, 70311));
5;0.965820312500000;70311;7;148.42;((0, 93750), (23437, 46874, 70311));
5;0.966308593750000;70311;8;147.92;((0, 93750), (23437, 46874, 70311));
5;0.966552734375000;70311;10;151.13;((0, 93750), (23437, 46874, 70311));
5;0.966674804687500;70311;4;147.64;((0, 93750), (23437, 46874, 70311));
5;0.966613769531250;70311;6;148.42;((0, 93750), (23437, 46874, 70311));
5;0.966644287109375;70311;7;147.32;((0, 93750), (23437, 46874, 70311));
5;0.966659545898438;70311;7;148.97;((0, 93750), (23437, 46874, 70311));
5;0.966667175292969;70311;6;147.22;((0, 93750), (23437, 46874, 70311));
5;0.966670989990234;70311;6;147.52;((0, 93750), (23437, 46874, 70311));
5;0.966672897338867;70311;6;191.27;((0, 93750), (23437, 46874, 70311));
5;0.966673851013184;70311;7;148.53;((0, 93750), (23437, 46874, 70311));
5;0.500000000000000;58593;11;83.65;((46874, 93750), (58593, 70312, 82031));
5;0.750000000000000;58593;11;119.79;((46874, 93750), (58593, 70312, 82031));
5;0.875000000000000;58593;11;140.77;((46874, 93750), (58593, 70312, 82031));
5;0.937500000000000;58593;11;149.40;((46874, 93750), (58593, 70312, 82031));
5;0.968750000000000;58593;0;98.91;((46874, 93750), (58593, 70312, 82031));
5;0.953125000000000;58593;11;152.43;((46874, 93750), (58593, 70312, 82031));
5;0.960937500000000;58593;11;153.62;((46874, 93750), (58593, 70312, 82031));
5;0.964843750000000;58593;10;152.48;((46874, 93750), (58593, 70312, 82031));
5;0.966796875000000;58593;5;147.52;((46874, 93750), (58593, 70312, 82031));
5;0.965820312500000;58593;10;150.73;((46874, 93750), (58593, 70312, 82031));
5;0.966308593750000;58593;5;147.33;((46874, 93750), (58593, 70312, 82031));
5;0.966064453125000;58593;9;151.36;((46874, 93750), (58593, 70312, 82031));
5;0.966186523437500;58593;8;149.21;((46874, 93750), (58593, 70312, 82031));
5;0.966247558593750;58593;8;147.92;((46874, 93750), (58593, 70312, 82031));
5;0.966278076171875;58593;8;156.30;((46874, 93750), (58593, 70312, 82031));
5;0.966293334960938;58593;5;147.98;((46874, 93750), (58593, 70312, 82031));
5;0.966285705566406;58593;6;146.59;((46874, 93750), (58593, 70312, 82031));
5;0.966289520263672;58593;9;149.88;((46874, 93750), (58593, 70312, 82031));
5;0.966291427612305;58593;7;149.95;((46874, 93750), (58593, 70312, 82031));
5;0.966292381286621;58593;8;147.51;((46874, 93750), (58593, 70312, 82031));
5;0.500000000000000;70312;11;83.89;((46874, 93750), (58593, 70312, 82031));
5;0.750000000000000;70312;11;123.42;((46874, 93750), (58593, 70312, 82031));
5;0.875000000000000;70312;11;141.76;((46874, 93750), (58593, 70312, 82031));
5;0.937500000000000;70312;11;156.52;((46874, 93750), (58593, 70312, 82031));
5;0.968750000000000;70312;0;67.63;((46874, 93750), (58593, 70312, 82031));
5;0.953125000000000;70312;11;153.14;((46874, 93750), (58593, 70312, 82031));
5;0.960937500000000;70312;8;147.61;((46874, 93750), (58593, 70312, 82031));
5;0.964843750000000;70312;0;87.92;((46874, 93750), (58593, 70312, 82031));
5;0.962890625000000;70312;3;145.59;((46874, 93750), (58593, 70312, 82031));
5;0.961914062500000;70312;4;145.80;((46874, 93750), (58593, 70312, 82031));
5;0.961425781250000;70312;7;146.64;((46874, 93750), (58593, 70312, 82031));
5;0.961669921875000;70312;6;148.68;((46874, 93750), (58593, 70312, 82031));
5;0.961791992187500;70312;6;149.29;((46874, 93750), (58593, 70312, 82031));
5;0.961853027343750;70312;4;145.30;((46874, 93750), (58593, 70312, 82031));
5;0.961822509765625;70312;6;148.07;((46874, 93750), (58593, 70312, 82031));
5;0.961837768554688;70312;7;157.43;((46874, 93750), (58593, 70312, 82031));
5;0.961845397949219;70312;6;147.96;((46874, 93750), (58593, 70312, 82031));
5;0.961849212646484;70312;5;149.05;((46874, 93750), (58593, 70312, 82031));
5;0.961847305297852;70312;6;147.97;((46874, 93750), (58593, 70312, 82031));
5;0.961848258972168;70312;1;145.31;((46874, 93750), (58593, 70312, 82031));
5;0.500000000000000;82031;11;84.83;((46874, 93750), (58593, 70312, 82031));
5;0.750000000000000;82031;11;120.51;((46874, 93750), (58593, 70312, 82031));
5;0.875000000000000;82031;11;140.41;((46874, 93750), (58593, 70312, 82031));
5;0.937500000000000;82031;11;151.15;((46874, 93750), (58593, 70312, 82031));
5;0.968750000000000;82031;0;84.84;((46874, 93750), (58593, 70312, 82031));
5;0.953125000000000;82031;11;153.51;((46874, 93750), (58593, 70312, 82031));
5;0.960937500000000;82031;11;184.46;((46874, 93750), (58593, 70312, 82031));
5;0.964843750000000;82031;10;152.24;((46874, 93750), (58593, 70312, 82031));
5;0.966796875000000;82031;4;149.65;((46874, 93750), (58593, 70312, 82031));
5;0.965820312500000;82031;8;149.96;((46874, 93750), (58593, 70312, 82031));
5;0.966308593750000;82031;6;183.44;((46874, 93750), (58593, 70312, 82031));
5;0.966552734375000;82031;4;147.01;((46874, 93750), (58593, 70312, 82031));
5;0.966430664062500;82031;4;146.91;((46874, 93750), (58593, 70312, 82031));
5;0.966369628906250;82031;3;147.86;((46874, 93750), (58593, 70312, 82031));
5;0.966339111328125;82031;7;147.91;((46874, 93750), (58593, 70312, 82031));
5;0.966354370117188;82031;4;147.33;((46874, 93750), (58593, 70312, 82031));
5;0.966346740722656;82031;4;147.65;((46874, 93750), (58593, 70312, 82031));
5;0.966342926025391;82031;5;146.76;((46874, 93750), (58593, 70312, 82031));
5;0.966341018676758;82031;9;151.04;((46874, 93750), (58593, 70312, 82031));
5;0.966341972351074;82031;3;145.67;((46874, 93750), (58593, 70312, 82031));
5;0.500000000000000;76171;11;84.12;((70312, 93750), (76171, 82030, 87889));
5;0.750000000000000;76171;11;121.88;((70312, 93750), (76171, 82030, 87889));
5;0.875000000000000;76171;11;141.08;((70312, 93750), (76171, 82030, 87889));
5;0.937500000000000;76171;11;149.95;((70312, 93750), (76171, 82030, 87889));
5;0.968750000000000;76171;0;91.08;((70312, 93750), (76171, 82030, 87889));
5;0.953125000000000;76171;11;161.76;((70312, 93750), (76171, 82030, 87889));
5;0.960937500000000;76171;11;154.14;((70312, 93750), (76171, 82030, 87889));
5;0.964843750000000;76171;11;154.40;((70312, 93750), (76171, 82030, 87889));
5;0.966796875000000;76171;3;147.67;((70312, 93750), (76171, 82030, 87889));
5;0.965820312500000;76171;11;156.67;((70312, 93750), (76171, 82030, 87889));
5;0.966308593750000;76171;7;152.90;((70312, 93750), (76171, 82030, 87889));
5;0.966552734375000;76171;5;148.73;((70312, 93750), (76171, 82030, 87889));
5;0.966430664062500;76171;5;148.57;((70312, 93750), (76171, 82030, 87889));
5;0.966369628906250;76171;7;149.97;((70312, 93750), (76171, 82030, 87889));
5;0.966400146484375;76171;1;147.79;((70312, 93750), (76171, 82030, 87889));
5;0.966384887695312;76171;7;148.76;((70312, 93750), (76171, 82030, 87889));
5;0.966392517089844;76171;4;148.83;((70312, 93750), (76171, 82030, 87889));
5;0.966388702392578;76171;8;149.62;((70312, 93750), (76171, 82030, 87889));
5;0.966390609741211;76171;6;148.80;((70312, 93750), (76171, 82030, 87889));
5;0.966391563415527;76171;9;150.51;((70312, 93750), (76171, 82030, 87889));
5;0.500000000000000;82030;11;83.98;((70312, 93750), (76171, 82030, 87889));
5;0.750000000000000;82030;11;146.37;((70312, 93750), (76171, 82030, 87889));
5;0.875000000000000;82030;11;142.11;((70312, 93750), (76171, 82030, 87889));
5;0.937500000000000;82030;11;149.94;((70312, 93750), (76171, 82030, 87889));
5;0.968750000000000;82030;0;66.61;((70312, 93750), (76171, 82030, 87889));
5;0.953125000000000;82030;11;153.31;((70312, 93750), (76171, 82030, 87889));
5;0.960937500000000;82030;7;148.91;((70312, 93750), (76171, 82030, 87889));
5;0.964843750000000;82030;0;76.00;((70312, 93750), (76171, 82030, 87889));
5;0.962890625000000;82030;1;142.75;((70312, 93750), (76171, 82030, 87889));
5;0.961914062500000;82030;1;143.90;((70312, 93750), (76171, 82030, 87889));
5;0.961425781250000;82030;6;146.67;((70312, 93750), (76171, 82030, 87889));
5;0.961669921875000;82030;3;145.93;((70312, 93750), (76171, 82030, 87889));
5;0.961547851562500;82030;7;148.49;((70312, 93750), (76171, 82030, 87889));
5;0.961608886718750;82030;6;149.64;((70312, 93750), (76171, 82030, 87889));
5;0.961639404296875;82030;5;147.79;((70312, 93750), (76171, 82030, 87889));
5;0.961624145507812;82030;2;145.09;((70312, 93750), (76171, 82030, 87889));
5;0.961616516113281;82030;4;146.64;((70312, 93750), (76171, 82030, 87889));
5;0.961612701416016;82030;3;146.58;((70312, 93750), (76171, 82030, 87889));
5;0.961610794067383;82030;2;145.69;((70312, 93750), (76171, 82030, 87889));
5;0.961609840393066;82030;7;145.79;((70312, 93750), (76171, 82030, 87889));
5;0.500000000000000;87889;11;86.82;((70312, 93750), (76171, 82030, 87889));
5;0.750000000000000;87889;11;125.71;((70312, 93750), (76171, 82030, 87889));
5;0.875000000000000;87889;11;153.60;((70312, 93750), (76171, 82030, 87889));
5;0.937500000000000;87889;11;156.01;((70312, 93750), (76171, 82030, 87889));
5;0.968750000000000;87889;0;76.12;((70312, 93750), (76171, 82030, 87889));
5;0.953125000000000;87889;11;153.51;((70312, 93750), (76171, 82030, 87889));
5;0.960937500000000;87889;11;153.91;((70312, 93750), (76171, 82030, 87889));
5;0.964843750000000;87889;7;150.87;((70312, 93750), (76171, 82030, 87889));
5;0.966796875000000;87889;0;100.10;((70312, 93750), (76171, 82030, 87889));
5;0.965820312500000;87889;6;149.88;((70312, 93750), (76171, 82030, 87889));
5;0.966308593750000;87889;6;148.44;((70312, 93750), (76171, 82030, 87889));
5;0.966552734375000;87889;2;144.67;((70312, 93750), (76171, 82030, 87889));
5;0.966430664062500;87889;2;147.86;((70312, 93750), (76171, 82030, 87889));
5;0.966369628906250;87889;2;145.49;((70312, 93750), (76171, 82030, 87889));
5;0.966339111328125;87889;1;143.08;((70312, 93750), (76171, 82030, 87889));
5;0.966323852539062;87889;5;150.76;((70312, 93750), (76171, 82030, 87889));
5;0.966316223144531;87889;3;146.75;((70312, 93750), (76171, 82030, 87889));
5;0.966312408447266;87889;5;146.73;((70312, 93750), (76171, 82030, 87889));
5;0.966310501098633;87889;5;147.33;((70312, 93750), (76171, 82030, 87889));
5;0.966309547424316;87889;3;146.79;((70312, 93750), (76171, 82030, 87889));
5;0.500000000000000;73241;11;83.67;((70312, 82030), (73241, 76170, 79099));
5;0.750000000000000;73241;11;122.06;((70312, 82030), (73241, 76170, 79099));
5;0.875000000000000;73241;11;141.29;((70312, 82030), (73241, 76170, 79099));
5;0.937500000000000;73241;11;153.90;((70312, 82030), (73241, 76170, 79099));
5;0.968750000000000;73241;0;99.63;((70312, 82030), (73241, 76170, 79099));
5;0.953125000000000;73241;11;154.29;((70312, 82030), (73241, 76170, 79099));
5;0.960937500000000;73241;11;153.95;((70312, 82030), (73241, 76170, 79099));
5;0.964843750000000;73241;11;152.94;((70312, 82030), (73241, 76170, 79099));
5;0.966796875000000;73241;2;148.63;((70312, 82030), (73241, 76170, 79099));
5;0.965820312500000;73241;9;150.32;((70312, 82030), (73241, 76170, 79099));
5;0.966308593750000;73241;6;148.61;((70312, 82030), (73241, 76170, 79099));
5;0.966552734375000;73241;7;149.63;((70312, 82030), (73241, 76170, 79099));
5;0.966674804687500;73241;6;149.80;((70312, 82030), (73241, 76170, 79099));
5;0.966735839843750;73241;8;151.85;((70312, 82030), (73241, 76170, 79099));
5;0.966766357421875;73241;5;147.18;((70312, 82030), (73241, 76170, 79099));
5;0.966751098632812;73241;5;147.94;((70312, 82030), (73241, 76170, 79099));
5;0.966743469238281;73241;7;149.43;((70312, 82030), (73241, 76170, 79099));
5;0.966747283935547;73241;7;147.06;((70312, 82030), (73241, 76170, 79099));
5;0.966749191284180;73241;4;147.15;((70312, 82030), (73241, 76170, 79099));
5;0.966748237609863;73241;5;148.99;((70312, 82030), (73241, 76170, 79099));
5;0.500000000000000;76170;11;84.40;((70312, 82030), (73241, 76170, 79099));
5;0.750000000000000;76170;11;121.82;((70312, 82030), (73241, 76170, 79099));
5;0.875000000000000;76170;11;139.43;((70312, 82030), (73241, 76170, 79099));
5;0.937500000000000;76170;11;152.06;((70312, 82030), (73241, 76170, 79099));
5;0.968750000000000;76170;0;68.60;((70312, 82030), (73241, 76170, 79099));
5;0.953125000000000;76170;11;153.23;((70312, 82030), (73241, 76170, 79099));
5;0.960937500000000;76170;8;148.67;((70312, 82030), (73241, 76170, 79099));
5;0.964843750000000;76170;0;81.58;((70312, 82030), (73241, 76170, 79099));
5;0.962890625000000;76170;1;143.20;((70312, 82030), (73241, 76170, 79099));
5;0.961914062500000;76170;5;146.05;((70312, 82030), (73241, 76170, 79099));
5;0.961425781250000;76170;5;148.08;((70312, 82030), (73241, 76170, 79099));
5;0.961181640625000;76170;7;147.87;((70312, 82030), (73241, 76170, 79099));
5;0.961303710937500;76170;8;148.09;((70312, 82030), (73241, 76170, 79099));
5;0.961364746093750;76170;4;147.22;((70312, 82030), (73241, 76170, 79099));
5;0.961334228515625;76170;9;147.82;((70312, 82030), (73241, 76170, 79099));
5;0.961349487304688;76170;7;149.36;((70312, 82030), (73241, 76170, 79099));
5;0.961357116699219;76170;6;147.86;((70312, 82030), (73241, 76170, 79099));
5;0.961360931396484;76170;4;146.52;((70312, 82030), (73241, 76170, 79099));
5;0.961359024047852;76170;2;145.74;((70312, 82030), (73241, 76170, 79099));
5;0.961358070373535;76170;8;147.87;((70312, 82030), (73241, 76170, 79099));
5;0.500000000000000;79099;11;85.13;((70312, 82030), (73241, 76170, 79099));
5;0.750000000000000;79099;11;122.82;((70312, 82030), (73241, 76170, 79099));
5;0.875000000000000;79099;11;140.81;((70312, 82030), (73241, 76170, 79099));
5;0.937500000000000;79099;11;150.40;((70312, 82030), (73241, 76170, 79099));
5;0.968750000000000;79099;0;102.78;((70312, 82030), (73241, 76170, 79099));
5;0.953125000000000;79099;11;167.44;((70312, 82030), (73241, 76170, 79099));
5;0.960937500000000;79099;11;154.56;((70312, 82030), (73241, 76170, 79099));
5;0.964843750000000;79099;10;150.44;((70312, 82030), (73241, 76170, 79099));
5;0.966796875000000;79099;6;148.66;((70312, 82030), (73241, 76170, 79099));
5;0.967773437500000;79099;1;143.35;((70312, 82030), (73241, 76170, 79099));
5;0.967285156250000;79099;1;145.24;((70312, 82030), (73241, 76170, 79099));
5;0.967041015625000;79099;3;146.56;((70312, 82030), (73241, 76170, 79099));
5;0.966918945312500;79099;3;146.54;((70312, 82030), (73241, 76170, 79099));
5;0.966857910156250;79099;3;146.73;((70312, 82030), (73241, 76170, 79099));
5;0.966827392578125;79099;3;146.93;((70312, 82030), (73241, 76170, 79099));
5;0.966812133789062;79099;5;147.57;((70312, 82030), (73241, 76170, 79099));
5;0.966804504394531;79099;2;144.52;((70312, 82030), (73241, 76170, 79099));
5;0.966800689697266;79099;5;149.47;((70312, 82030), (73241, 76170, 79099));
5;0.966798782348633;79099;1;146.11;((70312, 82030), (73241, 76170, 79099));
5;0.966797828674316;79099;4;145.89;((70312, 82030), (73241, 76170, 79099));
5;0.500000000000000;77635;11;84.37;((76170, 82030), (77635, 79100, 80565));
5;0.750000000000000;77635;11;120.92;((76170, 82030), (77635, 79100, 80565));
5;0.875000000000000;77635;11;143.23;((76170, 82030), (77635, 79100, 80565));
5;0.937500000000000;77635;11;148.99;((76170, 82030), (77635, 79100, 80565));
5;0.968750000000000;77635;0;92.74;((76170, 82030), (77635, 79100, 80565));
5;0.953125000000000;77635;11;151.95;((76170, 82030), (77635, 79100, 80565));
5;0.960937500000000;77635;11;154.78;((76170, 82030), (77635, 79100, 80565));
5;0.964843750000000;77635;11;154.44;((76170, 82030), (77635, 79100, 80565));
5;0.966796875000000;77635;5;185.65;((76170, 82030), (77635, 79100, 80565));
5;0.965820312500000;77635;6;147.44;((76170, 82030), (77635, 79100, 80565));
5;0.966308593750000;77635;6;148.36;((76170, 82030), (77635, 79100, 80565));
5;0.966552734375000;77635;2;143.50;((76170, 82030), (77635, 79100, 80565));
5;0.966430664062500;77635;3;146.28;((76170, 82030), (77635, 79100, 80565));
5;0.966369628906250;77635;4;148.61;((76170, 82030), (77635, 79100, 80565));
5;0.966339111328125;77635;8;157.41;((76170, 82030), (77635, 79100, 80565));
5;0.966354370117188;77635;7;148.14;((76170, 82030), (77635, 79100, 80565));
5;0.966361999511719;77635;4;148.02;((76170, 82030), (77635, 79100, 80565));
5;0.966358184814453;77635;7;151.61;((76170, 82030), (77635, 79100, 80565));
5;0.966360092163086;77635;5;147.57;((76170, 82030), (77635, 79100, 80565));
5;0.966359138488770;77635;6;152.12;((76170, 82030), (77635, 79100, 80565));
5;0.500000000000000;79100;11;83.99;((76170, 82030), (77635, 79100, 80565));
5;0.750000000000000;79100;11;122.67;((76170, 82030), (77635, 79100, 80565));
5;0.875000000000000;79100;11;140.03;((76170, 82030), (77635, 79100, 80565));
5;0.937500000000000;79100;11;149.87;((76170, 82030), (77635, 79100, 80565));
5;0.968750000000000;79100;0;67.13;((76170, 82030), (77635, 79100, 80565));
5;0.953125000000000;79100;11;153.34;((76170, 82030), (77635, 79100, 80565));
5;0.960937500000000;79100;8;148.05;((76170, 82030), (77635, 79100, 80565));
5;0.964843750000000;79100;0;78.55;((76170, 82030), (77635, 79100, 80565));
5;0.962890625000000;79100;0;91.32;((76170, 82030), (77635, 79100, 80565));
5;0.961914062500000;79100;3;144.90;((76170, 82030), (77635, 79100, 80565));
5;0.961425781250000;79100;2;145.01;((76170, 82030), (77635, 79100, 80565));
5;0.961181640625000;79100;6;147.37;((76170, 82030), (77635, 79100, 80565));
5;0.961303710937500;79100;4;148.76;((76170, 82030), (77635, 79100, 80565));
5;0.961242675781250;79100;7;156.26;((76170, 82030), (77635, 79100, 80565));
5;0.961273193359375;79100;8;149.02;((76170, 82030), (77635, 79100, 80565));
5;0.961288452148438;79100;9;148.90;((76170, 82030), (77635, 79100, 80565));
5;0.961296081542969;79100;4;146.24;((76170, 82030), (77635, 79100, 80565));
5;0.961292266845703;79100;6;147.89;((76170, 82030), (77635, 79100, 80565));
5;0.961294174194336;79100;4;147.67;((76170, 82030), (77635, 79100, 80565));
5;0.961293220520020;79100;5;147.19;((76170, 82030), (77635, 79100, 80565));
5;0.500000000000000;80565;11;84.06;((76170, 82030), (77635, 79100, 80565));
5;0.750000000000000;80565;11;120.70;((76170, 82030), (77635, 79100, 80565));
5;0.875000000000000;80565;11;140.39;((76170, 82030), (77635, 79100, 80565));
5;0.937500000000000;80565;11;148.91;((76170, 82030), (77635, 79100, 80565));
5;0.968750000000000;80565;0;86.02;((76170, 82030), (77635, 79100, 80565));
5;0.953125000000000;80565;11;151.77;((76170, 82030), (77635, 79100, 80565));
5;0.960937500000000;80565;11;153.93;((76170, 82030), (77635, 79100, 80565));
5;0.964843750000000;80565;9;152.60;((76170, 82030), (77635, 79100, 80565));
5;0.966796875000000;80565;5;148.04;((76170, 82030), (77635, 79100, 80565));
5;0.965820312500000;80565;7;149.15;((76170, 82030), (77635, 79100, 80565));
5;0.966308593750000;80565;6;152.44;((76170, 82030), (77635, 79100, 80565));
5;0.966552734375000;80565;5;147.06;((76170, 82030), (77635, 79100, 80565));
5;0.966430664062500;80565;2;147.35;((76170, 82030), (77635, 79100, 80565));
5;0.966369628906250;80565;5;148.09;((76170, 82030), (77635, 79100, 80565));
5;0.966339111328125;80565;5;149.86;((76170, 82030), (77635, 79100, 80565));
5;0.966323852539062;80565;7;148.56;((76170, 82030), (77635, 79100, 80565));
5;0.966331481933594;80565;7;148.58;((76170, 82030), (77635, 79100, 80565));
5;0.966335296630859;80565;4;147.18;((76170, 82030), (77635, 79100, 80565));
5;0.966333389282227;80565;6;147.95;((76170, 82030), (77635, 79100, 80565));
5;0.966334342956543;80565;10;151.99;((76170, 82030), (77635, 79100, 80565));
5;0.500000000000000;76902;11;85.00;((76170, 79100), (76902, 77634, 78366));
5;0.750000000000000;76902;11;122.07;((76170, 79100), (76902, 77634, 78366));
5;0.875000000000000;76902;11;138.76;((76170, 79100), (76902, 77634, 78366));
5;0.937500000000000;76902;11;151.33;((76170, 79100), (76902, 77634, 78366));
5;0.968750000000000;76902;0;66.98;((76170, 79100), (76902, 77634, 78366));
5;0.953125000000000;76902;11;155.57;((76170, 79100), (76902, 77634, 78366));
5;0.960937500000000;76902;5;149.00;((76170, 79100), (76902, 77634, 78366));
5;0.957031250000000;76902;11;153.31;((76170, 79100), (76902, 77634, 78366));
5;0.958984375000000;76902;10;149.55;((76170, 79100), (76902, 77634, 78366));
5;0.959960937500000;76902;11;154.79;((76170, 79100), (76902, 77634, 78366));
5;0.960449218750000;76902;6;147.87;((76170, 79100), (76902, 77634, 78366));
5;0.960693359375000;76902;5;146.74;((76170, 79100), (76902, 77634, 78366));
5;0.960571289062500;76902;5;147.51;((76170, 79100), (76902, 77634, 78366));
5;0.960510253906250;76902;6;149.71;((76170, 79100), (76902, 77634, 78366));
5;0.960540771484375;76902;6;147.70;((76170, 79100), (76902, 77634, 78366));
5;0.960556030273438;76902;6;148.36;((76170, 79100), (76902, 77634, 78366));
5;0.960563659667969;76902;7;147.78;((76170, 79100), (76902, 77634, 78366));
5;0.960567474365234;76902;7;148.45;((76170, 79100), (76902, 77634, 78366));
5;0.960569381713867;76902;6;148.28;((76170, 79100), (76902, 77634, 78366));
5;0.960570335388184;76902;11;153.58;((76170, 79100), (76902, 77634, 78366));
5;0.500000000000000;77634;11;84.64;((76170, 79100), (76902, 77634, 78366));
5;0.750000000000000;77634;11;120.89;((76170, 79100), (76902, 77634, 78366));
5;0.875000000000000;77634;11;140.06;((76170, 79100), (76902, 77634, 78366));
5;0.937500000000000;77634;11;152.27;((76170, 79100), (76902, 77634, 78366));
5;0.968750000000000;77634;0;69.81;((76170, 79100), (76902, 77634, 78366));
5;0.953125000000000;77634;11;152.77;((76170, 79100), (76902, 77634, 78366));
5;0.960937500000000;77634;4;147.33;((76170, 79100), (76902, 77634, 78366));
5;0.957031250000000;77634;11;153.73;((76170, 79100), (76902, 77634, 78366));
5;0.958984375000000;77634;11;157.11;((76170, 79100), (76902, 77634, 78366));
5;0.959960937500000;77634;10;151.01;((76170, 79100), (76902, 77634, 78366));
5;0.960449218750000;77634;10;149.73;((76170, 79100), (76902, 77634, 78366));
5;0.960693359375000;77634;9;150.38;((76170, 79100), (76902, 77634, 78366));
5;0.960815429687500;77634;8;151.62;((76170, 79100), (76902, 77634, 78366));
5;0.960876464843750;77634;8;150.47;((76170, 79100), (76902, 77634, 78366));
5;0.960906982421875;77634;8;149.09;((76170, 79100), (76902, 77634, 78366));
5;0.960922241210938;77634;8;177.68;((76170, 79100), (76902, 77634, 78366));
5;0.960929870605469;77634;7;148.23;((76170, 79100), (76902, 77634, 78366));
5;0.960933685302734;77634;8;147.88;((76170, 79100), (76902, 77634, 78366));
5;0.960935592651367;77634;8;147.94;((76170, 79100), (76902, 77634, 78366));
5;0.960936546325684;77634;8;147.82;((76170, 79100), (76902, 77634, 78366));
5;0.500000000000000;78366;11;84.60;((76170, 79100), (76902, 77634, 78366));
5;0.750000000000000;78366;11;123.75;((76170, 79100), (76902, 77634, 78366));
5;0.875000000000000;78366;11;139.86;((76170, 79100), (76902, 77634, 78366));
5;0.937500000000000;78366;11;148.58;((76170, 79100), (76902, 77634, 78366));
5;0.968750000000000;78366;0;82.56;((76170, 79100), (76902, 77634, 78366));
5;0.953125000000000;78366;11;152.48;((76170, 79100), (76902, 77634, 78366));
5;0.960937500000000;78366;11;154.63;((76170, 79100), (76902, 77634, 78366));
5;0.964843750000000;78366;10;151.77;((76170, 79100), (76902, 77634, 78366));
5;0.966796875000000;78366;3;164.43;((76170, 79100), (76902, 77634, 78366));
5;0.965820312500000;78366;6;148.50;((76170, 79100), (76902, 77634, 78366));
5;0.966308593750000;78366;7;148.59;((76170, 79100), (76902, 77634, 78366));
5;0.966552734375000;78366;5;148.58;((76170, 79100), (76902, 77634, 78366));
5;0.966430664062500;78366;5;147.19;((76170, 79100), (76902, 77634, 78366));
5;0.966369628906250;78366;8;149.69;((76170, 79100), (76902, 77634, 78366));
5;0.966400146484375;78366;9;153.15;((76170, 79100), (76902, 77634, 78366));
5;0.966415405273438;78366;4;148.56;((76170, 79100), (76902, 77634, 78366));
5;0.966407775878906;78366;4;147.87;((76170, 79100), (76902, 77634, 78366));
5;0.966403961181641;78366;6;146.80;((76170, 79100), (76902, 77634, 78366));
5;0.966405868530273;78366;9;151.26;((76170, 79100), (76902, 77634, 78366));
5;0.966406822204590;78366;2;146.23;((76170, 79100), (76902, 77634, 78366));
5;0.500000000000000;78000;11;84.08;((77634, 79100), (78000, 78366, 78732));
5;0.750000000000000;78000;11;121.51;((77634, 79100), (78000, 78366, 78732));
5;0.875000000000000;78000;11;139.75;((77634, 79100), (78000, 78366, 78732));
5;0.937500000000000;78000;11;150.34;((77634, 79100), (78000, 78366, 78732));
5;0.968750000000000;78000;0;66.50;((77634, 79100), (78000, 78366, 78732));
5;0.953125000000000;78000;11;154.30;((77634, 79100), (78000, 78366, 78732));
5;0.960937500000000;78000;8;147.75;((77634, 79100), (78000, 78366, 78732));
5;0.964843750000000;78000;0;79.25;((77634, 79100), (78000, 78366, 78732));
5;0.962890625000000;78000;1;141.97;((77634, 79100), (78000, 78366, 78732));
5;0.961914062500000;78000;3;146.53;((77634, 79100), (78000, 78366, 78732));
5;0.961425781250000;78000;7;161.26;((77634, 79100), (78000, 78366, 78732));
5;0.961669921875000;78000;3;158.76;((77634, 79100), (78000, 78366, 78732));
5;0.961547851562500;78000;4;153.36;((77634, 79100), (78000, 78366, 78732));
5;0.961486816406250;78000;3;151.39;((77634, 79100), (78000, 78366, 78732));
5;0.961456298828125;78000;4;145.82;((77634, 79100), (78000, 78366, 78732));
5;0.961441040039062;78000;5;144.76;((77634, 79100), (78000, 78366, 78732));
5;0.961433410644531;78000;6;149.55;((77634, 79100), (78000, 78366, 78732));
5;0.961437225341797;78000;6;147.14;((77634, 79100), (78000, 78366, 78732));
5;0.961439132690430;78000;2;140.13;((77634, 79100), (78000, 78366, 78732));
5;0.961438179016113;78000;3;143.84;((77634, 79100), (78000, 78366, 78732));
5;0.500000000000000;78732;11;81.77;((77634, 79100), (78000, 78366, 78732));
5;0.750000000000000;78732;11;117.52;((77634, 79100), (78000, 78366, 78732));
5;0.875000000000000;78732;11;136.20;((77634, 79100), (78000, 78366, 78732));
5;0.937500000000000;78732;11;145.61;((77634, 79100), (78000, 78366, 78732));
5;0.968750000000000;78732;0;65.33;((77634, 79100), (78000, 78366, 78732));
5;0.953125000000000;78732;11;152.55;((77634, 79100), (78000, 78366, 78732));
5;0.960937500000000;78732;8;145.93;((77634, 79100), (78000, 78366, 78732));
5;0.964843750000000;78732;0;81.46;((77634, 79100), (78000, 78366, 78732));
5;0.962890625000000;78732;1;140.64;((77634, 79100), (78000, 78366, 78732));
5;0.961914062500000;78732;7;155.52;((77634, 79100), (78000, 78366, 78732));
5;0.962402343750000;78732;0;102.41;((77634, 79100), (78000, 78366, 78732));
5;0.962158203125000;78732;4;143.28;((77634, 79100), (78000, 78366, 78732));
5;0.962036132812500;78732;5;144.18;((77634, 79100), (78000, 78366, 78732));
5;0.961975097656250;78732;4;143.48;((77634, 79100), (78000, 78366, 78732));
5;0.961944580078125;78732;5;143.73;((77634, 79100), (78000, 78366, 78732));
5;0.961929321289062;78732;3;142.88;((77634, 79100), (78000, 78366, 78732));
5;0.961921691894531;78732;2;140.45;((77634, 79100), (78000, 78366, 78732));
5;0.961917877197266;78732;4;144.30;((77634, 79100), (78000, 78366, 78732));
5;0.961915969848633;78732;2;141.94;((77634, 79100), (78000, 78366, 78732));
5;0.961915016174316;78732;3;143.07;((77634, 79100), (78000, 78366, 78732));
5;0.500000000000000;78183;11;87.87;((78000, 78732), (78183, 78366, 78549));
5;0.750000000000000;78183;11;142.85;((78000, 78732), (78183, 78366, 78549));
5;0.875000000000000;78183;11;139.74;((78000, 78732), (78183, 78366, 78549));
5;0.937500000000000;78183;11;147.07;((78000, 78732), (78183, 78366, 78549));
5;0.968750000000000;78183;0;88.09;((78000, 78732), (78183, 78366, 78549));
5;0.953125000000000;78183;11;146.77;((78000, 78732), (78183, 78366, 78549));
5;0.960937500000000;78183;11;149.07;((78000, 78732), (78183, 78366, 78549));
5;0.964843750000000;78183;11;148.90;((78000, 78732), (78183, 78366, 78549));
5;0.966796875000000;78183;1;142.09;((78000, 78732), (78183, 78366, 78549));
5;0.965820312500000;78183;7;149.20;((78000, 78732), (78183, 78366, 78549));
5;0.966308593750000;78183;4;148.13;((78000, 78732), (78183, 78366, 78549));
5;0.966064453125000;78183;8;148.99;((78000, 78732), (78183, 78366, 78549));
5;0.966186523437500;78183;9;150.71;((78000, 78732), (78183, 78366, 78549));
5;0.966247558593750;78183;10;151.09;((78000, 78732), (78183, 78366, 78549));
5;0.966278076171875;78183;7;150.30;((78000, 78732), (78183, 78366, 78549));
5;0.966293334960938;78183;7;148.97;((78000, 78732), (78183, 78366, 78549));
5;0.966300964355469;78183;4;148.40;((78000, 78732), (78183, 78366, 78549));
5;0.966297149658203;78183;7;156.19;((78000, 78732), (78183, 78366, 78549));
5;0.966299057006836;78183;6;148.55;((78000, 78732), (78183, 78366, 78549));
5;0.966300010681152;78183;6;148.15;((78000, 78732), (78183, 78366, 78549));
5;0.500000000000000;78549;11;83.68;((78000, 78732), (78183, 78366, 78549));
5;0.750000000000000;78549;11;123.42;((78000, 78732), (78183, 78366, 78549));
5;0.875000000000000;78549;11;141.50;((78000, 78732), (78183, 78366, 78549));
5;0.937500000000000;78549;11;149.84;((78000, 78732), (78183, 78366, 78549));
5;0.968750000000000;78549;0;95.85;((78000, 78732), (78183, 78366, 78549));
5;0.953125000000000;78549;11;152.91;((78000, 78732), (78183, 78366, 78549));
5;0.960937500000000;78549;11;153.31;((78000, 78732), (78183, 78366, 78549));
5;0.964843750000000;78549;10;150.13;((78000, 78732), (78183, 78366, 78549));
5;0.966796875000000;78549;1;145.81;((78000, 78732), (78183, 78366, 78549));
5;0.965820312500000;78549;8;148.55;((78000, 78732), (78183, 78366, 78549));
5;0.966308593750000;78549;4;147.91;((78000, 78732), (78183, 78366, 78549));
5;0.966064453125000;78549;7;149.03;((78000, 78732), (78183, 78366, 78549));
5;0.966186523437500;78549;5;146.94;((78000, 78732), (78183, 78366, 78549));
5;0.966125488281250;78549;8;149.23;((78000, 78732), (78183, 78366, 78549));
5;0.966156005859375;78549;9;148.52;((78000, 78732), (78183, 78366, 78549));
5;0.966171264648438;78549;6;148.19;((78000, 78732), (78183, 78366, 78549));
5;0.966178894042969;78549;6;148.15;((78000, 78732), (78183, 78366, 78549));
5;0.966182708740234;78549;6;149.25;((78000, 78732), (78183, 78366, 78549));
5;0.966184616088867;78549;8;149.83;((78000, 78732), (78183, 78366, 78549));
5;0.966185569763184;78549;4;148.81;((78000, 78732), (78183, 78366, 78549));
5;0.500000000000000;78274;11;83.09;((78183, 78549), (78274, 78365, 78456));
5;0.750000000000000;78274;11;123.62;((78183, 78549), (78274, 78365, 78456));
5;0.875000000000000;78274;11;140.60;((78183, 78549), (78274, 78365, 78456));
5;0.937500000000000;78274;11;150.79;((78183, 78549), (78274, 78365, 78456));
5;0.968750000000000;78274;0;65.60;((78183, 78549), (78274, 78365, 78456));
5;0.953125000000000;78274;11;152.35;((78183, 78549), (78274, 78365, 78456));
5;0.960937500000000;78274;7;148.60;((78183, 78549), (78274, 78365, 78456));
5;0.964843750000000;78274;0;85.32;((78183, 78549), (78274, 78365, 78456));
5;0.962890625000000;78274;1;142.41;((78183, 78549), (78274, 78365, 78456));
5;0.961914062500000;78274;2;145.63;((78183, 78549), (78274, 78365, 78456));
5;0.961425781250000;78274;4;146.75;((78183, 78549), (78274, 78365, 78456));
5;0.961181640625000;78274;8;149.28;((78183, 78549), (78274, 78365, 78456));
5;0.961303710937500;78274;7;148.46;((78183, 78549), (78274, 78365, 78456));
5;0.961364746093750;78274;5;149.26;((78183, 78549), (78274, 78365, 78456));
5;0.961334228515625;78274;5;147.34;((78183, 78549), (78274, 78365, 78456));
5;0.961318969726562;78274;7;150.71;((78183, 78549), (78274, 78365, 78456));
5;0.961326599121094;78274;4;148.95;((78183, 78549), (78274, 78365, 78456));
5;0.961322784423828;78274;2;145.66;((78183, 78549), (78274, 78365, 78456));
5;0.961320877075195;78274;8;150.67;((78183, 78549), (78274, 78365, 78456));
5;0.961321830749512;78274;4;147.08;((78183, 78549), (78274, 78365, 78456));
5;0.500000000000000;78365;11;84.95;((78183, 78549), (78274, 78365, 78456));
5;0.750000000000000;78365;11;122.35;((78183, 78549), (78274, 78365, 78456));
5;0.875000000000000;78365;11;142.79;((78183, 78549), (78274, 78365, 78456));
5;0.937500000000000;78365;11;153.33;((78183, 78549), (78274, 78365, 78456));
5;0.968750000000000;78365;0;87.27;((78183, 78549), (78274, 78365, 78456));
5;0.953125000000000;78365;11;155.22;((78183, 78549), (78274, 78365, 78456));
5;0.960937500000000;78365;11;156.34;((78183, 78549), (78274, 78365, 78456));
5;0.964843750000000;78365;11;155.01;((78183, 78549), (78274, 78365, 78456));
5;0.966796875000000;78365;4;147.30;((78183, 78549), (78274, 78365, 78456));
5;0.965820312500000;78365;8;148.14;((78183, 78549), (78274, 78365, 78456));
5;0.966308593750000;78365;7;149.99;((78183, 78549), (78274, 78365, 78456));
5;0.966552734375000;78365;5;153.90;((78183, 78549), (78274, 78365, 78456));
5;0.966430664062500;78365;4;148.97;((78183, 78549), (78274, 78365, 78456));
5;0.966369628906250;78365;7;147.75;((78183, 78549), (78274, 78365, 78456));
5;0.966400146484375;78365;5;149.14;((78183, 78549), (78274, 78365, 78456));
5;0.966384887695312;78365;6;151.06;((78183, 78549), (78274, 78365, 78456));
5;0.966392517089844;78365;5;151.71;((78183, 78549), (78274, 78365, 78456));
5;0.966388702392578;78365;4;147.89;((78183, 78549), (78274, 78365, 78456));
5;0.966386795043945;78365;4;148.30;((78183, 78549), (78274, 78365, 78456));
5;0.966385841369629;78365;4;146.84;((78183, 78549), (78274, 78365, 78456));
5;0.500000000000000;78456;11;83.50;((78183, 78549), (78274, 78365, 78456));
5;0.750000000000000;78456;11;122.36;((78183, 78549), (78274, 78365, 78456));
5;0.875000000000000;78456;11;140.46;((78183, 78549), (78274, 78365, 78456));
5;0.937500000000000;78456;11;149.22;((78183, 78549), (78274, 78365, 78456));
5;0.968750000000000;78456;0;85.73;((78183, 78549), (78274, 78365, 78456));
5;0.953125000000000;78456;11;152.12;((78183, 78549), (78274, 78365, 78456));
5;0.960937500000000;78456;11;153.73;((78183, 78549), (78274, 78365, 78456));
5;0.964843750000000;78456;10;153.30;((78183, 78549), (78274, 78365, 78456));
5;0.966796875000000;78456;8;149.79;((78183, 78549), (78274, 78365, 78456));
5;0.967773437500000;78456;4;146.91;((78183, 78549), (78274, 78365, 78456));
5;0.967285156250000;78456;3;147.57;((78183, 78549), (78274, 78365, 78456));
5;0.967041015625000;78456;3;146.86;((78183, 78549), (78274, 78365, 78456));
5;0.966918945312500;78456;4;149.75;((78183, 78549), (78274, 78365, 78456));
5;0.966857910156250;78456;3;147.07;((78183, 78549), (78274, 78365, 78456));
5;0.966827392578125;78456;5;148.96;((78183, 78549), (78274, 78365, 78456));
5;0.966812133789062;78456;4;149.16;((78183, 78549), (78274, 78365, 78456));
5;0.966804504394531;78456;8;148.10;((78183, 78549), (78274, 78365, 78456));
5;0.966808319091797;78456;5;148.44;((78183, 78549), (78274, 78365, 78456));
5;0.966806411743164;78456;7;153.17;((78183, 78549), (78274, 78365, 78456));
5;0.966807365417480;78456;7;149.43;((78183, 78549), (78274, 78365, 78456));
5;0.500000000000000;78411;11;84.93;((78365, 78549), (78411, 78457, 78503));
5;0.750000000000000;78411;11;125.77;((78365, 78549), (78411, 78457, 78503));
5;0.875000000000000;78411;11;140.59;((78365, 78549), (78411, 78457, 78503));
5;0.937500000000000;78411;11;182.98;((78365, 78549), (78411, 78457, 78503));
5;0.968750000000000;78411;0;84.53;((78365, 78549), (78411, 78457, 78503));
5;0.953125000000000;78411;11;152.96;((78365, 78549), (78411, 78457, 78503));
5;0.960937500000000;78411;11;154.06;((78365, 78549), (78411, 78457, 78503));
5;0.964843750000000;78411;9;151.59;((78365, 78549), (78411, 78457, 78503));
5;0.966796875000000;78411;4;147.17;((78365, 78549), (78411, 78457, 78503));
5;0.965820312500000;78411;7;150.14;((78365, 78549), (78411, 78457, 78503));
5;0.966308593750000;78411;6;147.45;((78365, 78549), (78411, 78457, 78503));
5;0.966552734375000;78411;6;148.77;((78365, 78549), (78411, 78457, 78503));
5;0.966674804687500;78411;7;149.33;((78365, 78549), (78411, 78457, 78503));
5;0.966735839843750;78411;5;147.15;((78365, 78549), (78411, 78457, 78503));
5;0.966705322265625;78411;4;150.07;((78365, 78549), (78411, 78457, 78503));
5;0.966690063476562;78411;6;151.12;((78365, 78549), (78411, 78457, 78503));
5;0.966697692871094;78411;2;145.09;((78365, 78549), (78411, 78457, 78503));
5;0.966693878173828;78411;4;147.80;((78365, 78549), (78411, 78457, 78503));
5;0.966691970825195;78411;4;146.47;((78365, 78549), (78411, 78457, 78503));
5;0.966691017150879;78411;6;149.03;((78365, 78549), (78411, 78457, 78503));
5;0.500000000000000;78457;11;83.96;((78365, 78549), (78411, 78457, 78503));
5;0.750000000000000;78457;11;123.37;((78365, 78549), (78411, 78457, 78503));
5;0.875000000000000;78457;11;141.07;((78365, 78549), (78411, 78457, 78503));
5;0.937500000000000;78457;11;150.63;((78365, 78549), (78411, 78457, 78503));
5;0.968750000000000;78457;0;84.11;((78365, 78549), (78411, 78457, 78503));
5;0.953125000000000;78457;11;152.38;((78365, 78549), (78411, 78457, 78503));
5;0.960937500000000;78457;11;156.48;((78365, 78549), (78411, 78457, 78503));
5;0.964843750000000;78457;10;151.13;((78365, 78549), (78411, 78457, 78503));
5;0.966796875000000;78457;7;149.39;((78365, 78549), (78411, 78457, 78503));
5;0.967773437500000;78457;1;145.50;((78365, 78549), (78411, 78457, 78503));
5;0.967285156250000;78457;3;148.38;((78365, 78549), (78411, 78457, 78503));
5;0.967041015625000;78457;3;145.57;((78365, 78549), (78411, 78457, 78503));
5;0.966918945312500;78457;2;147.88;((78365, 78549), (78411, 78457, 78503));
5;0.966857910156250;78457;7;148.78;((78365, 78549), (78411, 78457, 78503));
5;0.966888427734375;78457;2;145.12;((78365, 78549), (78411, 78457, 78503));
5;0.966873168945312;78457;5;146.90;((78365, 78549), (78411, 78457, 78503));
5;0.966865539550781;78457;2;147.26;((78365, 78549), (78411, 78457, 78503));
5;0.966861724853516;78457;3;146.11;((78365, 78549), (78411, 78457, 78503));
5;0.966859817504883;78457;5;149.40;((78365, 78549), (78411, 78457, 78503));
5;0.966858863830566;78457;6;165.94;((78365, 78549), (78411, 78457, 78503));
5;0.500000000000000;78503;11;84.30;((78365, 78549), (78411, 78457, 78503));
5;0.750000000000000;78503;11;123.08;((78365, 78549), (78411, 78457, 78503));
5;0.875000000000000;78503;11;141.52;((78365, 78549), (78411, 78457, 78503));
5;0.937500000000000;78503;11;148.92;((78365, 78549), (78411, 78457, 78503));
5;0.968750000000000;78503;0;98.74;((78365, 78549), (78411, 78457, 78503));
5;0.953125000000000;78503;11;153.26;((78365, 78549), (78411, 78457, 78503));
5;0.960937500000000;78503;11;155.33;((78365, 78549), (78411, 78457, 78503));
5;0.964843750000000;78503;9;150.50;((78365, 78549), (78411, 78457, 78503));
5;0.966796875000000;78503;4;147.17;((78365, 78549), (78411, 78457, 78503));
5;0.965820312500000;78503;7;149.87;((78365, 78549), (78411, 78457, 78503));
5;0.966308593750000;78503;5;147.91;((78365, 78549), (78411, 78457, 78503));
5;0.966064453125000;78503;6;148.71;((78365, 78549), (78411, 78457, 78503));
5;0.966186523437500;78503;6;148.12;((78365, 78549), (78411, 78457, 78503));
5;0.966247558593750;78503;5;148.34;((78365, 78549), (78411, 78457, 78503));
5;0.966217041015625;78503;7;148.81;((78365, 78549), (78411, 78457, 78503));
5;0.966232299804688;78503;4;148.84;((78365, 78549), (78411, 78457, 78503));
5;0.966224670410156;78503;9;149.33;((78365, 78549), (78411, 78457, 78503));
5;0.966228485107422;78503;8;152.61;((78365, 78549), (78411, 78457, 78503));
5;0.966230392456055;78503;5;148.14;((78365, 78549), (78411, 78457, 78503));
5;0.966229438781738;78503;7;147.94;((78365, 78549), (78411, 78457, 78503));
5;0.500000000000000;78434;11;83.16;((78411, 78503), (78434, 78457, 78480));
5;0.750000000000000;78434;11;121.91;((78411, 78503), (78434, 78457, 78480));
5;0.875000000000000;78434;11;140.97;((78411, 78503), (78434, 78457, 78480));
5;0.937500000000000;78434;11;149.81;((78411, 78503), (78434, 78457, 78480));
5;0.968750000000000;78434;0;66.70;((78411, 78503), (78434, 78457, 78480));
5;0.953125000000000;78434;11;153.70;((78411, 78503), (78434, 78457, 78480));
5;0.960937500000000;78434;6;147.73;((78411, 78503), (78434, 78457, 78480));
5;0.964843750000000;78434;0;83.11;((78411, 78503), (78434, 78457, 78480));
5;0.962890625000000;78434;3;146.24;((78411, 78503), (78434, 78457, 78480));
5;0.961914062500000;78434;3;146.90;((78411, 78503), (78434, 78457, 78480));
5;0.961425781250000;78434;7;147.84;((78411, 78503), (78434, 78457, 78480));
5;0.961669921875000;78434;3;145.19;((78411, 78503), (78434, 78457, 78480));
5;0.961547851562500;78434;4;144.71;((78411, 78503), (78434, 78457, 78480));
5;0.961486816406250;78434;5;146.77;((78411, 78503), (78434, 78457, 78480));
5;0.961456298828125;78434;3;146.18;((78411, 78503), (78434, 78457, 78480));
5;0.961441040039062;78434;6;147.62;((78411, 78503), (78434, 78457, 78480));
5;0.961448669433594;78434;4;145.53;((78411, 78503), (78434, 78457, 78480));
5;0.961444854736328;78434;6;147.89;((78411, 78503), (78434, 78457, 78480));
5;0.961446762084961;78434;4;146.33;((78411, 78503), (78434, 78457, 78480));
5;0.961445808410645;78434;5;146.70;((78411, 78503), (78434, 78457, 78480));
5;0.500000000000000;78480;11;84.44;((78411, 78503), (78434, 78457, 78480));
5;0.750000000000000;78480;11;122.26;((78411, 78503), (78434, 78457, 78480));
5;0.875000000000000;78480;11;141.47;((78411, 78503), (78434, 78457, 78480));
5;0.937500000000000;78480;11;149.98;((78411, 78503), (78434, 78457, 78480));
5;0.968750000000000;78480;0;68.62;((78411, 78503), (78434, 78457, 78480));
5;0.953125000000000;78480;11;153.56;((78411, 78503), (78434, 78457, 78480));
5;0.960937500000000;78480;6;149.53;((78411, 78503), (78434, 78457, 78480));
5;0.964843750000000;78480;0;83.11;((78411, 78503), (78434, 78457, 78480));
5;0.962890625000000;78480;1;143.57;((78411, 78503), (78434, 78457, 78480));
5;0.961914062500000;78480;2;145.44;((78411, 78503), (78434, 78457, 78480));
5;0.961425781250000;78480;5;146.58;((78411, 78503), (78434, 78457, 78480));
5;0.961181640625000;78480;5;147.45;((78411, 78503), (78434, 78457, 78480));
5;0.961059570312500;78480;7;147.48;((78411, 78503), (78434, 78457, 78480));
5;0.961120605468750;78480;2;146.14;((78411, 78503), (78434, 78457, 78480));
5;0.961090087890625;78480;7;150.02;((78411, 78503), (78434, 78457, 78480));
5;0.961105346679688;78480;8;149.51;((78411, 78503), (78434, 78457, 78480));
5;0.961112976074219;78480;6;147.29;((78411, 78503), (78434, 78457, 78480));
5;0.961116790771484;78480;6;148.99;((78411, 78503), (78434, 78457, 78480));
5;0.961118698120117;78480;6;146.97;((78411, 78503), (78434, 78457, 78480));
5;0.961119651794434;78480;6;147.42;((78411, 78503), (78434, 78457, 78480));
