5;0.500000000000000;12500000;11;229.81;(0, 50000000), (12500000, 25000000, 37500000);
5;0.750000000000000;12500000;0;201.31;(0, 50000000), (12500000, 25000000, 37500000);
5;0.625000000000000;12500000;11;297.96;(0, 50000000), (12500000, 25000000, 37500000);
5;0.687500000000000;12500000;11;312.34;(0, 50000000), (12500000, 25000000, 37500000);
5;0.718750000000000;12500000;11;321.96;(0, 50000000), (12500000, 25000000, 37500000);
5;0.734375000000000;12500000;11;330.25;(0, 50000000), (12500000, 25000000, 37500000);
5;0.742187500000000;12500000;11;333.62;(0, 50000000), (12500000, 25000000, 37500000);
5;0.746093750000000;12500000;0;201.27;(0, 50000000), (12500000, 25000000, 37500000);
5;0.744140625000000;12500000;10;358.00;(0, 50000000), (12500000, 25000000, 37500000);
5;0.745117187500000;12500000;0;200.24;(0, 50000000), (12500000, 25000000, 37500000);
5;0.744628906250000;12500000;0;227.07;(0, 50000000), (12500000, 25000000, 37500000);
5;0.744384765625000;12500000;1;292.24;(0, 50000000), (12500000, 25000000, 37500000);
5;0.744262695312500;12500000;5;342.89;(0, 50000000), (12500000, 25000000, 37500000);
5;0.744201660156250;12500000;4;308.65;(0, 50000000), (12500000, 25000000, 37500000);
5;0.744171142578125;12500000;4;325.75;(0, 50000000), (12500000, 25000000, 37500000);
5;0.744155883789062;12500000;7;335.53;(0, 50000000), (12500000, 25000000, 37500000);
5;0.744163513183594;12500000;5;324.10;(0, 50000000), (12500000, 25000000, 37500000);
5;0.744159698486328;12500000;4;331.30;(0, 50000000), (12500000, 25000000, 37500000);
5;0.744157791137695;12500000;7;347.45;(0, 50000000), (12500000, 25000000, 37500000);
5;0.744158744812012;12500000;6;341.36;(0, 50000000), (12500000, 25000000, 37500000);
5;0.500000000000000;25000000;11;243.64;(0, 50000000), (12500000, 25000000, 37500000);
5;0.750000000000000;25000000;0;176.25;(0, 50000000), (12500000, 25000000, 37500000);
5;0.625000000000000;25000000;0;198.68;(0, 50000000), (12500000, 25000000, 37500000);
5;0.562500000000000;25000000;11;273.95;(0, 50000000), (12500000, 25000000, 37500000);
5;0.593750000000000;25000000;11;275.14;(0, 50000000), (12500000, 25000000, 37500000);
5;0.609375000000000;25000000;11;281.57;(0, 50000000), (12500000, 25000000, 37500000);
5;0.617187500000000;25000000;0;174.97;(0, 50000000), (12500000, 25000000, 37500000);
5;0.613281250000000;25000000;11;307.51;(0, 50000000), (12500000, 25000000, 37500000);
5;0.615234375000000;25000000;11;286.93;(0, 50000000), (12500000, 25000000, 37500000);
5;0.616210937500000;25000000;0;175.82;(0, 50000000), (12500000, 25000000, 37500000);
5;0.615722656250000;25000000;11;311.78;(0, 50000000), (12500000, 25000000, 37500000);
5;0.615966796875000;25000000;0;177.36;(0, 50000000), (12500000, 25000000, 37500000);
5;0.615844726562500;25000000;6;296.54;(0, 50000000), (12500000, 25000000, 37500000);
5;0.615905761718750;25000000;1;241.40;(0, 50000000), (12500000, 25000000, 37500000);
5;0.615875244140625;25000000;6;293.23;(0, 50000000), (12500000, 25000000, 37500000);
5;0.615890502929688;25000000;4;265.10;(0, 50000000), (12500000, 25000000, 37500000);
5;0.615882873535156;25000000;6;285.88;(0, 50000000), (12500000, 25000000, 37500000);
5;0.615886688232422;25000000;1;259.83;(0, 50000000), (12500000, 25000000, 37500000);
5;0.615884780883789;25000000;5;285.68;(0, 50000000), (12500000, 25000000, 37500000);
5;0.615883827209473;25000000;3;267.77;(0, 50000000), (12500000, 25000000, 37500000);
5;0.500000000000000;37500000;11;247.92;(0, 50000000), (12500000, 25000000, 37500000);
5;0.750000000000000;37500000;0;173.18;(0, 50000000), (12500000, 25000000, 37500000);
5;0.625000000000000;37500000;0;179.61;(0, 50000000), (12500000, 25000000, 37500000);
5;0.562500000000000;37500000;11;276.70;(0, 50000000), (12500000, 25000000, 37500000);
5;0.593750000000000;37500000;11;272.93;(0, 50000000), (12500000, 25000000, 37500000);
5;0.609375000000000;37500000;0;174.42;(0, 50000000), (12500000, 25000000, 37500000);
5;0.601562500000000;37500000;11;285.63;(0, 50000000), (12500000, 25000000, 37500000);
5;0.605468750000000;37500000;11;286.49;(0, 50000000), (12500000, 25000000, 37500000);
5;0.607421875000000;37500000;5;270.64;(0, 50000000), (12500000, 25000000, 37500000);
5;0.606445312500000;37500000;11;292.95;(0, 50000000), (12500000, 25000000, 37500000);
5;0.606933593750000;37500000;11;285.30;(0, 50000000), (12500000, 25000000, 37500000);
5;0.607177734375000;37500000;11;280.20;(0, 50000000), (12500000, 25000000, 37500000);
5;0.607299804687500;37500000;11;282.59;(0, 50000000), (12500000, 25000000, 37500000);
5;0.607360839843750;37500000;8;279.53;(0, 50000000), (12500000, 25000000, 37500000);
5;0.607391357421875;37500000;6;273.12;(0, 50000000), (12500000, 25000000, 37500000);
5;0.607406616210938;37500000;3;254.41;(0, 50000000), (12500000, 25000000, 37500000);
5;0.607398986816406;37500000;3;254.20;(0, 50000000), (12500000, 25000000, 37500000);
5;0.607395172119141;37500000;4;272.96;(0, 50000000), (12500000, 25000000, 37500000);
5;0.607393264770508;37500000;3;253.20;(0, 50000000), (12500000, 25000000, 37500000);
5;0.607392311096191;37500000;2;251.89;(0, 50000000), (12500000, 25000000, 37500000);
5;0.500000000000000;6250000;11;240.64;(0, 25000000), (6250000, 12500000, 18750000);
5;0.750000000000000;6250000;11;351.09;(0, 25000000), (6250000, 12500000, 18750000);
5;0.875000000000000;6250000;0;204.66;(0, 25000000), (6250000, 12500000, 18750000);
5;0.812500000000000;6250000;11;383.19;(0, 25000000), (6250000, 12500000, 18750000);
5;0.843750000000000;6250000;11;378.03;(0, 25000000), (6250000, 12500000, 18750000);
5;0.859375000000000;6250000;11;390.07;(0, 25000000), (6250000, 12500000, 18750000);
5;0.867187500000000;6250000;0;203.38;(0, 25000000), (6250000, 12500000, 18750000);
5;0.863281250000000;6250000;11;404.06;(0, 25000000), (6250000, 12500000, 18750000);
5;0.865234375000000;6250000;3;356.99;(0, 25000000), (6250000, 12500000, 18750000);
5;0.864257812500000;6250000;11;407.48;(0, 25000000), (6250000, 12500000, 18750000);
5;0.864746093750000;6250000;9;386.93;(0, 25000000), (6250000, 12500000, 18750000);
5;0.864990234375000;6250000;7;400.61;(0, 25000000), (6250000, 12500000, 18750000);
5;0.865112304687500;6250000;6;372.34;(0, 25000000), (6250000, 12500000, 18750000);
5;0.865173339843750;6250000;2;346.60;(0, 25000000), (6250000, 12500000, 18750000);
5;0.865142822265625;6250000;4;387.90;(0, 25000000), (6250000, 12500000, 18750000);
5;0.865127563476562;6250000;7;394.50;(0, 25000000), (6250000, 12500000, 18750000);
5;0.865135192871094;6250000;5;389.95;(0, 25000000), (6250000, 12500000, 18750000);
5;0.865131378173828;6250000;6;386.91;(0, 25000000), (6250000, 12500000, 18750000);
5;0.865133285522461;6250000;5;376.93;(0, 25000000), (6250000, 12500000, 18750000);
5;0.865132331848145;6250000;5;377.73;(0, 25000000), (6250000, 12500000, 18750000);
5;0.500000000000000;18750000;11;240.27;(0, 25000000), (6250000, 12500000, 18750000);
5;0.750000000000000;18750000;0;181.60;(0, 25000000), (6250000, 12500000, 18750000);
5;0.625000000000000;18750000;11;299.49;(0, 25000000), (6250000, 12500000, 18750000);
5;0.687500000000000;18750000;0;178.61;(0, 25000000), (6250000, 12500000, 18750000);
5;0.656250000000000;18750000;0;205.94;(0, 25000000), (6250000, 12500000, 18750000);
5;0.640625000000000;18750000;11;300.34;(0, 25000000), (6250000, 12500000, 18750000);
5;0.648437500000000;18750000;11;295.82;(0, 25000000), (6250000, 12500000, 18750000);
5;0.652343750000000;18750000;0;186.39;(0, 25000000), (6250000, 12500000, 18750000);
5;0.650390625000000;18750000;0;215.54;(0, 25000000), (6250000, 12500000, 18750000);
5;0.649414062500000;18750000;0;196.68;(0, 25000000), (6250000, 12500000, 18750000);
5;0.648925781250000;18750000;3;286.46;(0, 25000000), (6250000, 12500000, 18750000);
5;0.648681640625000;18750000;11;293.28;(0, 25000000), (6250000, 12500000, 18750000);
5;0.648803710937500;18750000;7;282.11;(0, 25000000), (6250000, 12500000, 18750000);
5;0.648864746093750;18750000;4;277.53;(0, 25000000), (6250000, 12500000, 18750000);
5;0.648834228515625;18750000;5;283.30;(0, 25000000), (6250000, 12500000, 18750000);
5;0.648818969726562;18750000;5;294.48;(0, 25000000), (6250000, 12500000, 18750000);
5;0.648811340332031;18750000;7;303.44;(0, 25000000), (6250000, 12500000, 18750000);
5;0.648815155029297;18750000;9;304.00;(0, 25000000), (6250000, 12500000, 18750000);
5;0.648817062377930;18750000;7;292.88;(0, 25000000), (6250000, 12500000, 18750000);
5;0.648818016052246;18750000;6;291.45;(0, 25000000), (6250000, 12500000, 18750000);
5;0.500000000000000;3125000;11;238.17;(0, 12500000), (3125000, 6250000, 9375000);
5;0.750000000000000;3125000;11;342.05;(0, 12500000), (3125000, 6250000, 9375000);
5;0.875000000000000;3125000;11;396.05;(0, 12500000), (3125000, 6250000, 9375000);
5;0.937500000000000;3125000;0;218.25;(0, 12500000), (3125000, 6250000, 9375000);
5;0.906250000000000;3125000;11;425.58;(0, 12500000), (3125000, 6250000, 9375000);
5;0.921875000000000;3125000;0;301.98;(0, 12500000), (3125000, 6250000, 9375000);
5;0.914062500000000;3125000;11;426.38;(0, 12500000), (3125000, 6250000, 9375000);
5;0.917968750000000;3125000;11;426.22;(0, 12500000), (3125000, 6250000, 9375000);
5;0.919921875000000;3125000;11;422.20;(0, 12500000), (3125000, 6250000, 9375000);
5;0.920898437500000;3125000;11;420.55;(0, 12500000), (3125000, 6250000, 9375000);
5;0.921386718750000;3125000;3;385.04;(0, 12500000), (3125000, 6250000, 9375000);
5;0.921142578125000;3125000;8;408.43;(0, 12500000), (3125000, 6250000, 9375000);
5;0.921264648437500;3125000;6;402.97;(0, 12500000), (3125000, 6250000, 9375000);
5;0.921325683593750;3125000;3;399.19;(0, 12500000), (3125000, 6250000, 9375000);
5;0.921295166015625;3125000;4;411.12;(0, 12500000), (3125000, 6250000, 9375000);
5;0.921279907226562;3125000;4;433.54;(0, 12500000), (3125000, 6250000, 9375000);
5;0.921272277832031;3125000;3;478.09;(0, 12500000), (3125000, 6250000, 9375000);
5;0.921268463134766;3125000;5;684.91;(0, 12500000), (3125000, 6250000, 9375000);
5;0.921266555786133;3125000;4;559.44;(0, 12500000), (3125000, 6250000, 9375000);
5;0.921265602111816;3125000;6;919.36;(0, 12500000), (3125000, 6250000, 9375000);
5;0.500000000000000;9375000;11;243.24;(0, 12500000), (3125000, 6250000, 9375000);
5;0.750000000000000;9375000;11;355.34;(0, 12500000), (3125000, 6250000, 9375000);
5;0.875000000000000;9375000;0;208.69;(0, 12500000), (3125000, 6250000, 9375000);
5;0.812500000000000;9375000;0;218.00;(0, 12500000), (3125000, 6250000, 9375000);
5;0.781250000000000;9375000;11;371.66;(0, 12500000), (3125000, 6250000, 9375000);
5;0.796875000000000;9375000;11;373.79;(0, 12500000), (3125000, 6250000, 9375000);
5;0.804687500000000;9375000;0;233.15;(0, 12500000), (3125000, 6250000, 9375000);
5;0.800781250000000;9375000;7;380.01;(0, 12500000), (3125000, 6250000, 9375000);
5;0.802734375000000;9375000;0;234.34;(0, 12500000), (3125000, 6250000, 9375000);
5;0.801757812500000;9375000;0;254.55;(0, 12500000), (3125000, 6250000, 9375000);
5;0.801269531250000;9375000;0;250.84;(0, 12500000), (3125000, 6250000, 9375000);
5;0.801025390625000;9375000;0;264.00;(0, 12500000), (3125000, 6250000, 9375000);
5;0.800903320312500;9375000;3;348.73;(0, 12500000), (3125000, 6250000, 9375000);
5;0.800842285156250;9375000;4;346.84;(0, 12500000), (3125000, 6250000, 9375000);
5;0.800811767578125;9375000;7;370.58;(0, 12500000), (3125000, 6250000, 9375000);
5;0.800827026367188;9375000;7;361.53;(0, 12500000), (3125000, 6250000, 9375000);
5;0.800834655761719;9375000;6;365.23;(0, 12500000), (3125000, 6250000, 9375000);
5;0.800838470458984;9375000;5;358.64;(0, 12500000), (3125000, 6250000, 9375000);
5;0.800836563110352;9375000;6;369.83;(0, 12500000), (3125000, 6250000, 9375000);
5;0.800837516784668;9375000;4;354.54;(0, 12500000), (3125000, 6250000, 9375000);
5;0.500000000000000;1562500;11;241.39;(0, 6250000), (1562500, 3125000, 4687500);
5;0.750000000000000;1562500;11;348.40;(0, 6250000), (1562500, 3125000, 4687500);
5;0.875000000000000;1562500;11;400.60;(0, 6250000), (1562500, 3125000, 4687500);
5;0.937500000000000;1562500;11;420.77;(0, 6250000), (1562500, 3125000, 4687500);
5;0.968750000000000;1562500;0;216.34;(0, 6250000), (1562500, 3125000, 4687500);
5;0.953125000000000;1562500;0;277.87;(0, 6250000), (1562500, 3125000, 4687500);
5;0.945312500000000;1562500;11;454.31;(0, 6250000), (1562500, 3125000, 4687500);
5;0.949218750000000;1562500;11;429.82;(0, 6250000), (1562500, 3125000, 4687500);
5;0.951171875000000;1562500;3;394.17;(0, 6250000), (1562500, 3125000, 4687500);
5;0.950195312500000;1562500;11;427.88;(0, 6250000), (1562500, 3125000, 4687500);
5;0.950683593750000;1562500;11;427.44;(0, 6250000), (1562500, 3125000, 4687500);
5;0.950927734375000;1562500;7;423.40;(0, 6250000), (1562500, 3125000, 4687500);
5;0.951049804687500;1562500;7;436.17;(0, 6250000), (1562500, 3125000, 4687500);
5;0.951110839843750;1562500;5;412.20;(0, 6250000), (1562500, 3125000, 4687500);
5;0.951080322265625;1562500;5;432.43;(0, 6250000), (1562500, 3125000, 4687500);
5;0.951065063476562;1562500;5;424.11;(0, 6250000), (1562500, 3125000, 4687500);
5;0.951057434082031;1562500;6;419.26;(0, 6250000), (1562500, 3125000, 4687500);
5;0.951061248779297;1562500;8;435.24;(0, 6250000), (1562500, 3125000, 4687500);
5;0.951063156127930;1562500;8;424.88;(0, 6250000), (1562500, 3125000, 4687500);
5;0.951064109802246;1562500;8;430.92;(0, 6250000), (1562500, 3125000, 4687500);
5;0.500000000000000;4687500;11;240.06;(0, 6250000), (1562500, 3125000, 4687500);
5;0.750000000000000;4687500;11;353.38;(0, 6250000), (1562500, 3125000, 4687500);
5;0.875000000000000;4687500;11;397.82;(0, 6250000), (1562500, 3125000, 4687500);
5;0.937500000000000;4687500;0;210.44;(0, 6250000), (1562500, 3125000, 4687500);
5;0.906250000000000;4687500;0;233.15;(0, 6250000), (1562500, 3125000, 4687500);
5;0.890625000000000;4687500;11;425.55;(0, 6250000), (1562500, 3125000, 4687500);
5;0.898437500000000;4687500;0;231.56;(0, 6250000), (1562500, 3125000, 4687500);
5;0.894531250000000;4687500;0;260.10;(0, 6250000), (1562500, 3125000, 4687500);
5;0.892578125000000;4687500;1;369.70;(0, 6250000), (1562500, 3125000, 4687500);
5;0.891601562500000;4687500;11;415.43;(0, 6250000), (1562500, 3125000, 4687500);
5;0.892089843750000;4687500;10;404.96;(0, 6250000), (1562500, 3125000, 4687500);
5;0.892333984375000;4687500;6;396.37;(0, 6250000), (1562500, 3125000, 4687500);
5;0.892456054687500;4687500;4;381.20;(0, 6250000), (1562500, 3125000, 4687500);
5;0.892395019531250;4687500;5;397.24;(0, 6250000), (1562500, 3125000, 4687500);
5;0.892364501953125;4687500;9;413.20;(0, 6250000), (1562500, 3125000, 4687500);
5;0.892379760742188;4687500;8;413.16;(0, 6250000), (1562500, 3125000, 4687500);
5;0.892387390136719;4687500;5;394.55;(0, 6250000), (1562500, 3125000, 4687500);
5;0.892383575439453;4687500;6;388.56;(0, 6250000), (1562500, 3125000, 4687500);
5;0.892385482788086;4687500;7;398.97;(0, 6250000), (1562500, 3125000, 4687500);
5;0.892386436462402;4687500;9;413.13;(0, 6250000), (1562500, 3125000, 4687500);
5;0.500000000000000;781250;11;238.57;(0, 3125000), (781250, 1562500, 2343750);
5;0.750000000000000;781250;11;349.13;(0, 3125000), (781250, 1562500, 2343750);
5;0.875000000000000;781250;11;389.10;(0, 3125000), (781250, 1562500, 2343750);
5;0.937500000000000;781250;11;418.37;(0, 3125000), (781250, 1562500, 2343750);
5;0.968750000000000;781250;0;335.27;(0, 3125000), (781250, 1562500, 2343750);
5;0.953125000000000;781250;11;427.00;(0, 3125000), (781250, 1562500, 2343750);
5;0.960937500000000;781250;7;417.70;(0, 3125000), (781250, 1562500, 2343750);
5;0.964843750000000;781250;0;334.53;(0, 3125000), (781250, 1562500, 2343750);
5;0.962890625000000;781250;0;368.15;(0, 3125000), (781250, 1562500, 2343750);
5;0.961914062500000;781250;0;349.34;(0, 3125000), (781250, 1562500, 2343750);
5;0.961425781250000;781250;4;435.96;(0, 3125000), (781250, 1562500, 2343750);
5;0.961181640625000;781250;7;428.62;(0, 3125000), (781250, 1562500, 2343750);
5;0.961303710937500;781250;3;407.97;(0, 3125000), (781250, 1562500, 2343750);
5;0.961242675781250;781250;2;430.91;(0, 3125000), (781250, 1562500, 2343750);
5;0.961212158203125;781250;5;427.87;(0, 3125000), (781250, 1562500, 2343750);
5;0.961196899414062;781250;6;433.74;(0, 3125000), (781250, 1562500, 2343750);
5;0.961204528808594;781250;4;433.96;(0, 3125000), (781250, 1562500, 2343750);
5;0.961200714111328;781250;4;430.77;(0, 3125000), (781250, 1562500, 2343750);
5;0.961198806762695;781250;5;437.05;(0, 3125000), (781250, 1562500, 2343750);
5;0.961197853088379;781250;3;400.68;(0, 3125000), (781250, 1562500, 2343750);
5;0.500000000000000;2343750;11;240.77;(0, 3125000), (781250, 1562500, 2343750);
5;0.750000000000000;2343750;11;351.15;(0, 3125000), (781250, 1562500, 2343750);
5;0.875000000000000;2343750;11;394.56;(0, 3125000), (781250, 1562500, 2343750);
5;0.937500000000000;2343750;0;341.59;(0, 3125000), (781250, 1562500, 2343750);
5;0.906250000000000;2343750;11;442.22;(0, 3125000), (781250, 1562500, 2343750);
5;0.921875000000000;2343750;11;419.07;(0, 3125000), (781250, 1562500, 2343750);
5;0.929687500000000;2343750;11;410.07;(0, 3125000), (781250, 1562500, 2343750);
5;0.933593750000000;2343750;9;413.34;(0, 3125000), (781250, 1562500, 2343750);
5;0.935546875000000;2343750;0;343.92;(0, 3125000), (781250, 1562500, 2343750);
5;0.934570312500000;2343750;0;364.80;(0, 3125000), (781250, 1562500, 2343750);
5;0.934082031250000;2343750;5;416.04;(0, 3125000), (781250, 1562500, 2343750);
5;0.933837890625000;2343750;8;429.33;(0, 3125000), (781250, 1562500, 2343750);
5;0.933959960937500;2343750;7;420.14;(0, 3125000), (781250, 1562500, 2343750);
5;0.934020996093750;2343750;3;401.91;(0, 3125000), (781250, 1562500, 2343750);
5;0.933990478515625;2343750;7;426.41;(0, 3125000), (781250, 1562500, 2343750);
5;0.934005737304688;2343750;7;432.91;(0, 3125000), (781250, 1562500, 2343750);
5;0.934013366699219;2343750;4;413.17;(0, 3125000), (781250, 1562500, 2343750);
5;0.934009552001953;2343750;5;423.26;(0, 3125000), (781250, 1562500, 2343750);
5;0.934007644653320;2343750;4;420.50;(0, 3125000), (781250, 1562500, 2343750);
5;0.934006690979004;2343750;3;411.96;(0, 3125000), (781250, 1562500, 2343750);
5;0.500000000000000;390625;11;232.76;(0, 1562500), (390625, 781250, 1171875);
5;0.750000000000000;390625;11;340.52;(0, 1562500), (390625, 781250, 1171875);
5;0.875000000000000;390625;11;385.70;(0, 1562500), (390625, 781250, 1171875);
5;0.937500000000000;390625;11;410.88;(0, 1562500), (390625, 781250, 1171875);
5;0.968750000000000;390625;11;435.21;(0, 1562500), (390625, 781250, 1171875);
5;0.984375000000000;390625;0;280.63;(0, 1562500), (390625, 781250, 1171875);
5;0.976562500000000;390625;0;291.06;(0, 1562500), (390625, 781250, 1171875);
5;0.972656250000000;390625;11;433.67;(0, 1562500), (390625, 781250, 1171875);
5;0.974609375000000;390625;0;344.15;(0, 1562500), (390625, 781250, 1171875);
5;0.973632812500000;390625;10;429.47;(0, 1562500), (390625, 781250, 1171875);
5;0.974121093750000;390625;4;409.35;(0, 1562500), (390625, 781250, 1171875);
5;0.973876953125000;390625;7;418.28;(0, 1562500), (390625, 781250, 1171875);
5;0.973999023437500;390625;6;427.18;(0, 1562500), (390625, 781250, 1171875);
5;0.974060058593750;390625;0;339.42;(0, 1562500), (390625, 781250, 1171875);
5;0.974029541015625;390625;3;409.57;(0, 1562500), (390625, 781250, 1171875);
5;0.974014282226562;390625;3;408.64;(0, 1562500), (390625, 781250, 1171875);
5;0.974006652832031;390625;5;419.34;(0, 1562500), (390625, 781250, 1171875);
5;0.974002838134766;390625;6;424.83;(0, 1562500), (390625, 781250, 1171875);
5;0.974004745483398;390625;8;420.37;(0, 1562500), (390625, 781250, 1171875);
5;0.974005699157715;390625;5;413.87;(0, 1562500), (390625, 781250, 1171875);
5;0.500000000000000;1171875;11;230.53;(0, 1562500), (390625, 781250, 1171875);
5;0.750000000000000;1171875;11;343.00;(0, 1562500), (390625, 781250, 1171875);
5;0.875000000000000;1171875;11;388.31;(0, 1562500), (390625, 781250, 1171875);
5;0.937500000000000;1171875;11;418.64;(0, 1562500), (390625, 781250, 1171875);
5;0.968750000000000;1171875;0;220.10;(0, 1562500), (390625, 781250, 1171875);
5;0.953125000000000;1171875;11;439.03;(0, 1562500), (390625, 781250, 1171875);
5;0.960937500000000;1171875;11;422.27;(0, 1562500), (390625, 781250, 1171875);
5;0.964843750000000;1171875;11;428.86;(0, 1562500), (390625, 781250, 1171875);
5;0.966796875000000;1171875;0;251.73;(0, 1562500), (390625, 781250, 1171875);
5;0.965820312500000;1171875;6;431.83;(0, 1562500), (390625, 781250, 1171875);
5;0.966308593750000;1171875;0;321.45;(0, 1562500), (390625, 781250, 1171875);
5;0.966064453125000;1171875;1;394.80;(0, 1562500), (390625, 781250, 1171875);
5;0.965942382812500;1171875;1;398.98;(0, 1562500), (390625, 781250, 1171875);
5;0.965881347656250;1171875;3;406.70;(0, 1562500), (390625, 781250, 1171875);
5;0.965850830078125;1171875;3;399.62;(0, 1562500), (390625, 781250, 1171875);
5;0.965835571289062;1171875;6;418.35;(0, 1562500), (390625, 781250, 1171875);
5;0.965843200683594;1171875;5;417.28;(0, 1562500), (390625, 781250, 1171875);
5;0.965839385986328;1171875;4;416.66;(0, 1562500), (390625, 781250, 1171875);
5;0.965837478637695;1171875;3;388.26;(0, 1562500), (390625, 781250, 1171875);
5;0.965836524963379;1171875;3;404.88;(0, 1562500), (390625, 781250, 1171875);
5;0.500000000000000;195312;11;246.18;(0, 781250), (195312, 390625, 585937);
5;0.750000000000000;195312;11;368.10;(0, 781250), (195312, 390625, 585937);
5;0.875000000000000;195312;11;419.44;(0, 781250), (195312, 390625, 585937);
5;0.937500000000000;195312;11;455.35;(0, 781250), (195312, 390625, 585937);
5;0.968750000000000;195312;11;467.39;(0, 781250), (195312, 390625, 585937);
5;0.984375000000000;195312;0;226.18;(0, 781250), (195312, 390625, 585937);
5;0.976562500000000;195312;0;267.84;(0, 781250), (195312, 390625, 585937);
5;0.972656250000000;195312;11;493.55;(0, 781250), (195312, 390625, 585937);
5;0.974609375000000;195312;3;443.95;(0, 781250), (195312, 390625, 585937);
5;0.973632812500000;195312;10;475.67;(0, 781250), (195312, 390625, 585937);
5;0.974121093750000;195312;6;468.27;(0, 781250), (195312, 390625, 585937);
5;0.974365234375000;195312;6;455.44;(0, 781250), (195312, 390625, 585937);
5;0.974487304687500;195312;2;449.93;(0, 781250), (195312, 390625, 585937);
5;0.974426269531250;195312;5;460.18;(0, 781250), (195312, 390625, 585937);
5;0.974395751953125;195312;6;471.22;(0, 781250), (195312, 390625, 585937);
5;0.974411010742188;195312;2;437.43;(0, 781250), (195312, 390625, 585937);
5;0.974403381347656;195312;3;440.64;(0, 781250), (195312, 390625, 585937);
5;0.974399566650391;195312;4;464.70;(0, 781250), (195312, 390625, 585937);
5;0.974397659301758;195312;3;452.85;(0, 781250), (195312, 390625, 585937);
5;0.974396705627441;195312;2;451.73;(0, 781250), (195312, 390625, 585937);
5;0.500000000000000;390625;11;257.16;(0, 781250), (195312, 390625, 585937);
5;0.750000000000000;390625;11;378.64;(0, 781250), (195312, 390625, 585937);
5;0.875000000000000;390625;11;431.39;(0, 781250), (195312, 390625, 585937);
5;0.937500000000000;390625;11;460.90;(0, 781250), (195312, 390625, 585937);
5;0.968750000000000;390625;11;478.41;(0, 781250), (195312, 390625, 585937);
5;0.984375000000000;390625;0;233.08;(0, 781250), (195312, 390625, 585937);
5;0.976562500000000;390625;10;475.04;(0, 781250), (195312, 390625, 585937);
5;0.980468750000000;390625;0;247.70;(0, 781250), (195312, 390625, 585937);
5;0.978515625000000;390625;6;463.90;(0, 781250), (195312, 390625, 585937);
5;0.979492187500000;390625;0;331.15;(0, 781250), (195312, 390625, 585937);
5;0.979003906250000;390625;1;416.98;(0, 781250), (195312, 390625, 585937);
5;0.978759765625000;390625;1;423.42;(0, 781250), (195312, 390625, 585937);
5;0.978637695312500;390625;3;442.96;(0, 781250), (195312, 390625, 585937);
5;0.978576660156250;390625;4;447.52;(0, 781250), (195312, 390625, 585937);
5;0.978546142578125;390625;4;445.09;(0, 781250), (195312, 390625, 585937);
5;0.978530883789062;390625;2;433.31;(0, 781250), (195312, 390625, 585937);
5;0.978523254394531;390625;2;446.62;(0, 781250), (195312, 390625, 585937);
5;0.978519439697266;390625;2;441.50;(0, 781250), (195312, 390625, 585937);
5;0.978517532348633;390625;2;432.12;(0, 781250), (195312, 390625, 585937);
5;0.978516578674316;390625;5;472.14;(0, 781250), (195312, 390625, 585937);
5;0.500000000000000;585937;11;251.82;(0, 781250), (195312, 390625, 585937);
5;0.750000000000000;585937;11;377.47;(0, 781250), (195312, 390625, 585937);
5;0.875000000000000;585937;11;438.56;(0, 781250), (195312, 390625, 585937);
5;0.937500000000000;585937;11;473.15;(0, 781250), (195312, 390625, 585937);
5;0.968750000000000;585937;11;484.77;(0, 781250), (195312, 390625, 585937);
5;0.984375000000000;585937;0;230.38;(0, 781250), (195312, 390625, 585937);
5;0.976562500000000;585937;1;418.03;(0, 781250), (195312, 390625, 585937);
5;0.972656250000000;585937;11;485.82;(0, 781250), (195312, 390625, 585937);
5;0.974609375000000;585937;11;488.72;(0, 781250), (195312, 390625, 585937);
5;0.975585937500000;585937;11;489.49;(0, 781250), (195312, 390625, 585937);
5;0.976074218750000;585937;1;441.44;(0, 781250), (195312, 390625, 585937);
5;0.975830078125000;585937;9;480.37;(0, 781250), (195312, 390625, 585937);
5;0.975952148437500;585937;4;454.31;(0, 781250), (195312, 390625, 585937);
5;0.975891113281250;585937;8;472.04;(0, 781250), (195312, 390625, 585937);
5;0.975921630859375;585937;7;466.02;(0, 781250), (195312, 390625, 585937);
5;0.975936889648438;585937;8;477.97;(0, 781250), (195312, 390625, 585937);
5;0.975944519042969;585937;6;465.39;(0, 781250), (195312, 390625, 585937);
5;0.975948333740234;585937;7;473.67;(0, 781250), (195312, 390625, 585937);
5;0.975950241088867;585937;5;445.99;(0, 781250), (195312, 390625, 585937);
5;0.975949287414551;585937;7;474.51;(0, 781250), (195312, 390625, 585937);
5;0.500000000000000;292968;11;254.00;(195312, 585937), (292968, 390624, 488280);
5;0.750000000000000;292968;11;374.95;(195312, 585937), (292968, 390624, 488280);
5;0.875000000000000;292968;11;438.38;(195312, 585937), (292968, 390624, 488280);
5;0.937500000000000;292968;11;465.96;(195312, 585937), (292968, 390624, 488280);
5;0.968750000000000;292968;11;475.27;(195312, 585937), (292968, 390624, 488280);
5;0.984375000000000;292968;0;229.14;(195312, 585937), (292968, 390624, 488280);
5;0.976562500000000;292968;11;486.46;(195312, 585937), (292968, 390624, 488280);
5;0.980468750000000;292968;0;292.21;(195312, 585937), (292968, 390624, 488280);
5;0.978515625000000;292968;10;488.13;(195312, 585937), (292968, 390624, 488280);
5;0.979492187500000;292968;4;439.75;(195312, 585937), (292968, 390624, 488280);
5;0.979003906250000;292968;7;479.68;(195312, 585937), (292968, 390624, 488280);
5;0.979248046875000;292968;5;456.16;(195312, 585937), (292968, 390624, 488280);
5;0.979125976562500;292968;4;442.73;(195312, 585937), (292968, 390624, 488280);
5;0.979064941406250;292968;5;444.69;(195312, 585937), (292968, 390624, 488280);
5;0.979034423828125;292968;7;473.95;(195312, 585937), (292968, 390624, 488280);
5;0.979049682617188;292968;6;466.90;(195312, 585937), (292968, 390624, 488280);
5;0.979057312011719;292968;5;446.75;(195312, 585937), (292968, 390624, 488280);
5;0.979053497314453;292968;6;467.01;(195312, 585937), (292968, 390624, 488280);
5;0.979055404663086;292968;6;461.29;(195312, 585937), (292968, 390624, 488280);
5;0.979056358337402;292968;8;472.64;(195312, 585937), (292968, 390624, 488280);
5;0.500000000000000;390624;11;244.74;(195312, 585937), (292968, 390624, 488280);
5;0.750000000000000;390624;11;361.77;(195312, 585937), (292968, 390624, 488280);
5;0.875000000000000;390624;11;429.19;(195312, 585937), (292968, 390624, 488280);
5;0.937500000000000;390624;11;461.04;(195312, 585937), (292968, 390624, 488280);
5;0.968750000000000;390624;11;465.98;(195312, 585937), (292968, 390624, 488280);
5;0.984375000000000;390624;0;221.57;(195312, 585937), (292968, 390624, 488280);
5;0.976562500000000;390624;0;263.06;(195312, 585937), (292968, 390624, 488280);
5;0.972656250000000;390624;11;488.60;(195312, 585937), (292968, 390624, 488280);
5;0.974609375000000;390624;1;429.80;(195312, 585937), (292968, 390624, 488280);
5;0.973632812500000;390624;8;471.50;(195312, 585937), (292968, 390624, 488280);
5;0.974121093750000;390624;3;460.84;(195312, 585937), (292968, 390624, 488280);
5;0.973876953125000;390624;4;449.95;(195312, 585937), (292968, 390624, 488280);
5;0.973754882812500;390624;4;459.55;(195312, 585937), (292968, 390624, 488280);
5;0.973693847656250;390624;4;457.61;(195312, 585937), (292968, 390624, 488280);
5;0.973663330078125;390624;5;466.13;(195312, 585937), (292968, 390624, 488280);
5;0.973648071289062;390624;6;459.00;(195312, 585937), (292968, 390624, 488280);
5;0.973655700683594;390624;5;461.96;(195312, 585937), (292968, 390624, 488280);
5;0.973651885986328;390624;4;456.59;(195312, 585937), (292968, 390624, 488280);
5;0.973649978637695;390624;3;458.50;(195312, 585937), (292968, 390624, 488280);
5;0.973649024963379;390624;8;477.71;(195312, 585937), (292968, 390624, 488280);
5;0.500000000000000;488280;11;249.76;(195312, 585937), (292968, 390624, 488280);
5;0.750000000000000;488280;11;372.47;(195312, 585937), (292968, 390624, 488280);
5;0.875000000000000;488280;11;425.76;(195312, 585937), (292968, 390624, 488280);
5;0.937500000000000;488280;11;458.69;(195312, 585937), (292968, 390624, 488280);
5;0.968750000000000;488280;11;471.89;(195312, 585937), (292968, 390624, 488280);
5;0.984375000000000;488280;0;226.62;(195312, 585937), (292968, 390624, 488280);
5;0.976562500000000;488280;0;256.05;(195312, 585937), (292968, 390624, 488280);
5;0.972656250000000;488280;5;449.13;(195312, 585937), (292968, 390624, 488280);
5;0.970703125000000;488280;11;497.23;(195312, 585937), (292968, 390624, 488280);
5;0.971679687500000;488280;10;469.91;(195312, 585937), (292968, 390624, 488280);
5;0.972167968750000;488280;10;483.24;(195312, 585937), (292968, 390624, 488280);
5;0.972412109375000;488280;6;461.82;(195312, 585937), (292968, 390624, 488280);
5;0.972534179687500;488280;7;481.01;(195312, 585937), (292968, 390624, 488280);
5;0.972595214843750;488280;6;470.44;(195312, 585937), (292968, 390624, 488280);
5;0.972625732421875;488280;6;475.22;(195312, 585937), (292968, 390624, 488280);
5;0.972640991210938;488280;7;465.14;(195312, 585937), (292968, 390624, 488280);
5;0.972648620605469;488280;5;473.34;(195312, 585937), (292968, 390624, 488280);
5;0.972644805908203;488280;5;453.31;(195312, 585937), (292968, 390624, 488280);
5;0.972642898559570;488280;6;463.62;(195312, 585937), (292968, 390624, 488280);
5;0.972643852233887;488280;5;465.10;(195312, 585937), (292968, 390624, 488280);
5;0.500000000000000;244140;11;250.28;(195312, 390624), (244140, 292968, 341796);
5;0.750000000000000;244140;11;372.79;(195312, 390624), (244140, 292968, 341796);
5;0.875000000000000;244140;11;423.82;(195312, 390624), (244140, 292968, 341796);
5;0.937500000000000;244140;11;455.87;(195312, 390624), (244140, 292968, 341796);
5;0.968750000000000;244140;11;474.74;(195312, 390624), (244140, 292968, 341796);
5;0.984375000000000;244140;0;229.11;(195312, 390624), (244140, 292968, 341796);
5;0.976562500000000;244140;0;264.76;(195312, 390624), (244140, 292968, 341796);
5;0.972656250000000;244140;11;484.12;(195312, 390624), (244140, 292968, 341796);
5;0.974609375000000;244140;2;424.97;(195312, 390624), (244140, 292968, 341796);
5;0.973632812500000;244140;10;489.86;(195312, 390624), (244140, 292968, 341796);
5;0.974121093750000;244140;10;469.45;(195312, 390624), (244140, 292968, 341796);
5;0.974365234375000;244140;4;440.38;(195312, 390624), (244140, 292968, 341796);
5;0.974243164062500;244140;6;461.69;(195312, 390624), (244140, 292968, 341796);
5;0.974304199218750;244140;7;461.86;(195312, 390624), (244140, 292968, 341796);
5;0.974334716796875;244140;8;483.75;(195312, 390624), (244140, 292968, 341796);
5;0.974349975585938;244140;8;465.14;(195312, 390624), (244140, 292968, 341796);
5;0.974357604980469;244140;10;479.74;(195312, 390624), (244140, 292968, 341796);
5;0.974361419677734;244140;6;462.21;(195312, 390624), (244140, 292968, 341796);
5;0.974363327026367;244140;4;439.91;(195312, 390624), (244140, 292968, 341796);
5;0.974362373352051;244140;8;475.47;(195312, 390624), (244140, 292968, 341796);
5;0.500000000000000;341796;11;249.66;(195312, 390624), (244140, 292968, 341796);
5;0.750000000000000;341796;11;371.37;(195312, 390624), (244140, 292968, 341796);
5;0.875000000000000;341796;11;424.56;(195312, 390624), (244140, 292968, 341796);
5;0.937500000000000;341796;11;451.28;(195312, 390624), (244140, 292968, 341796);
5;0.968750000000000;341796;11;473.69;(195312, 390624), (244140, 292968, 341796);
5;0.984375000000000;341796;0;232.27;(195312, 390624), (244140, 292968, 341796);
5;0.976562500000000;341796;10;474.92;(195312, 390624), (244140, 292968, 341796);
5;0.980468750000000;341796;0;258.02;(195312, 390624), (244140, 292968, 341796);
5;0.978515625000000;341796;7;458.80;(195312, 390624), (244140, 292968, 341796);
5;0.979492187500000;341796;1;407.34;(195312, 390624), (244140, 292968, 341796);
5;0.979003906250000;341796;3;434.22;(195312, 390624), (244140, 292968, 341796);
5;0.978759765625000;341796;7;457.83;(195312, 390624), (244140, 292968, 341796);
5;0.978881835937500;341796;8;478.92;(195312, 390624), (244140, 292968, 341796);
5;0.978942871093750;341796;6;452.69;(195312, 390624), (244140, 292968, 341796);
5;0.978973388671875;341796;5;451.69;(195312, 390624), (244140, 292968, 341796);
5;0.978958129882812;341796;5;444.03;(195312, 390624), (244140, 292968, 341796);
5;0.978950500488281;341796;5;448.89;(195312, 390624), (244140, 292968, 341796);
5;0.978946685791016;341796;6;457.44;(195312, 390624), (244140, 292968, 341796);
5;0.978948593139648;341796;5;452.43;(195312, 390624), (244140, 292968, 341796);
5;0.978947639465332;341796;3;438.80;(195312, 390624), (244140, 292968, 341796);
5;0.500000000000000;268554;11;241.52;(244140, 341796), (268554, 292968, 317382);
5;0.750000000000000;268554;11;365.47;(244140, 341796), (268554, 292968, 317382);
5;0.875000000000000;268554;11;421.00;(244140, 341796), (268554, 292968, 317382);
5;0.937500000000000;268554;11;448.06;(244140, 341796), (268554, 292968, 317382);
5;0.968750000000000;268554;11;466.33;(244140, 341796), (268554, 292968, 317382);
5;0.984375000000000;268554;0;230.28;(244140, 341796), (268554, 292968, 317382);
5;0.976562500000000;268554;0;269.26;(244140, 341796), (268554, 292968, 317382);
5;0.972656250000000;268554;11;503.73;(244140, 341796), (268554, 292968, 317382);
5;0.974609375000000;268554;3;429.28;(244140, 341796), (268554, 292968, 317382);
5;0.973632812500000;268554;8;470.59;(244140, 341796), (268554, 292968, 317382);
5;0.974121093750000;268554;7;465.31;(244140, 341796), (268554, 292968, 317382);
5;0.974365234375000;268554;8;465.25;(244140, 341796), (268554, 292968, 317382);
5;0.974487304687500;268554;5;455.30;(244140, 341796), (268554, 292968, 317382);
5;0.974426269531250;268554;3;443.38;(244140, 341796), (268554, 292968, 317382);
5;0.974395751953125;268554;7;458.88;(244140, 341796), (268554, 292968, 317382);
5;0.974411010742188;268554;8;470.04;(244140, 341796), (268554, 292968, 317382);
5;0.974418640136719;268554;5;468.18;(244140, 341796), (268554, 292968, 317382);
5;0.974414825439453;268554;4;450.15;(244140, 341796), (268554, 292968, 317382);
5;0.974412918090820;268554;8;465.62;(244140, 341796), (268554, 292968, 317382);
5;0.974413871765137;268554;5;459.56;(244140, 341796), (268554, 292968, 317382);
5;0.500000000000000;317382;11;250.61;(244140, 341796), (268554, 292968, 317382);
5;0.750000000000000;317382;11;366.78;(244140, 341796), (268554, 292968, 317382);
5;0.875000000000000;317382;11;424.98;(244140, 341796), (268554, 292968, 317382);
5;0.937500000000000;317382;11;457.66;(244140, 341796), (268554, 292968, 317382);
5;0.968750000000000;317382;11;479.51;(244140, 341796), (268554, 292968, 317382);
5;0.984375000000000;317382;0;234.42;(244140, 341796), (268554, 292968, 317382);
5;0.976562500000000;317382;0;265.07;(244140, 341796), (268554, 292968, 317382);
5;0.972656250000000;317382;11;525.44;(244140, 341796), (268554, 292968, 317382);
5;0.974609375000000;317382;2;439.70;(244140, 341796), (268554, 292968, 317382);
5;0.973632812500000;317382;10;507.68;(244140, 341796), (268554, 292968, 317382);
5;0.974121093750000;317382;7;459.89;(244140, 341796), (268554, 292968, 317382);
5;0.974365234375000;317382;6;464.55;(244140, 341796), (268554, 292968, 317382);
5;0.974487304687500;317382;2;440.43;(244140, 341796), (268554, 292968, 317382);
5;0.974426269531250;317382;7;469.20;(244140, 341796), (268554, 292968, 317382);
5;0.974456787109375;317382;3;433.15;(244140, 341796), (268554, 292968, 317382);
5;0.974441528320312;317382;1;441.48;(244140, 341796), (268554, 292968, 317382);
5;0.974433898925781;317382;3;448.08;(244140, 341796), (268554, 292968, 317382);
5;0.974430084228516;317382;6;460.19;(244140, 341796), (268554, 292968, 317382);
5;0.974431991577148;317382;4;445.10;(244140, 341796), (268554, 292968, 317382);
5;0.974431037902832;317382;6;474.05;(244140, 341796), (268554, 292968, 317382);
5;0.500000000000000;280761;11;245.17;(268554, 317382), (280761, 292968, 305175);
5;0.750000000000000;280761;11;359.81;(268554, 317382), (280761, 292968, 305175);
5;0.875000000000000;280761;11;426.31;(268554, 317382), (280761, 292968, 305175);
5;0.937500000000000;280761;11;464.47;(268554, 317382), (280761, 292968, 305175);
5;0.968750000000000;280761;11;492.07;(268554, 317382), (280761, 292968, 305175);
5;0.984375000000000;280761;0;237.42;(268554, 317382), (280761, 292968, 305175);
5;0.976562500000000;280761;11;481.84;(268554, 317382), (280761, 292968, 305175);
5;0.980468750000000;280761;0;275.72;(268554, 317382), (280761, 292968, 305175);
5;0.978515625000000;280761;9;471.25;(268554, 317382), (280761, 292968, 305175);
5;0.979492187500000;280761;2;437.10;(268554, 317382), (280761, 292968, 305175);
5;0.979003906250000;280761;7;471.71;(268554, 317382), (280761, 292968, 305175);
5;0.979248046875000;280761;4;460.70;(268554, 317382), (280761, 292968, 305175);
5;0.979125976562500;280761;6;479.73;(268554, 317382), (280761, 292968, 305175);
5;0.979187011718750;280761;4;461.27;(268554, 317382), (280761, 292968, 305175);
5;0.979156494140625;280761;8;489.35;(268554, 317382), (280761, 292968, 305175);
5;0.979171752929688;280761;6;479.15;(268554, 317382), (280761, 292968, 305175);
5;0.979179382324219;280761;9;490.70;(268554, 317382), (280761, 292968, 305175);
5;0.979183197021484;280761;2;448.84;(268554, 317382), (280761, 292968, 305175);
5;0.979181289672852;280761;6;467.63;(268554, 317382), (280761, 292968, 305175);
5;0.979182243347168;280761;8;485.22;(268554, 317382), (280761, 292968, 305175);
5;0.500000000000000;305175;11;257.50;(268554, 317382), (280761, 292968, 305175);
5;0.750000000000000;305175;11;380.43;(268554, 317382), (280761, 292968, 305175);
5;0.875000000000000;305175;11;443.21;(268554, 317382), (280761, 292968, 305175);
5;0.937500000000000;305175;11;478.01;(268554, 317382), (280761, 292968, 305175);
5;0.968750000000000;305175;11;499.32;(268554, 317382), (280761, 292968, 305175);
5;0.984375000000000;305175;0;240.17;(268554, 317382), (280761, 292968, 305175);
5;0.976562500000000;305175;11;492.57;(268554, 317382), (280761, 292968, 305175);
5;0.980468750000000;305175;0;286.61;(268554, 317382), (280761, 292968, 305175);
5;0.978515625000000;305175;10;490.33;(268554, 317382), (280761, 292968, 305175);
5;0.979492187500000;305175;0;384.99;(268554, 317382), (280761, 292968, 305175);
5;0.979003906250000;305175;7;476.32;(268554, 317382), (280761, 292968, 305175);
5;0.979248046875000;305175;3;442.80;(268554, 317382), (280761, 292968, 305175);
5;0.979125976562500;305175;5;457.94;(268554, 317382), (280761, 292968, 305175);
5;0.979064941406250;305175;5;460.76;(268554, 317382), (280761, 292968, 305175);
5;0.979034423828125;305175;7;467.90;(268554, 317382), (280761, 292968, 305175);
5;0.979049682617188;305175;5;453.46;(268554, 317382), (280761, 292968, 305175);
5;0.979042053222656;305175;5;476.65;(268554, 317382), (280761, 292968, 305175);
5;0.979038238525391;305175;7;474.27;(268554, 317382), (280761, 292968, 305175);
5;0.979040145874023;305175;2;436.38;(268554, 317382), (280761, 292968, 305175);
5;0.979039192199707;305175;7;469.97;(268554, 317382), (280761, 292968, 305175);
5;0.500000000000000;274657;11;248.77;(268554, 292968), (274657, 280761, 286864);
5;0.750000000000000;274657;11;366.17;(268554, 292968), (274657, 280761, 286864);
5;0.875000000000000;274657;11;430.79;(268554, 292968), (274657, 280761, 286864);
5;0.937500000000000;274657;11;465.32;(268554, 292968), (274657, 280761, 286864);
5;0.968750000000000;274657;11;477.76;(268554, 292968), (274657, 280761, 286864);
5;0.984375000000000;274657;0;230.83;(268554, 292968), (274657, 280761, 286864);
5;0.976562500000000;274657;11;473.93;(268554, 292968), (274657, 280761, 286864);
5;0.980468750000000;274657;0;270.78;(268554, 292968), (274657, 280761, 286864);
5;0.978515625000000;274657;10;470.37;(268554, 292968), (274657, 280761, 286864);
5;0.979492187500000;274657;4;452.87;(268554, 292968), (274657, 280761, 286864);
5;0.979003906250000;274657;10;489.22;(268554, 292968), (274657, 280761, 286864);
5;0.979248046875000;274657;3;452.48;(268554, 292968), (274657, 280761, 286864);
5;0.979125976562500;274657;5;466.70;(268554, 292968), (274657, 280761, 286864);
5;0.979064941406250;274657;7;471.22;(268554, 292968), (274657, 280761, 286864);
5;0.979095458984375;274657;8;483.72;(268554, 292968), (274657, 280761, 286864);
5;0.979110717773438;274657;8;483.57;(268554, 292968), (274657, 280761, 286864);
5;0.979118347167969;274657;6;477.80;(268554, 292968), (274657, 280761, 286864);
5;0.979122161865234;274657;5;469.25;(268554, 292968), (274657, 280761, 286864);
5;0.979120254516602;274657;6;473.74;(268554, 292968), (274657, 280761, 286864);
5;0.979121208190918;274657;4;459.58;(268554, 292968), (274657, 280761, 286864);
5;0.500000000000000;286864;11;255.12;(268554, 292968), (274657, 280761, 286864);
5;0.750000000000000;286864;11;372.77;(268554, 292968), (274657, 280761, 286864);
5;0.875000000000000;286864;11;420.95;(268554, 292968), (274657, 280761, 286864);
5;0.937500000000000;286864;11;452.20;(268554, 292968), (274657, 280761, 286864);
5;0.968750000000000;286864;11;470.67;(268554, 292968), (274657, 280761, 286864);
5;0.984375000000000;286864;0;227.22;(268554, 292968), (274657, 280761, 286864);
5;0.976562500000000;286864;0;262.42;(268554, 292968), (274657, 280761, 286864);
5;0.972656250000000;286864;11;503.61;(268554, 292968), (274657, 280761, 286864);
5;0.974609375000000;286864;3;437.13;(268554, 292968), (274657, 280761, 286864);
5;0.973632812500000;286864;8;491.79;(268554, 292968), (274657, 280761, 286864);
5;0.974121093750000;286864;7;469.00;(268554, 292968), (274657, 280761, 286864);
5;0.974365234375000;286864;3;436.08;(268554, 292968), (274657, 280761, 286864);
5;0.974243164062500;286864;7;468.06;(268554, 292968), (274657, 280761, 286864);
5;0.974304199218750;286864;7;464.35;(268554, 292968), (274657, 280761, 286864);
5;0.974334716796875;286864;5;454.10;(268554, 292968), (274657, 280761, 286864);
5;0.974319458007812;286864;5;461.50;(268554, 292968), (274657, 280761, 286864);
5;0.974311828613281;286864;5;462.17;(268554, 292968), (274657, 280761, 286864);
5;0.974308013916016;286864;7;497.85;(268554, 292968), (274657, 280761, 286864);
5;0.974309921264648;286864;5;453.50;(268554, 292968), (274657, 280761, 286864);
5;0.974308967590332;286864;5;461.93;(268554, 292968), (274657, 280761, 286864);
5;0.500000000000000;277708;11;255.14;(274657, 286864), (277708, 280760, 283812);
5;0.750000000000000;277708;11;363.49;(274657, 286864), (277708, 280760, 283812);
5;0.875000000000000;277708;11;439.23;(274657, 286864), (277708, 280760, 283812);
5;0.937500000000000;277708;11;466.76;(274657, 286864), (277708, 280760, 283812);
5;0.968750000000000;277708;11;484.48;(274657, 286864), (277708, 280760, 283812);
5;0.984375000000000;277708;0;230.87;(274657, 286864), (277708, 280760, 283812);
5;0.976562500000000;277708;11;480.64;(274657, 286864), (277708, 280760, 283812);
5;0.980468750000000;277708;0;276.23;(274657, 286864), (277708, 280760, 283812);
5;0.978515625000000;277708;10;478.74;(274657, 286864), (277708, 280760, 283812);
5;0.979492187500000;277708;2;431.93;(274657, 286864), (277708, 280760, 283812);
5;0.979003906250000;277708;4;444.51;(274657, 286864), (277708, 280760, 283812);
5;0.978759765625000;277708;8;467.20;(274657, 286864), (277708, 280760, 283812);
5;0.978881835937500;277708;9;471.73;(274657, 286864), (277708, 280760, 283812);
5;0.978942871093750;277708;8;470.47;(274657, 286864), (277708, 280760, 283812);
5;0.978973388671875;277708;7;466.39;(274657, 286864), (277708, 280760, 283812);
5;0.978988647460938;277708;9;467.54;(274657, 286864), (277708, 280760, 283812);
5;0.978996276855469;277708;8;469.47;(274657, 286864), (277708, 280760, 283812);
5;0.979000091552734;277708;7;468.08;(274657, 286864), (277708, 280760, 283812);
5;0.979001998901367;277708;6;462.83;(274657, 286864), (277708, 280760, 283812);
5;0.979002952575684;277708;8;468.85;(274657, 286864), (277708, 280760, 283812);
5;0.500000000000000;280760;11;246.00;(274657, 286864), (277708, 280760, 283812);
5;0.750000000000000;280760;11;373.94;(274657, 286864), (277708, 280760, 283812);
5;0.875000000000000;280760;11;422.33;(274657, 286864), (277708, 280760, 283812);
5;0.937500000000000;280760;11;464.24;(274657, 286864), (277708, 280760, 283812);
5;0.968750000000000;280760;11;468.92;(274657, 286864), (277708, 280760, 283812);
5;0.984375000000000;280760;0;229.78;(274657, 286864), (277708, 280760, 283812);
5;0.976562500000000;280760;0;258.46;(274657, 286864), (277708, 280760, 283812);
5;0.972656250000000;280760;10;510.00;(274657, 286864), (277708, 280760, 283812);
5;0.974609375000000;280760;3;443.65;(274657, 286864), (277708, 280760, 283812);
5;0.973632812500000;280760;8;480.90;(274657, 286864), (277708, 280760, 283812);
5;0.974121093750000;280760;6;468.05;(274657, 286864), (277708, 280760, 283812);
5;0.974365234375000;280760;5;462.41;(274657, 286864), (277708, 280760, 283812);
5;0.974243164062500;280760;9;487.13;(274657, 286864), (277708, 280760, 283812);
5;0.974304199218750;280760;9;480.20;(274657, 286864), (277708, 280760, 283812);
5;0.974334716796875;280760;7;477.80;(274657, 286864), (277708, 280760, 283812);
5;0.974349975585938;280760;4;450.97;(274657, 286864), (277708, 280760, 283812);
5;0.974342346191406;280760;7;463.71;(274657, 286864), (277708, 280760, 283812);
5;0.974346160888672;280760;5;445.96;(274657, 286864), (277708, 280760, 283812);
5;0.974344253540039;280760;5;464.44;(274657, 286864), (277708, 280760, 283812);
5;0.974343299865723;280760;6;474.75;(274657, 286864), (277708, 280760, 283812);
5;0.500000000000000;283812;11;262.24;(274657, 286864), (277708, 280760, 283812);
5;0.750000000000000;283812;11;369.77;(274657, 286864), (277708, 280760, 283812);
5;0.875000000000000;283812;11;426.64;(274657, 286864), (277708, 280760, 283812);
5;0.937500000000000;283812;11;456.66;(274657, 286864), (277708, 280760, 283812);
5;0.968750000000000;283812;11;475.14;(274657, 286864), (277708, 280760, 283812);
5;0.984375000000000;283812;0;231.81;(274657, 286864), (277708, 280760, 283812);
5;0.976562500000000;283812;0;280.27;(274657, 286864), (277708, 280760, 283812);
5;0.972656250000000;283812;11;495.33;(274657, 286864), (277708, 280760, 283812);
5;0.974609375000000;283812;3;430.55;(274657, 286864), (277708, 280760, 283812);
5;0.973632812500000;283812;10;510.01;(274657, 286864), (277708, 280760, 283812);
5;0.974121093750000;283812;8;479.15;(274657, 286864), (277708, 280760, 283812);
5;0.974365234375000;283812;3;451.73;(274657, 286864), (277708, 280760, 283812);
5;0.974243164062500;283812;9;492.68;(274657, 286864), (277708, 280760, 283812);
5;0.974304199218750;283812;6;463.53;(274657, 286864), (277708, 280760, 283812);
5;0.974334716796875;283812;6;472.44;(274657, 286864), (277708, 280760, 283812);
5;0.974349975585938;283812;7;482.29;(274657, 286864), (277708, 280760, 283812);
5;0.974357604980469;283812;4;447.73;(274657, 286864), (277708, 280760, 283812);
5;0.974353790283203;283812;6;464.56;(274657, 286864), (277708, 280760, 283812);
5;0.974355697631836;283812;4;461.18;(274657, 286864), (277708, 280760, 283812);
5;0.974354743957520;283812;5;470.84;(274657, 286864), (277708, 280760, 283812);
5;0.500000000000000;276182;11;257.13;(274657, 280760), (276182, 277708, 279234);
5;0.750000000000000;276182;11;374.91;(274657, 280760), (276182, 277708, 279234);
5;0.875000000000000;276182;11;438.40;(274657, 280760), (276182, 277708, 279234);
5;0.937500000000000;276182;11;461.16;(274657, 280760), (276182, 277708, 279234);
5;0.968750000000000;276182;11;465.98;(274657, 280760), (276182, 277708, 279234);
5;0.984375000000000;276182;0;228.84;(274657, 280760), (276182, 277708, 279234);
5;0.976562500000000;276182;0;277.47;(274657, 280760), (276182, 277708, 279234);
5;0.972656250000000;276182;11;490.75;(274657, 280760), (276182, 277708, 279234);
5;0.974609375000000;276182;4;436.40;(274657, 280760), (276182, 277708, 279234);
5;0.973632812500000;276182;10;508.09;(274657, 280760), (276182, 277708, 279234);
5;0.974121093750000;276182;7;470.85;(274657, 280760), (276182, 277708, 279234);
5;0.974365234375000;276182;6;458.34;(274657, 280760), (276182, 277708, 279234);
5;0.974487304687500;276182;4;441.25;(274657, 280760), (276182, 277708, 279234);
5;0.974426269531250;276182;5;452.61;(274657, 280760), (276182, 277708, 279234);
5;0.974395751953125;276182;7;467.76;(274657, 280760), (276182, 277708, 279234);
5;0.974411010742188;276182;7;464.36;(274657, 280760), (276182, 277708, 279234);
5;0.974418640136719;276182;5;457.11;(274657, 280760), (276182, 277708, 279234);
5;0.974414825439453;276182;6;461.93;(274657, 280760), (276182, 277708, 279234);
5;0.974416732788086;276182;7;467.89;(274657, 280760), (276182, 277708, 279234);
5;0.974417686462402;276182;5;461.09;(274657, 280760), (276182, 277708, 279234);
5;0.500000000000000;279234;11;257.27;(274657, 280760), (276182, 277708, 279234);
5;0.750000000000000;279234;11;369.31;(274657, 280760), (276182, 277708, 279234);
5;0.875000000000000;279234;11;425.79;(274657, 280760), (276182, 277708, 279234);
5;0.937500000000000;279234;11;453.59;(274657, 280760), (276182, 277708, 279234);
5;0.968750000000000;279234;11;483.36;(274657, 280760), (276182, 277708, 279234);
5;0.984375000000000;279234;0;232.00;(274657, 280760), (276182, 277708, 279234);
5;0.976562500000000;279234;0;261.13;(274657, 280760), (276182, 277708, 279234);
5;0.972656250000000;279234;11;502.24;(274657, 280760), (276182, 277708, 279234);
5;0.974609375000000;279234;4;451.07;(274657, 280760), (276182, 277708, 279234);
5;0.973632812500000;279234;10;516.39;(274657, 280760), (276182, 277708, 279234);
5;0.974121093750000;279234;9;476.43;(274657, 280760), (276182, 277708, 279234);
5;0.974365234375000;279234;5;469.77;(274657, 280760), (276182, 277708, 279234);
5;0.974243164062500;279234;5;459.93;(274657, 280760), (276182, 277708, 279234);
5;0.974182128906250;279234;6;456.76;(274657, 280760), (276182, 277708, 279234);
5;0.974212646484375;279234;9;468.87;(274657, 280760), (276182, 277708, 279234);
5;0.974227905273438;279234;5;450.91;(274657, 280760), (276182, 277708, 279234);
5;0.974220275878906;279234;9;466.28;(274657, 280760), (276182, 277708, 279234);
5;0.974224090576172;279234;7;467.06;(274657, 280760), (276182, 277708, 279234);
5;0.974225997924805;279234;6;459.06;(274657, 280760), (276182, 277708, 279234);
5;0.974226951599121;279234;7;458.87;(274657, 280760), (276182, 277708, 279234);
5;0.500000000000000;276945;11;251.82;(276182, 279234), (276945, 277708, 278471);
5;0.750000000000000;276945;11;362.80;(276182, 279234), (276945, 277708, 278471);
5;0.875000000000000;276945;11;424.16;(276182, 279234), (276945, 277708, 278471);
5;0.937500000000000;276945;11;462.87;(276182, 279234), (276945, 277708, 278471);
5;0.968750000000000;276945;11;476.41;(276182, 279234), (276945, 277708, 278471);
5;0.984375000000000;276945;0;231.40;(276182, 279234), (276945, 277708, 278471);
5;0.976562500000000;276945;11;475.73;(276182, 279234), (276945, 277708, 278471);
5;0.980468750000000;276945;0;296.42;(276182, 279234), (276945, 277708, 278471);
5;0.978515625000000;276945;10;474.77;(276182, 279234), (276945, 277708, 278471);
5;0.979492187500000;276945;3;442.46;(276182, 279234), (276945, 277708, 278471);
5;0.979003906250000;276945;6;473.20;(276182, 279234), (276945, 277708, 278471);
5;0.979248046875000;276945;6;464.93;(276182, 279234), (276945, 277708, 278471);
5;0.979370117187500;276945;3;446.32;(276182, 279234), (276945, 277708, 278471);
5;0.979309082031250;276945;3;454.05;(276182, 279234), (276945, 277708, 278471);
5;0.979278564453125;276945;5;467.59;(276182, 279234), (276945, 277708, 278471);
5;0.979263305664062;276945;5;454.01;(276182, 279234), (276945, 277708, 278471);
5;0.979255676269531;276945;5;459.05;(276182, 279234), (276945, 277708, 278471);
5;0.979251861572266;276945;7;476.93;(276182, 279234), (276945, 277708, 278471);
5;0.979253768920898;276945;8;481.48;(276182, 279234), (276945, 277708, 278471);
5;0.979254722595215;276945;3;446.90;(276182, 279234), (276945, 277708, 278471);
5;0.500000000000000;278471;11;254.20;(276182, 279234), (276945, 277708, 278471);
5;0.750000000000000;278471;11;371.02;(276182, 279234), (276945, 277708, 278471);
5;0.875000000000000;278471;11;430.67;(276182, 279234), (276945, 277708, 278471);
5;0.937500000000000;278471;11;464.77;(276182, 279234), (276945, 277708, 278471);
5;0.968750000000000;278471;11;477.75;(276182, 279234), (276945, 277708, 278471);
5;0.984375000000000;278471;0;230.75;(276182, 279234), (276945, 277708, 278471);
5;0.976562500000000;278471;11;499.91;(276182, 279234), (276945, 277708, 278471);
5;0.980468750000000;278471;0;329.02;(276182, 279234), (276945, 277708, 278471);
5;0.978515625000000;278471;9;475.28;(276182, 279234), (276945, 277708, 278471);
5;0.979492187500000;278471;1;430.91;(276182, 279234), (276945, 277708, 278471);
5;0.979003906250000;278471;4;447.90;(276182, 279234), (276945, 277708, 278471);
5;0.978759765625000;278471;10;487.49;(276182, 279234), (276945, 277708, 278471);
5;0.978881835937500;278471;8;481.44;(276182, 279234), (276945, 277708, 278471);
5;0.978942871093750;278471;7;475.83;(276182, 279234), (276945, 277708, 278471);
5;0.978973388671875;278471;7;479.05;(276182, 279234), (276945, 277708, 278471);
5;0.978988647460938;278471;5;468.66;(276182, 279234), (276945, 277708, 278471);
5;0.978981018066406;278471;9;493.44;(276182, 279234), (276945, 277708, 278471);
5;0.978984832763672;278471;8;471.71;(276182, 279234), (276945, 277708, 278471);
5;0.978986740112305;278471;8;474.69;(276182, 279234), (276945, 277708, 278471);
5;0.978987693786621;278471;8;474.21;(276182, 279234), (276945, 277708, 278471);
5;0.500000000000000;276563;11;244.04;(276182, 277708), (276563, 276945, 277326);
5;0.750000000000000;276563;11;361.01;(276182, 277708), (276563, 276945, 277326);
5;0.875000000000000;276563;11;419.48;(276182, 277708), (276563, 276945, 277326);
5;0.937500000000000;276563;11;450.91;(276182, 277708), (276563, 276945, 277326);
5;0.968750000000000;276563;11;467.98;(276182, 277708), (276563, 276945, 277326);
5;0.984375000000000;276563;0;231.06;(276182, 277708), (276563, 276945, 277326);
5;0.976562500000000;276563;11;479.75;(276182, 277708), (276563, 276945, 277326);
5;0.980468750000000;276563;0;279.40;(276182, 277708), (276563, 276945, 277326);
5;0.978515625000000;276563;10;482.44;(276182, 277708), (276563, 276945, 277326);
5;0.979492187500000;276563;2;446.67;(276182, 277708), (276563, 276945, 277326);
5;0.979003906250000;276563;7;468.96;(276182, 277708), (276563, 276945, 277326);
5;0.979248046875000;276563;6;464.23;(276182, 277708), (276563, 276945, 277326);
5;0.979370117187500;276563;3;444.10;(276182, 277708), (276563, 276945, 277326);
5;0.979309082031250;276563;1;428.10;(276182, 277708), (276563, 276945, 277326);
5;0.979278564453125;276563;6;461.15;(276182, 277708), (276563, 276945, 277326);
5;0.979293823242188;276563;4;452.45;(276182, 277708), (276563, 276945, 277326);
5;0.979286193847656;276563;6;463.99;(276182, 277708), (276563, 276945, 277326);
5;0.979290008544922;276563;4;456.58;(276182, 277708), (276563, 276945, 277326);
5;0.979288101196289;276563;5;468.27;(276182, 277708), (276563, 276945, 277326);
5;0.979287147521973;276563;5;447.80;(276182, 277708), (276563, 276945, 277326);
5;0.500000000000000;276945;11;247.81;(276182, 277708), (276563, 276945, 277326);
5;0.750000000000000;276945;11;372.91;(276182, 277708), (276563, 276945, 277326);
5;0.875000000000000;276945;11;432.73;(276182, 277708), (276563, 276945, 277326);
5;0.937500000000000;276945;11;460.07;(276182, 277708), (276563, 276945, 277326);
5;0.968750000000000;276945;11;475.90;(276182, 277708), (276563, 276945, 277326);
5;0.984375000000000;276945;0;233.30;(276182, 277708), (276563, 276945, 277326);
5;0.976562500000000;276945;11;480.89;(276182, 277708), (276563, 276945, 277326);
5;0.980468750000000;276945;0;290.00;(276182, 277708), (276563, 276945, 277326);
5;0.978515625000000;276945;10;476.71;(276182, 277708), (276563, 276945, 277326);
5;0.979492187500000;276945;4;450.12;(276182, 277708), (276563, 276945, 277326);
5;0.979003906250000;276945;6;471.08;(276182, 277708), (276563, 276945, 277326);
5;0.979248046875000;276945;7;464.06;(276182, 277708), (276563, 276945, 277326);
5;0.979370117187500;276945;5;454.18;(276182, 277708), (276563, 276945, 277326);
5;0.979309082031250;276945;3;443.34;(276182, 277708), (276563, 276945, 277326);
5;0.979278564453125;276945;5;469.18;(276182, 277708), (276563, 276945, 277326);
5;0.979263305664062;276945;5;461.79;(276182, 277708), (276563, 276945, 277326);
5;0.979255676269531;276945;5;450.96;(276182, 277708), (276563, 276945, 277326);
5;0.979251861572266;276945;4;457.27;(276182, 277708), (276563, 276945, 277326);
5;0.979249954223633;276945;7;471.27;(276182, 277708), (276563, 276945, 277326);
5;0.979250907897949;276945;9;467.60;(276182, 277708), (276563, 276945, 277326);
5;0.500000000000000;277326;11;253.56;(276182, 277708), (276563, 276945, 277326);
5;0.750000000000000;277326;11;376.08;(276182, 277708), (276563, 276945, 277326);
5;0.875000000000000;277326;11;430.52;(276182, 277708), (276563, 276945, 277326);
5;0.937500000000000;277326;11;464.01;(276182, 277708), (276563, 276945, 277326);
5;0.968750000000000;277326;11;478.71;(276182, 277708), (276563, 276945, 277326);
5;0.984375000000000;277326;0;231.99;(276182, 277708), (276563, 276945, 277326);
5;0.976562500000000;277326;11;485.46;(276182, 277708), (276563, 276945, 277326);
5;0.980468750000000;277326;0;294.23;(276182, 277708), (276563, 276945, 277326);
5;0.978515625000000;277326;10;485.46;(276182, 277708), (276563, 276945, 277326);
5;0.979492187500000;277326;3;429.20;(276182, 277708), (276563, 276945, 277326);
5;0.979003906250000;277326;7;468.70;(276182, 277708), (276563, 276945, 277326);
5;0.979248046875000;277326;4;460.22;(276182, 277708), (276563, 276945, 277326);
5;0.979125976562500;277326;8;469.07;(276182, 277708), (276563, 276945, 277326);
5;0.979187011718750;277326;7;470.46;(276182, 277708), (276563, 276945, 277326);
5;0.979217529296875;277326;7;470.91;(276182, 277708), (276563, 276945, 277326);
5;0.979232788085938;277326;3;448.23;(276182, 277708), (276563, 276945, 277326);
5;0.979225158691406;277326;4;458.56;(276182, 277708), (276563, 276945, 277326);
5;0.979221343994141;277326;4;440.71;(276182, 277708), (276563, 276945, 277326);
5;0.979219436645508;277326;6;464.03;(276182, 277708), (276563, 276945, 277326);
5;0.979220390319824;277326;6;464.27;(276182, 277708), (276563, 276945, 277326);
5;0.500000000000000;276372;11;256.22;(276182, 276945), (276372, 276563, 276754);
5;0.750000000000000;276372;11;378.65;(276182, 276945), (276372, 276563, 276754);
5;0.875000000000000;276372;11;428.73;(276182, 276945), (276372, 276563, 276754);
5;0.937500000000000;276372;11;474.36;(276182, 276945), (276372, 276563, 276754);
5;0.968750000000000;276372;11;479.48;(276182, 276945), (276372, 276563, 276754);
5;0.984375000000000;276372;0;230.04;(276182, 276945), (276372, 276563, 276754);
5;0.976562500000000;276372;0;262.66;(276182, 276945), (276372, 276563, 276754);
5;0.972656250000000;276372;11;516.73;(276182, 276945), (276372, 276563, 276754);
5;0.974609375000000;276372;4;463.74;(276182, 276945), (276372, 276563, 276754);
5;0.973632812500000;276372;10;501.84;(276182, 276945), (276372, 276563, 276754);
5;0.974121093750000;276372;10;484.02;(276182, 276945), (276372, 276563, 276754);
5;0.974365234375000;276372;5;470.41;(276182, 276945), (276372, 276563, 276754);
5;0.974243164062500;276372;8;488.67;(276182, 276945), (276372, 276563, 276754);
5;0.974304199218750;276372;7;470.33;(276182, 276945), (276372, 276563, 276754);
5;0.974334716796875;276372;6;477.69;(276182, 276945), (276372, 276563, 276754);
5;0.974349975585938;276372;4;462.19;(276182, 276945), (276372, 276563, 276754);
5;0.974342346191406;276372;4;478.95;(276182, 276945), (276372, 276563, 276754);
5;0.974338531494141;276372;8;482.34;(276182, 276945), (276372, 276563, 276754);
5;0.974340438842773;276372;7;476.41;(276182, 276945), (276372, 276563, 276754);
5;0.974341392517090;276372;7;478.76;(276182, 276945), (276372, 276563, 276754);
5;0.500000000000000;276754;11;257.08;(276182, 276945), (276372, 276563, 276754);
5;0.750000000000000;276754;11;378.17;(276182, 276945), (276372, 276563, 276754);
5;0.875000000000000;276754;11;439.71;(276182, 276945), (276372, 276563, 276754);
5;0.937500000000000;276754;11;473.10;(276182, 276945), (276372, 276563, 276754);
5;0.968750000000000;276754;11;498.75;(276182, 276945), (276372, 276563, 276754);
5;0.984375000000000;276754;0;229.77;(276182, 276945), (276372, 276563, 276754);
5;0.976562500000000;276754;0;277.64;(276182, 276945), (276372, 276563, 276754);
5;0.972656250000000;276754;11;535.77;(276182, 276945), (276372, 276563, 276754);
5;0.974609375000000;276754;3;458.85;(276182, 276945), (276372, 276563, 276754);
5;0.973632812500000;276754;11;523.24;(276182, 276945), (276372, 276563, 276754);
5;0.974121093750000;276754;7;478.22;(276182, 276945), (276372, 276563, 276754);
5;0.974365234375000;276754;7;484.52;(276182, 276945), (276372, 276563, 276754);
5;0.974487304687500;276754;6;477.19;(276182, 276945), (276372, 276563, 276754);
5;0.974548339843750;276754;3;453.56;(276182, 276945), (276372, 276563, 276754);
5;0.974517822265625;276754;6;477.31;(276182, 276945), (276372, 276563, 276754);
5;0.974533081054688;276754;7;482.79;(276182, 276945), (276372, 276563, 276754);
5;0.974540710449219;276754;4;458.70;(276182, 276945), (276372, 276563, 276754);
5;0.974536895751953;276754;3;461.60;(276182, 276945), (276372, 276563, 276754);
5;0.974534988403320;276754;3;456.38;(276182, 276945), (276372, 276563, 276754);
5;0.974534034729004;276754;6;492.17;(276182, 276945), (276372, 276563, 276754);
5;0.500000000000000;276467;11;266.08;(276372, 276754), (276467, 276563, 276658);
5;0.750000000000000;276467;11;383.81;(276372, 276754), (276467, 276563, 276658);
5;0.875000000000000;276467;11;434.41;(276372, 276754), (276467, 276563, 276658);
5;0.937500000000000;276467;11;473.40;(276372, 276754), (276467, 276563, 276658);
5;0.968750000000000;276467;11;493.58;(276372, 276754), (276467, 276563, 276658);
5;0.984375000000000;276467;0;240.50;(276372, 276754), (276467, 276563, 276658);
5;0.976562500000000;276467;11;493.79;(276372, 276754), (276467, 276563, 276658);
5;0.980468750000000;276467;0;280.75;(276372, 276754), (276467, 276563, 276658);
5;0.978515625000000;276467;10;492.15;(276372, 276754), (276467, 276563, 276658);
5;0.979492187500000;276467;3;449.91;(276372, 276754), (276467, 276563, 276658);
5;0.979003906250000;276467;4;471.38;(276372, 276754), (276467, 276563, 276658);
5;0.978759765625000;276467;10;492.19;(276372, 276754), (276467, 276563, 276658);
5;0.978881835937500;276467;9;486.08;(276372, 276754), (276467, 276563, 276658);
5;0.978942871093750;276467;8;494.51;(276372, 276754), (276467, 276563, 276658);
5;0.978973388671875;276467;7;485.19;(276372, 276754), (276467, 276563, 276658);
5;0.978988647460938;276467;5;476.44;(276372, 276754), (276467, 276563, 276658);
5;0.978981018066406;276467;8;492.34;(276372, 276754), (276467, 276563, 276658);
5;0.978984832763672;276467;7;481.77;(276372, 276754), (276467, 276563, 276658);
5;0.978986740112305;276467;7;468.71;(276372, 276754), (276467, 276563, 276658);
5;0.978987693786621;276467;9;483.39;(276372, 276754), (276467, 276563, 276658);
5;0.500000000000000;276658;11;259.75;(276372, 276754), (276467, 276563, 276658);
5;0.750000000000000;276658;11;379.15;(276372, 276754), (276467, 276563, 276658);
5;0.875000000000000;276658;11;441.55;(276372, 276754), (276467, 276563, 276658);
5;0.937500000000000;276658;11;480.30;(276372, 276754), (276467, 276563, 276658);
5;0.968750000000000;276658;11;488.45;(276372, 276754), (276467, 276563, 276658);
5;0.984375000000000;276658;0;237.42;(276372, 276754), (276467, 276563, 276658);
5;0.976562500000000;276658;11;492.06;(276372, 276754), (276467, 276563, 276658);
5;0.980468750000000;276658;0;316.93;(276372, 276754), (276467, 276563, 276658);
5;0.978515625000000;276658;8;482.08;(276372, 276754), (276467, 276563, 276658);
5;0.979492187500000;276658;3;450.39;(276372, 276754), (276467, 276563, 276658);
5;0.979003906250000;276658;6;471.59;(276372, 276754), (276467, 276563, 276658);
5;0.979248046875000;276658;7;484.49;(276372, 276754), (276467, 276563, 276658);
5;0.979370117187500;276658;7;496.88;(276372, 276754), (276467, 276563, 276658);
5;0.979431152343750;276658;2;461.51;(276372, 276754), (276467, 276563, 276658);
5;0.979400634765625;276658;4;486.73;(276372, 276754), (276467, 276563, 276658);
5;0.979385375976562;276658;4;480.24;(276372, 276754), (276467, 276563, 276658);
5;0.979377746582031;276658;5;495.03;(276372, 276754), (276467, 276563, 276658);
5;0.979373931884766;276658;3;499.44;(276372, 276754), (276467, 276563, 276658);
5;0.979372024536133;276658;4;499.53;(276372, 276754), (276467, 276563, 276658);
5;0.979371070861816;276658;8;505.63;(276372, 276754), (276467, 276563, 276658);
5;0.500000000000000;276610;11;255.34;(276563, 276754), (276610, 276658, 276706);
5;0.750000000000000;276610;11;378.79;(276563, 276754), (276610, 276658, 276706);
5;0.875000000000000;276610;11;451.91;(276563, 276754), (276610, 276658, 276706);
5;0.937500000000000;276610;11;585.21;(276563, 276754), (276610, 276658, 276706);
5;0.968750000000000;276610;11;488.35;(276563, 276754), (276610, 276658, 276706);
5;0.984375000000000;276610;0;229.70;(276563, 276754), (276610, 276658, 276706);
5;0.976562500000000;276610;0;265.05;(276563, 276754), (276610, 276658, 276706);
5;0.972656250000000;276610;11;524.34;(276563, 276754), (276610, 276658, 276706);
5;0.974609375000000;276610;2;445.80;(276563, 276754), (276610, 276658, 276706);
5;0.973632812500000;276610;10;513.46;(276563, 276754), (276610, 276658, 276706);
5;0.974121093750000;276610;7;462.67;(276563, 276754), (276610, 276658, 276706);
5;0.974365234375000;276610;5;445.38;(276563, 276754), (276610, 276658, 276706);
5;0.974243164062500;276610;6;460.34;(276563, 276754), (276610, 276658, 276706);
5;0.974304199218750;276610;7;476.37;(276563, 276754), (276610, 276658, 276706);
5;0.974334716796875;276610;5;447.41;(276563, 276754), (276610, 276658, 276706);
5;0.974319458007812;276610;8;481.70;(276563, 276754), (276610, 276658, 276706);
5;0.974327087402344;276610;5;461.87;(276563, 276754), (276610, 276658, 276706);
5;0.974323272705078;276610;6;480.49;(276563, 276754), (276610, 276658, 276706);
5;0.974325180053711;276610;8;477.31;(276563, 276754), (276610, 276658, 276706);
5;0.974326133728027;276610;6;469.82;(276563, 276754), (276610, 276658, 276706);
5;0.500000000000000;276706;11;253.28;(276563, 276754), (276610, 276658, 276706);
5;0.750000000000000;276706;11;380.49;(276563, 276754), (276610, 276658, 276706);
5;0.875000000000000;276706;11;436.87;(276563, 276754), (276610, 276658, 276706);
5;0.937500000000000;276706;11;467.73;(276563, 276754), (276610, 276658, 276706);
5;0.968750000000000;276706;11;488.33;(276563, 276754), (276610, 276658, 276706);
5;0.984375000000000;276706;0;240.35;(276563, 276754), (276610, 276658, 276706);
5;0.976562500000000;276706;11;486.29;(276563, 276754), (276610, 276658, 276706);
5;0.980468750000000;276706;0;288.75;(276563, 276754), (276610, 276658, 276706);
5;0.978515625000000;276706;9;486.95;(276563, 276754), (276610, 276658, 276706);
5;0.979492187500000;276706;0;364.14;(276563, 276754), (276610, 276658, 276706);
5;0.979003906250000;276706;7;452.84;(276563, 276754), (276610, 276658, 276706);
5;0.979248046875000;276706;5;450.46;(276563, 276754), (276610, 276658, 276706);
5;0.979125976562500;276706;4;451.19;(276563, 276754), (276610, 276658, 276706);
5;0.979064941406250;276706;4;450.88;(276563, 276754), (276610, 276658, 276706);
5;0.979034423828125;276706;6;472.64;(276563, 276754), (276610, 276658, 276706);
5;0.979049682617188;276706;6;472.28;(276563, 276754), (276610, 276658, 276706);
5;0.979057312011719;276706;6;455.56;(276563, 276754), (276610, 276658, 276706);
5;0.979061126708984;276706;6;472.49;(276563, 276754), (276610, 276658, 276706);
5;0.979063034057617;276706;6;466.54;(276563, 276754), (276610, 276658, 276706);
5;0.979063987731934;276706;9;470.82;(276563, 276754), (276610, 276658, 276706);
5;0.500000000000000;276634;11;248.10;(276610, 276706), (276634, 276658, 276682);
5;0.750000000000000;276634;11;368.92;(276610, 276706), (276634, 276658, 276682);
5;0.875000000000000;276634;11;425.44;(276610, 276706), (276634, 276658, 276682);
5;0.937500000000000;276634;11;465.69;(276610, 276706), (276634, 276658, 276682);
5;0.968750000000000;276634;11;472.61;(276610, 276706), (276634, 276658, 276682);
5;0.984375000000000;276634;0;227.36;(276610, 276706), (276634, 276658, 276682);
5;0.976562500000000;276634;0;265.46;(276610, 276706), (276634, 276658, 276682);
5;0.972656250000000;276634;10;491.34;(276610, 276706), (276634, 276658, 276682);
5;0.974609375000000;276634;5;461.32;(276610, 276706), (276634, 276658, 276682);
5;0.973632812500000;276634;11;493.60;(276610, 276706), (276634, 276658, 276682);
5;0.974121093750000;276634;7;460.03;(276610, 276706), (276634, 276658, 276682);
5;0.974365234375000;276634;8;469.98;(276610, 276706), (276634, 276658, 276682);
5;0.974487304687500;276634;4;435.04;(276610, 276706), (276634, 276658, 276682);
5;0.974426269531250;276634;5;464.38;(276610, 276706), (276634, 276658, 276682);
5;0.974395751953125;276634;4;449.78;(276610, 276706), (276634, 276658, 276682);
5;0.974380493164062;276634;4;459.27;(276610, 276706), (276634, 276658, 276682);
5;0.974372863769531;276634;6;453.24;(276610, 276706), (276634, 276658, 276682);
5;0.974376678466797;276634;4;447.22;(276610, 276706), (276634, 276658, 276682);
5;0.974374771118164;276634;6;458.80;(276610, 276706), (276634, 276658, 276682);
5;0.974375724792480;276634;5;442.79;(276610, 276706), (276634, 276658, 276682);
5;0.500000000000000;276682;11;250.02;(276610, 276706), (276634, 276658, 276682);
5;0.750000000000000;276682;11;358.21;(276610, 276706), (276634, 276658, 276682);
5;0.875000000000000;276682;11;417.16;(276610, 276706), (276634, 276658, 276682);
5;0.937500000000000;276682;11;450.91;(276610, 276706), (276634, 276658, 276682);
5;0.968750000000000;276682;11;461.41;(276610, 276706), (276634, 276658, 276682);
5;0.984375000000000;276682;0;229.39;(276610, 276706), (276634, 276658, 276682);
5;0.976562500000000;276682;0;251.27;(276610, 276706), (276634, 276658, 276682);
5;0.972656250000000;276682;11;501.43;(276610, 276706), (276634, 276658, 276682);
5;0.974609375000000;276682;4;472.61;(276610, 276706), (276634, 276658, 276682);
5;0.973632812500000;276682;9;477.99;(276610, 276706), (276634, 276658, 276682);
5;0.974121093750000;276682;8;473.90;(276610, 276706), (276634, 276658, 276682);
5;0.974365234375000;276682;3;452.19;(276610, 276706), (276634, 276658, 276682);
5;0.974243164062500;276682;7;488.32;(276610, 276706), (276634, 276658, 276682);
5;0.974304199218750;276682;6;458.04;(276610, 276706), (276634, 276658, 276682);
5;0.974334716796875;276682;6;471.61;(276610, 276706), (276634, 276658, 276682);
5;0.974349975585938;276682;6;460.75;(276610, 276706), (276634, 276658, 276682);
5;0.974357604980469;276682;4;477.50;(276610, 276706), (276634, 276658, 276682);
5;0.974353790283203;276682;5;473.51;(276610, 276706), (276634, 276658, 276682);
5;0.974351882934570;276682;4;465.42;(276610, 276706), (276634, 276658, 276682);
5;0.974350929260254;276682;7;467.73;(276610, 276706), (276634, 276658, 276682);
