5;0.500000000000000;37500;11;1.95;((0, 150000), (37500, 75000, 112500));
5;0.750000000000000;37500;0;1.52;((0, 150000), (37500, 75000, 112500));
5;0.625000000000000;37500;11;2.43;((0, 150000), (37500, 75000, 112500));
5;0.687500000000000;37500;11;2.64;((0, 150000), (37500, 75000, 112500));
5;0.718750000000000;37500;11;2.73;((0, 150000), (37500, 75000, 112500));
5;0.734375000000000;37500;11;2.73;((0, 150000), (37500, 75000, 112500));
5;0.742187500000000;37500;1;2.63;((0, 150000), (37500, 75000, 112500));
5;0.738281250000000;37500;4;2.63;((0, 150000), (37500, 75000, 112500));
5;0.736328125000000;37500;9;2.77;((0, 150000), (37500, 75000, 112500));
5;0.737304687500000;37500;9;3.32;((0, 150000), (37500, 75000, 112500));
5;0.737792968750000;37500;7;2.66;((0, 150000), (37500, 75000, 112500));
5;0.738037109375000;37500;10;2.79;((0, 150000), (37500, 75000, 112500));
5;0.738159179687500;37500;7;2.69;((0, 150000), (37500, 75000, 112500));
5;0.738220214843750;37500;4;2.71;((0, 150000), (37500, 75000, 112500));
5;0.738189697265625;37500;10;2.69;((0, 150000), (37500, 75000, 112500));
5;0.738204956054688;37500;5;2.71;((0, 150000), (37500, 75000, 112500));
5;0.738197326660156;37500;6;2.67;((0, 150000), (37500, 75000, 112500));
5;0.738201141357422;37500;9;2.77;((0, 150000), (37500, 75000, 112500));
5;0.738203048706055;37500;5;2.63;((0, 150000), (37500, 75000, 112500));
5;0.738202095031738;37500;7;2.75;((0, 150000), (37500, 75000, 112500));
5;0.500000000000000;75000;11;1.97;((0, 150000), (37500, 75000, 112500));
5;0.750000000000000;75000;0;1.30;((0, 150000), (37500, 75000, 112500));
5;0.625000000000000;75000;0;1.38;((0, 150000), (37500, 75000, 112500));
5;0.562500000000000;75000;11;2.16;((0, 150000), (37500, 75000, 112500));
5;0.593750000000000;75000;11;2.33;((0, 150000), (37500, 75000, 112500));
5;0.609375000000000;75000;11;2.35;((0, 150000), (37500, 75000, 112500));
5;0.617187500000000;75000;1;2.20;((0, 150000), (37500, 75000, 112500));
5;0.613281250000000;75000;10;2.35;((0, 150000), (37500, 75000, 112500));
5;0.615234375000000;75000;8;2.30;((0, 150000), (37500, 75000, 112500));
5;0.616210937500000;75000;3;2.28;((0, 150000), (37500, 75000, 112500));
5;0.615722656250000;75000;2;2.24;((0, 150000), (37500, 75000, 112500));
5;0.615478515625000;75000;7;2.29;((0, 150000), (37500, 75000, 112500));
5;0.615600585937500;75000;3;2.24;((0, 150000), (37500, 75000, 112500));
5;0.615539550781250;75000;8;2.31;((0, 150000), (37500, 75000, 112500));
5;0.615570068359375;75000;5;2.25;((0, 150000), (37500, 75000, 112500));
5;0.615554809570312;75000;6;2.27;((0, 150000), (37500, 75000, 112500));
5;0.615562438964844;75000;6;2.30;((0, 150000), (37500, 75000, 112500));
5;0.615566253662109;75000;5;2.24;((0, 150000), (37500, 75000, 112500));
5;0.615564346313477;75000;8;2.32;((0, 150000), (37500, 75000, 112500));
5;0.615565299987793;75000;9;2.30;((0, 150000), (37500, 75000, 112500));
5;0.500000000000000;112500;11;2.25;((0, 150000), (37500, 75000, 112500));
5;0.750000000000000;112500;0;1.33;((0, 150000), (37500, 75000, 112500));
5;0.625000000000000;112500;0;1.28;((0, 150000), (37500, 75000, 112500));
5;0.562500000000000;112500;11;2.15;((0, 150000), (37500, 75000, 112500));
5;0.593750000000000;112500;11;2.32;((0, 150000), (37500, 75000, 112500));
5;0.609375000000000;112500;0;1.24;((0, 150000), (37500, 75000, 112500));
5;0.601562500000000;112500;11;2.35;((0, 150000), (37500, 75000, 112500));
5;0.605468750000000;112500;10;2.30;((0, 150000), (37500, 75000, 112500));
5;0.607421875000000;112500;2;2.19;((0, 150000), (37500, 75000, 112500));
5;0.606445312500000;112500;9;2.33;((0, 150000), (37500, 75000, 112500));
5;0.606933593750000;112500;8;2.27;((0, 150000), (37500, 75000, 112500));
5;0.607177734375000;112500;3;2.26;((0, 150000), (37500, 75000, 112500));
5;0.607055664062500;112500;4;2.20;((0, 150000), (37500, 75000, 112500));
5;0.606994628906250;112500;6;2.28;((0, 150000), (37500, 75000, 112500));
5;0.607025146484375;112500;4;2.23;((0, 150000), (37500, 75000, 112500));
5;0.607009887695312;112500;4;2.22;((0, 150000), (37500, 75000, 112500));
5;0.607002258300781;112500;3;2.21;((0, 150000), (37500, 75000, 112500));
5;0.606998443603516;112500;8;2.25;((0, 150000), (37500, 75000, 112500));
5;0.607000350952148;112500;5;2.29;((0, 150000), (37500, 75000, 112500));
5;0.606999397277832;112500;9;2.26;((0, 150000), (37500, 75000, 112500));
5;0.500000000000000;18750;11;2.00;((0, 75000), (18750, 37500, 56250));
5;0.750000000000000;18750;11;2.79;((0, 75000), (18750, 37500, 56250));
5;0.875000000000000;18750;0;1.47;((0, 75000), (18750, 37500, 56250));
5;0.812500000000000;18750;11;3.07;((0, 75000), (18750, 37500, 56250));
5;0.843750000000000;18750;11;3.16;((0, 75000), (18750, 37500, 56250));
5;0.859375000000000;18750;0;1.63;((0, 75000), (18750, 37500, 56250));
5;0.851562500000000;18750;1;2.89;((0, 75000), (18750, 37500, 56250));
5;0.847656250000000;18750;10;3.08;((0, 75000), (18750, 37500, 56250));
5;0.849609375000000;18750;3;2.97;((0, 75000), (18750, 37500, 56250));
5;0.848632812500000;18750;9;3.03;((0, 75000), (18750, 37500, 56250));
5;0.849121093750000;18750;8;3.09;((0, 75000), (18750, 37500, 56250));
5;0.849365234375000;18750;6;2.97;((0, 75000), (18750, 37500, 56250));
5;0.849487304687500;18750;5;3.07;((0, 75000), (18750, 37500, 56250));
5;0.849426269531250;18750;6;3.14;((0, 75000), (18750, 37500, 56250));
5;0.849456787109375;18750;7;3.01;((0, 75000), (18750, 37500, 56250));
5;0.849472045898438;18750;7;3.09;((0, 75000), (18750, 37500, 56250));
5;0.849479675292969;18750;5;2.98;((0, 75000), (18750, 37500, 56250));
5;0.849475860595703;18750;6;3.05;((0, 75000), (18750, 37500, 56250));
5;0.849477767944336;18750;6;3.04;((0, 75000), (18750, 37500, 56250));
5;0.849478721618652;18750;7;3.04;((0, 75000), (18750, 37500, 56250));
5;0.500000000000000;56250;11;1.96;((0, 75000), (18750, 37500, 56250));
5;0.750000000000000;56250;0;1.44;((0, 75000), (18750, 37500, 56250));
5;0.625000000000000;56250;11;2.39;((0, 75000), (18750, 37500, 56250));
5;0.687500000000000;56250;0;1.33;((0, 75000), (18750, 37500, 56250));
5;0.656250000000000;56250;0;1.42;((0, 75000), (18750, 37500, 56250));
5;0.640625000000000;56250;11;2.40;((0, 75000), (18750, 37500, 56250));
5;0.648437500000000;56250;5;2.35;((0, 75000), (18750, 37500, 56250));
5;0.644531250000000;56250;11;2.51;((0, 75000), (18750, 37500, 56250));
5;0.646484375000000;56250;10;2.47;((0, 75000), (18750, 37500, 56250));
5;0.647460937500000;56250;9;2.42;((0, 75000), (18750, 37500, 56250));
5;0.647949218750000;56250;3;2.35;((0, 75000), (18750, 37500, 56250));
5;0.647705078125000;56250;8;2.42;((0, 75000), (18750, 37500, 56250));
5;0.647827148437500;56250;8;2.38;((0, 75000), (18750, 37500, 56250));
5;0.647888183593750;56250;7;2.44;((0, 75000), (18750, 37500, 56250));
5;0.647918701171875;56250;10;2.51;((0, 75000), (18750, 37500, 56250));
5;0.647933959960938;56250;7;2.43;((0, 75000), (18750, 37500, 56250));
5;0.647941589355469;56250;8;2.48;((0, 75000), (18750, 37500, 56250));
5;0.647945404052734;56250;7;2.56;((0, 75000), (18750, 37500, 56250));
5;0.647947311401367;56250;9;2.52;((0, 75000), (18750, 37500, 56250));
5;0.647948265075684;56250;7;2.62;((0, 75000), (18750, 37500, 56250));
5;0.500000000000000;9375;11;2.28;((0, 37500), (9375, 18750, 28125));
5;0.750000000000000;9375;11;3.09;((0, 37500), (9375, 18750, 28125));
5;0.875000000000000;9375;11;3.75;((0, 37500), (9375, 18750, 28125));
5;0.937500000000000;9375;0;1.59;((0, 37500), (9375, 18750, 28125));
5;0.906250000000000;9375;0;2.10;((0, 37500), (9375, 18750, 28125));
5;0.890625000000000;9375;11;3.31;((0, 37500), (9375, 18750, 28125));
5;0.898437500000000;9375;9;3.18;((0, 37500), (9375, 18750, 28125));
5;0.902343750000000;9375;7;3.19;((0, 37500), (9375, 18750, 28125));
5;0.904296875000000;9375;2;3.13;((0, 37500), (9375, 18750, 28125));
5;0.903320312500000;9375;3;3.08;((0, 37500), (9375, 18750, 28125));
5;0.902832031250000;9375;3;3.16;((0, 37500), (9375, 18750, 28125));
5;0.902587890625000;9375;7;3.16;((0, 37500), (9375, 18750, 28125));
5;0.902709960937500;9375;9;3.29;((0, 37500), (9375, 18750, 28125));
5;0.902770996093750;9375;6;3.19;((0, 37500), (9375, 18750, 28125));
5;0.902801513671875;9375;7;3.17;((0, 37500), (9375, 18750, 28125));
5;0.902816772460938;9375;5;3.13;((0, 37500), (9375, 18750, 28125));
5;0.902809143066406;9375;9;3.18;((0, 37500), (9375, 18750, 28125));
5;0.902812957763672;9375;7;3.20;((0, 37500), (9375, 18750, 28125));
5;0.902814865112305;9375;5;3.09;((0, 37500), (9375, 18750, 28125));
5;0.902813911437988;9375;7;3.24;((0, 37500), (9375, 18750, 28125));
5;0.500000000000000;28125;11;1.94;((0, 37500), (9375, 18750, 28125));
5;0.750000000000000;28125;11;2.86;((0, 37500), (9375, 18750, 28125));
5;0.875000000000000;28125;0;1.49;((0, 37500), (9375, 18750, 28125));
5;0.812500000000000;28125;0;1.58;((0, 37500), (9375, 18750, 28125));
5;0.781250000000000;28125;11;2.88;((0, 37500), (9375, 18750, 28125));
5;0.796875000000000;28125;10;3.22;((0, 37500), (9375, 18750, 28125));
5;0.804687500000000;28125;0;1.91;((0, 37500), (9375, 18750, 28125));
5;0.800781250000000;28125;2;2.78;((0, 37500), (9375, 18750, 28125));
5;0.798828125000000;28125;4;2.82;((0, 37500), (9375, 18750, 28125));
5;0.797851562500000;28125;10;2.89;((0, 37500), (9375, 18750, 28125));
5;0.798339843750000;28125;8;2.89;((0, 37500), (9375, 18750, 28125));
5;0.798583984375000;28125;6;2.91;((0, 37500), (9375, 18750, 28125));
5;0.798706054687500;28125;6;2.84;((0, 37500), (9375, 18750, 28125));
5;0.798767089843750;28125;7;2.85;((0, 37500), (9375, 18750, 28125));
5;0.798797607421875;28125;9;2.95;((0, 37500), (9375, 18750, 28125));
5;0.798812866210938;28125;9;2.88;((0, 37500), (9375, 18750, 28125));
5;0.798820495605469;28125;9;2.88;((0, 37500), (9375, 18750, 28125));
5;0.798824310302734;28125;5;2.83;((0, 37500), (9375, 18750, 28125));
5;0.798822402954102;28125;6;2.86;((0, 37500), (9375, 18750, 28125));
5;0.798823356628418;28125;6;2.84;((0, 37500), (9375, 18750, 28125));
5;0.500000000000000;4687;11;1.93;((0, 18750), (4687, 9374, 14061));
5;0.750000000000000;4687;11;2.83;((0, 18750), (4687, 9374, 14061));
5;0.875000000000000;4687;11;3.14;((0, 18750), (4687, 9374, 14061));
5;0.937500000000000;4687;0;1.61;((0, 18750), (4687, 9374, 14061));
5;0.906250000000000;4687;10;3.24;((0, 18750), (4687, 9374, 14061));
5;0.921875000000000;4687;0;2.14;((0, 18750), (4687, 9374, 14061));
5;0.914062500000000;4687;8;3.20;((0, 18750), (4687, 9374, 14061));
5;0.917968750000000;4687;3;3.13;((0, 18750), (4687, 9374, 14061));
5;0.916015625000000;4687;4;3.19;((0, 18750), (4687, 9374, 14061));
5;0.915039062500000;4687;8;3.20;((0, 18750), (4687, 9374, 14061));
5;0.915527343750000;4687;7;3.19;((0, 18750), (4687, 9374, 14061));
5;0.915771484375000;4687;6;3.22;((0, 18750), (4687, 9374, 14061));
5;0.915893554687500;4687;6;3.36;((0, 18750), (4687, 9374, 14061));
5;0.915954589843750;4687;5;3.18;((0, 18750), (4687, 9374, 14061));
5;0.915924072265625;4687;5;3.16;((0, 18750), (4687, 9374, 14061));
5;0.915908813476562;4687;4;3.10;((0, 18750), (4687, 9374, 14061));
5;0.915901184082031;4687;6;3.23;((0, 18750), (4687, 9374, 14061));
5;0.915904998779297;4687;8;3.22;((0, 18750), (4687, 9374, 14061));
5;0.915906906127930;4687;6;3.21;((0, 18750), (4687, 9374, 14061));
5;0.915907859802246;4687;7;3.29;((0, 18750), (4687, 9374, 14061));
5;0.500000000000000;9374;11;1.91;((0, 18750), (4687, 9374, 14061));
5;0.750000000000000;9374;11;2.71;((0, 18750), (4687, 9374, 14061));
5;0.875000000000000;9374;11;3.15;((0, 18750), (4687, 9374, 14061));
5;0.937500000000000;9374;0;1.42;((0, 18750), (4687, 9374, 14061));
5;0.906250000000000;9374;0;2.00;((0, 18750), (4687, 9374, 14061));
5;0.890625000000000;9374;9;3.17;((0, 18750), (4687, 9374, 14061));
5;0.898437500000000;9374;5;3.16;((0, 18750), (4687, 9374, 14061));
5;0.894531250000000;9374;9;3.17;((0, 18750), (4687, 9374, 14061));
5;0.896484375000000;9374;7;3.15;((0, 18750), (4687, 9374, 14061));
5;0.897460937500000;9374;4;3.11;((0, 18750), (4687, 9374, 14061));
5;0.896972656250000;9374;9;3.18;((0, 18750), (4687, 9374, 14061));
5;0.897216796875000;9374;4;3.13;((0, 18750), (4687, 9374, 14061));
5;0.897094726562500;9374;8;3.14;((0, 18750), (4687, 9374, 14061));
5;0.897155761718750;9374;7;3.15;((0, 18750), (4687, 9374, 14061));
5;0.897186279296875;9374;8;3.16;((0, 18750), (4687, 9374, 14061));
5;0.897201538085938;9374;8;3.14;((0, 18750), (4687, 9374, 14061));
5;0.897209167480469;9374;9;3.20;((0, 18750), (4687, 9374, 14061));
5;0.897212982177734;9374;5;3.12;((0, 18750), (4687, 9374, 14061));
5;0.897211074829102;9374;6;3.12;((0, 18750), (4687, 9374, 14061));
5;0.897212028503418;9374;9;3.20;((0, 18750), (4687, 9374, 14061));
5;0.500000000000000;14061;11;1.97;((0, 18750), (4687, 9374, 14061));
5;0.750000000000000;14061;11;2.80;((0, 18750), (4687, 9374, 14061));
5;0.875000000000000;14061;11;3.15;((0, 18750), (4687, 9374, 14061));
5;0.937500000000000;14061;0;1.45;((0, 18750), (4687, 9374, 14061));
5;0.906250000000000;14061;0;1.48;((0, 18750), (4687, 9374, 14061));
5;0.890625000000000;14061;0;1.72;((0, 18750), (4687, 9374, 14061));
5;0.882812500000000;14061;2;3.05;((0, 18750), (4687, 9374, 14061));
5;0.878906250000000;14061;8;3.09;((0, 18750), (4687, 9374, 14061));
5;0.880859375000000;14061;2;3.02;((0, 18750), (4687, 9374, 14061));
5;0.879882812500000;14061;7;3.09;((0, 18750), (4687, 9374, 14061));
5;0.880371093750000;14061;9;3.15;((0, 18750), (4687, 9374, 14061));
5;0.880615234375000;14061;9;3.13;((0, 18750), (4687, 9374, 14061));
5;0.880737304687500;14061;5;3.17;((0, 18750), (4687, 9374, 14061));
5;0.880676269531250;14061;8;3.14;((0, 18750), (4687, 9374, 14061));
5;0.880706787109375;14061;7;3.13;((0, 18750), (4687, 9374, 14061));
5;0.880722045898438;14061;7;3.12;((0, 18750), (4687, 9374, 14061));
5;0.880729675292969;14061;5;3.12;((0, 18750), (4687, 9374, 14061));
5;0.880725860595703;14061;5;3.07;((0, 18750), (4687, 9374, 14061));
5;0.880723953247070;14061;6;3.10;((0, 18750), (4687, 9374, 14061));
5;0.880724906921387;14061;5;3.10;((0, 18750), (4687, 9374, 14061));
5;0.500000000000000;2343;11;1.88;((0, 9374), (2343, 4686, 7029));
5;0.750000000000000;2343;11;2.78;((0, 9374), (2343, 4686, 7029));
5;0.875000000000000;2343;11;3.15;((0, 9374), (2343, 4686, 7029));
5;0.937500000000000;2343;0;1.48;((0, 9374), (2343, 4686, 7029));
5;0.906250000000000;2343;3;3.12;((0, 9374), (2343, 4686, 7029));
5;0.890625000000000;2343;11;3.19;((0, 9374), (2343, 4686, 7029));
5;0.898437500000000;2343;10;3.18;((0, 9374), (2343, 4686, 7029));
5;0.902343750000000;2343;7;3.19;((0, 9374), (2343, 4686, 7029));
5;0.904296875000000;2343;6;3.17;((0, 9374), (2343, 4686, 7029));
5;0.905273437500000;2343;6;3.11;((0, 9374), (2343, 4686, 7029));
5;0.905761718750000;2343;6;3.14;((0, 9374), (2343, 4686, 7029));
5;0.906005859375000;2343;4;3.11;((0, 9374), (2343, 4686, 7029));
5;0.905883789062500;2343;5;3.14;((0, 9374), (2343, 4686, 7029));
5;0.905822753906250;2343;9;3.18;((0, 9374), (2343, 4686, 7029));
5;0.905853271484375;2343;4;3.16;((0, 9374), (2343, 4686, 7029));
5;0.905838012695312;2343;7;3.18;((0, 9374), (2343, 4686, 7029));
5;0.905845642089844;2343;4;3.19;((0, 9374), (2343, 4686, 7029));
5;0.905841827392578;2343;4;3.14;((0, 9374), (2343, 4686, 7029));
5;0.905839920043945;2343;6;3.14;((0, 9374), (2343, 4686, 7029));
5;0.905840873718262;2343;7;3.20;((0, 9374), (2343, 4686, 7029));
5;0.500000000000000;4686;11;1.91;((0, 9374), (2343, 4686, 7029));
5;0.750000000000000;4686;11;2.74;((0, 9374), (2343, 4686, 7029));
5;0.875000000000000;4686;11;3.12;((0, 9374), (2343, 4686, 7029));
5;0.937500000000000;4686;0;1.60;((0, 9374), (2343, 4686, 7029));
5;0.906250000000000;4686;11;3.25;((0, 9374), (2343, 4686, 7029));
5;0.921875000000000;4686;2;3.16;((0, 9374), (2343, 4686, 7029));
5;0.914062500000000;4686;6;3.16;((0, 9374), (2343, 4686, 7029));
5;0.917968750000000;4686;1;3.12;((0, 9374), (2343, 4686, 7029));
5;0.916015625000000;4686;7;3.20;((0, 9374), (2343, 4686, 7029));
5;0.916992187500000;4686;7;3.22;((0, 9374), (2343, 4686, 7029));
5;0.917480468750000;4686;6;3.17;((0, 9374), (2343, 4686, 7029));
5;0.917724609375000;4686;5;3.38;((0, 9374), (2343, 4686, 7029));
5;0.917602539062500;4686;4;3.17;((0, 9374), (2343, 4686, 7029));
5;0.917541503906250;4686;4;3.18;((0, 9374), (2343, 4686, 7029));
5;0.917510986328125;4686;6;3.24;((0, 9374), (2343, 4686, 7029));
5;0.917526245117188;4686;5;3.16;((0, 9374), (2343, 4686, 7029));
5;0.917518615722656;4686;5;3.18;((0, 9374), (2343, 4686, 7029));
5;0.917514801025391;4686;5;3.16;((0, 9374), (2343, 4686, 7029));
5;0.917512893676758;4686;4;3.14;((0, 9374), (2343, 4686, 7029));
5;0.917511940002441;4686;6;3.20;((0, 9374), (2343, 4686, 7029));
5;0.500000000000000;7029;11;1.89;((0, 9374), (2343, 4686, 7029));
5;0.750000000000000;7029;11;2.72;((0, 9374), (2343, 4686, 7029));
5;0.875000000000000;7029;11;3.16;((0, 9374), (2343, 4686, 7029));
5;0.937500000000000;7029;0;1.43;((0, 9374), (2343, 4686, 7029));
5;0.906250000000000;7029;11;3.29;((0, 9374), (2343, 4686, 7029));
5;0.921875000000000;7029;0;1.94;((0, 9374), (2343, 4686, 7029));
5;0.914062500000000;7029;6;3.18;((0, 9374), (2343, 4686, 7029));
5;0.917968750000000;7029;0;2.08;((0, 9374), (2343, 4686, 7029));
5;0.916015625000000;7029;1;3.09;((0, 9374), (2343, 4686, 7029));
5;0.915039062500000;7029;7;3.20;((0, 9374), (2343, 4686, 7029));
5;0.915527343750000;7029;4;3.14;((0, 9374), (2343, 4686, 7029));
5;0.915283203125000;7029;0;2.13;((0, 9374), (2343, 4686, 7029));
5;0.915161132812500;7029;3;3.16;((0, 9374), (2343, 4686, 7029));
5;0.915100097656250;7029;1;3.11;((0, 9374), (2343, 4686, 7029));
5;0.915069580078125;7029;4;3.12;((0, 9374), (2343, 4686, 7029));
5;0.915054321289062;7029;2;3.22;((0, 9374), (2343, 4686, 7029));
5;0.915046691894531;7029;5;3.37;((0, 9374), (2343, 4686, 7029));
5;0.915042877197266;7029;4;3.24;((0, 9374), (2343, 4686, 7029));
5;0.915040969848633;7029;2;3.11;((0, 9374), (2343, 4686, 7029));
5;0.915040016174316;7029;3;3.40;((0, 9374), (2343, 4686, 7029));
5;0.500000000000000;3514;11;1.94;((2343, 7029), (3514, 4685, 5856));
5;0.750000000000000;3514;11;2.92;((2343, 7029), (3514, 4685, 5856));
5;0.875000000000000;3514;11;3.52;((2343, 7029), (3514, 4685, 5856));
5;0.937500000000000;3514;0;1.67;((2343, 7029), (3514, 4685, 5856));
5;0.906250000000000;3514;8;3.36;((2343, 7029), (3514, 4685, 5856));
5;0.921875000000000;3514;0;2.23;((2343, 7029), (3514, 4685, 5856));
5;0.914062500000000;3514;0;2.13;((2343, 7029), (3514, 4685, 5856));
5;0.910156250000000;3514;3;3.25;((2343, 7029), (3514, 4685, 5856));
5;0.908203125000000;3514;5;3.30;((2343, 7029), (3514, 4685, 5856));
5;0.907226562500000;3514;2;3.37;((2343, 7029), (3514, 4685, 5856));
5;0.906738281250000;3514;5;3.47;((2343, 7029), (3514, 4685, 5856));
5;0.906494140625000;3514;4;3.33;((2343, 7029), (3514, 4685, 5856));
5;0.906372070312500;3514;6;3.37;((2343, 7029), (3514, 4685, 5856));
5;0.906433105468750;3514;4;3.14;((2343, 7029), (3514, 4685, 5856));
5;0.906402587890625;3514;7;3.41;((2343, 7029), (3514, 4685, 5856));
5;0.906417846679688;3514;5;3.27;((2343, 7029), (3514, 4685, 5856));
5;0.906410217285156;3514;7;3.22;((2343, 7029), (3514, 4685, 5856));
5;0.906414031982422;3514;6;3.21;((2343, 7029), (3514, 4685, 5856));
5;0.906415939331055;3514;6;3.24;((2343, 7029), (3514, 4685, 5856));
5;0.906416893005371;3514;8;3.45;((2343, 7029), (3514, 4685, 5856));
5;0.500000000000000;4685;11;1.93;((2343, 7029), (3514, 4685, 5856));
5;0.750000000000000;4685;11;3.29;((2343, 7029), (3514, 4685, 5856));
5;0.875000000000000;4685;11;3.13;((2343, 7029), (3514, 4685, 5856));
5;0.937500000000000;4685;0;1.49;((2343, 7029), (3514, 4685, 5856));
5;0.906250000000000;4685;11;3.40;((2343, 7029), (3514, 4685, 5856));
5;0.921875000000000;4685;1;3.28;((2343, 7029), (3514, 4685, 5856));
5;0.914062500000000;4685;8;3.34;((2343, 7029), (3514, 4685, 5856));
5;0.917968750000000;4685;5;3.29;((2343, 7029), (3514, 4685, 5856));
5;0.916015625000000;4685;6;3.18;((2343, 7029), (3514, 4685, 5856));
5;0.916992187500000;4685;4;3.28;((2343, 7029), (3514, 4685, 5856));
5;0.916503906250000;4685;7;3.34;((2343, 7029), (3514, 4685, 5856));
5;0.916748046875000;4685;7;3.35;((2343, 7029), (3514, 4685, 5856));
5;0.916870117187500;4685;4;3.22;((2343, 7029), (3514, 4685, 5856));
5;0.916809082031250;4685;5;3.20;((2343, 7029), (3514, 4685, 5856));
5;0.916778564453125;4685;1;3.07;((2343, 7029), (3514, 4685, 5856));
5;0.916763305664062;4685;7;3.22;((2343, 7029), (3514, 4685, 5856));
5;0.916770935058594;4685;6;3.18;((2343, 7029), (3514, 4685, 5856));
5;0.916774749755859;4685;3;3.19;((2343, 7029), (3514, 4685, 5856));
5;0.916772842407227;4685;4;3.15;((2343, 7029), (3514, 4685, 5856));
5;0.916771888732910;4685;7;3.18;((2343, 7029), (3514, 4685, 5856));
5;0.500000000000000;5856;11;1.93;((2343, 7029), (3514, 4685, 5856));
5;0.750000000000000;5856;11;2.80;((2343, 7029), (3514, 4685, 5856));
5;0.875000000000000;5856;11;3.31;((2343, 7029), (3514, 4685, 5856));
5;0.937500000000000;5856;0;1.63;((2343, 7029), (3514, 4685, 5856));
5;0.906250000000000;5856;10;3.45;((2343, 7029), (3514, 4685, 5856));
5;0.921875000000000;5856;2;3.27;((2343, 7029), (3514, 4685, 5856));
5;0.914062500000000;5856;7;3.34;((2343, 7029), (3514, 4685, 5856));
5;0.917968750000000;5856;4;3.27;((2343, 7029), (3514, 4685, 5856));
5;0.916015625000000;5856;4;3.28;((2343, 7029), (3514, 4685, 5856));
5;0.915039062500000;5856;6;3.25;((2343, 7029), (3514, 4685, 5856));
5;0.915527343750000;5856;5;3.22;((2343, 7029), (3514, 4685, 5856));
5;0.915283203125000;5856;4;3.25;((2343, 7029), (3514, 4685, 5856));
5;0.915161132812500;5856;6;3.29;((2343, 7029), (3514, 4685, 5856));
5;0.915222167968750;5856;1;3.16;((2343, 7029), (3514, 4685, 5856));
5;0.915191650390625;5856;6;3.18;((2343, 7029), (3514, 4685, 5856));
5;0.915206909179688;5856;5;3.31;((2343, 7029), (3514, 4685, 5856));
5;0.915199279785156;5856;6;3.34;((2343, 7029), (3514, 4685, 5856));
5;0.915203094482422;5856;8;3.30;((2343, 7029), (3514, 4685, 5856));
5;0.915205001831055;5856;6;3.31;((2343, 7029), (3514, 4685, 5856));
5;0.915205955505371;5856;7;3.54;((2343, 7029), (3514, 4685, 5856));
5;0.500000000000000;4099;11;2.03;((3514, 5856), (4099, 4684, 5269));
5;0.750000000000000;4099;11;2.94;((3514, 5856), (4099, 4684, 5269));
5;0.875000000000000;4099;11;3.17;((3514, 5856), (4099, 4684, 5269));
5;0.937500000000000;4099;0;1.72;((3514, 5856), (4099, 4684, 5269));
5;0.906250000000000;4099;11;3.32;((3514, 5856), (4099, 4684, 5269));
5;0.921875000000000;4099;0;1.93;((3514, 5856), (4099, 4684, 5269));
5;0.914062500000000;4099;10;3.25;((3514, 5856), (4099, 4684, 5269));
5;0.917968750000000;4099;6;3.19;((3514, 5856), (4099, 4684, 5269));
5;0.919921875000000;4099;1;3.12;((3514, 5856), (4099, 4684, 5269));
5;0.918945312500000;4099;3;3.18;((3514, 5856), (4099, 4684, 5269));
5;0.918457031250000;4099;4;3.15;((3514, 5856), (4099, 4684, 5269));
5;0.918212890625000;4099;3;3.14;((3514, 5856), (4099, 4684, 5269));
5;0.918090820312500;4099;2;3.11;((3514, 5856), (4099, 4684, 5269));
5;0.918029785156250;4099;5;3.53;((3514, 5856), (4099, 4684, 5269));
5;0.917999267578125;4099;5;3.24;((3514, 5856), (4099, 4684, 5269));
5;0.917984008789062;4099;0;2.15;((3514, 5856), (4099, 4684, 5269));
5;0.917976379394531;4099;3;3.18;((3514, 5856), (4099, 4684, 5269));
5;0.917972564697266;4099;4;3.16;((3514, 5856), (4099, 4684, 5269));
5;0.917970657348633;4099;6;3.29;((3514, 5856), (4099, 4684, 5269));
5;0.917971611022949;4099;7;3.24;((3514, 5856), (4099, 4684, 5269));
5;0.500000000000000;4684;11;1.96;((3514, 5856), (4099, 4684, 5269));
5;0.750000000000000;4684;11;2.81;((3514, 5856), (4099, 4684, 5269));
5;0.875000000000000;4684;11;3.23;((3514, 5856), (4099, 4684, 5269));
5;0.937500000000000;4684;0;1.53;((3514, 5856), (4099, 4684, 5269));
5;0.906250000000000;4684;9;3.30;((3514, 5856), (4099, 4684, 5269));
5;0.921875000000000;4684;0;1.81;((3514, 5856), (4099, 4684, 5269));
5;0.914062500000000;4684;0;2.02;((3514, 5856), (4099, 4684, 5269));
5;0.910156250000000;4684;3;3.33;((3514, 5856), (4099, 4684, 5269));
5;0.908203125000000;4684;5;3.15;((3514, 5856), (4099, 4684, 5269));
5;0.907226562500000;4684;4;3.19;((3514, 5856), (4099, 4684, 5269));
5;0.906738281250000;4684;6;3.18;((3514, 5856), (4099, 4684, 5269));
5;0.906982421875000;4684;8;3.18;((3514, 5856), (4099, 4684, 5269));
5;0.907104492187500;4684;7;3.17;((3514, 5856), (4099, 4684, 5269));
5;0.907165527343750;4684;5;3.09;((3514, 5856), (4099, 4684, 5269));
5;0.907135009765625;4684;5;3.23;((3514, 5856), (4099, 4684, 5269));
5;0.907119750976562;4684;7;3.18;((3514, 5856), (4099, 4684, 5269));
5;0.907127380371094;4684;7;3.19;((3514, 5856), (4099, 4684, 5269));
5;0.907131195068359;4684;6;3.37;((3514, 5856), (4099, 4684, 5269));
5;0.907133102416992;4684;8;3.21;((3514, 5856), (4099, 4684, 5269));
5;0.907134056091309;4684;5;3.15;((3514, 5856), (4099, 4684, 5269));
5;0.500000000000000;5269;11;1.91;((3514, 5856), (4099, 4684, 5269));
5;0.750000000000000;5269;11;2.70;((3514, 5856), (4099, 4684, 5269));
5;0.875000000000000;5269;11;3.22;((3514, 5856), (4099, 4684, 5269));
5;0.937500000000000;5269;0;1.55;((3514, 5856), (4099, 4684, 5269));
5;0.906250000000000;5269;10;3.21;((3514, 5856), (4099, 4684, 5269));
5;0.921875000000000;5269;1;3.08;((3514, 5856), (4099, 4684, 5269));
5;0.914062500000000;5269;9;3.21;((3514, 5856), (4099, 4684, 5269));
5;0.917968750000000;5269;7;3.21;((3514, 5856), (4099, 4684, 5269));
5;0.919921875000000;5269;4;3.15;((3514, 5856), (4099, 4684, 5269));
5;0.918945312500000;5269;3;3.13;((3514, 5856), (4099, 4684, 5269));
5;0.918457031250000;5269;2;3.13;((3514, 5856), (4099, 4684, 5269));
5;0.918212890625000;5269;3;3.17;((3514, 5856), (4099, 4684, 5269));
5;0.918090820312500;5269;2;3.09;((3514, 5856), (4099, 4684, 5269));
5;0.918029785156250;5269;2;3.12;((3514, 5856), (4099, 4684, 5269));
5;0.917999267578125;5269;3;3.15;((3514, 5856), (4099, 4684, 5269));
5;0.917984008789062;5269;4;3.16;((3514, 5856), (4099, 4684, 5269));
5;0.917976379394531;5269;4;3.16;((3514, 5856), (4099, 4684, 5269));
5;0.917972564697266;5269;3;3.13;((3514, 5856), (4099, 4684, 5269));
5;0.917970657348633;5269;3;3.15;((3514, 5856), (4099, 4684, 5269));
5;0.917969703674316;5269;5;3.16;((3514, 5856), (4099, 4684, 5269));
5;0.500000000000000;3806;11;1.91;((3514, 4684), (3806, 4098, 4390));
5;0.750000000000000;3806;11;2.73;((3514, 4684), (3806, 4098, 4390));
5;0.875000000000000;3806;11;3.17;((3514, 4684), (3806, 4098, 4390));
5;0.937500000000000;3806;0;1.59;((3514, 4684), (3806, 4098, 4390));
5;0.906250000000000;3806;11;3.28;((3514, 4684), (3806, 4098, 4390));
5;0.921875000000000;3806;2;3.10;((3514, 4684), (3806, 4098, 4390));
5;0.914062500000000;3806;9;3.21;((3514, 4684), (3806, 4098, 4390));
5;0.917968750000000;3806;3;3.14;((3514, 4684), (3806, 4098, 4390));
5;0.916015625000000;3806;7;3.23;((3514, 4684), (3806, 4098, 4390));
5;0.916992187500000;3806;5;3.16;((3514, 4684), (3806, 4098, 4390));
5;0.916503906250000;3806;4;3.29;((3514, 4684), (3806, 4098, 4390));
5;0.916259765625000;3806;8;3.17;((3514, 4684), (3806, 4098, 4390));
5;0.916381835937500;3806;5;3.17;((3514, 4684), (3806, 4098, 4390));
5;0.916320800781250;3806;4;3.16;((3514, 4684), (3806, 4098, 4390));
5;0.916290283203125;3806;6;3.20;((3514, 4684), (3806, 4098, 4390));
5;0.916305541992188;3806;1;3.09;((3514, 4684), (3806, 4098, 4390));
5;0.916297912597656;3806;6;3.15;((3514, 4684), (3806, 4098, 4390));
5;0.916301727294922;3806;4;3.16;((3514, 4684), (3806, 4098, 4390));
5;0.916299819946289;3806;6;3.16;((3514, 4684), (3806, 4098, 4390));
5;0.916300773620605;3806;5;3.17;((3514, 4684), (3806, 4098, 4390));
5;0.500000000000000;4098;11;1.90;((3514, 4684), (3806, 4098, 4390));
5;0.750000000000000;4098;11;2.70;((3514, 4684), (3806, 4098, 4390));
5;0.875000000000000;4098;11;3.19;((3514, 4684), (3806, 4098, 4390));
5;0.937500000000000;4098;0;1.55;((3514, 4684), (3806, 4098, 4390));
5;0.906250000000000;4098;11;3.32;((3514, 4684), (3806, 4098, 4390));
5;0.921875000000000;4098;1;3.09;((3514, 4684), (3806, 4098, 4390));
5;0.914062500000000;4098;6;3.19;((3514, 4684), (3806, 4098, 4390));
5;0.917968750000000;4098;5;3.16;((3514, 4684), (3806, 4098, 4390));
5;0.916015625000000;4098;5;3.18;((3514, 4684), (3806, 4098, 4390));
5;0.915039062500000;4098;6;3.19;((3514, 4684), (3806, 4098, 4390));
5;0.915527343750000;4098;3;3.69;((3514, 4684), (3806, 4098, 4390));
5;0.915283203125000;4098;5;3.18;((3514, 4684), (3806, 4098, 4390));
5;0.915161132812500;4098;7;3.25;((3514, 4684), (3806, 4098, 4390));
5;0.915222167968750;4098;3;3.12;((3514, 4684), (3806, 4098, 4390));
5;0.915191650390625;4098;3;3.11;((3514, 4684), (3806, 4098, 4390));
5;0.915176391601562;4098;7;3.18;((3514, 4684), (3806, 4098, 4390));
5;0.915184020996094;4098;6;3.18;((3514, 4684), (3806, 4098, 4390));
5;0.915187835693359;4098;5;3.16;((3514, 4684), (3806, 4098, 4390));
5;0.915185928344727;4098;6;3.19;((3514, 4684), (3806, 4098, 4390));
5;0.915186882019043;4098;7;3.16;((3514, 4684), (3806, 4098, 4390));
5;0.500000000000000;4390;11;1.90;((3514, 4684), (3806, 4098, 4390));
5;0.750000000000000;4390;11;2.75;((3514, 4684), (3806, 4098, 4390));
5;0.875000000000000;4390;11;3.14;((3514, 4684), (3806, 4098, 4390));
5;0.937500000000000;4390;0;1.49;((3514, 4684), (3806, 4098, 4390));
5;0.906250000000000;4390;10;3.27;((3514, 4684), (3806, 4098, 4390));
5;0.921875000000000;4390;0;1.89;((3514, 4684), (3806, 4098, 4390));
5;0.914062500000000;4390;3;3.11;((3514, 4684), (3806, 4098, 4390));
5;0.910156250000000;4390;6;3.20;((3514, 4684), (3806, 4098, 4390));
5;0.912109375000000;4390;5;3.15;((3514, 4684), (3806, 4098, 4390));
5;0.911132812500000;4390;6;3.16;((3514, 4684), (3806, 4098, 4390));
5;0.911621093750000;4390;4;3.15;((3514, 4684), (3806, 4098, 4390));
5;0.911376953125000;4390;4;3.13;((3514, 4684), (3806, 4098, 4390));
5;0.911254882812500;4390;4;3.16;((3514, 4684), (3806, 4098, 4390));
5;0.911193847656250;4390;4;3.12;((3514, 4684), (3806, 4098, 4390));
5;0.911163330078125;4390;5;3.16;((3514, 4684), (3806, 4098, 4390));
5;0.911148071289062;4390;4;3.17;((3514, 4684), (3806, 4098, 4390));
5;0.911140441894531;4390;5;3.11;((3514, 4684), (3806, 4098, 4390));
5;0.911136627197266;4390;1;3.04;((3514, 4684), (3806, 4098, 4390));
5;0.911134719848633;4390;0;2.19;((3514, 4684), (3806, 4098, 4390));
5;0.911133766174316;4390;2;3.09;((3514, 4684), (3806, 4098, 4390));
5;0.500000000000000;3660;11;1.91;((3514, 4098), (3660, 3806, 3952));
5;0.750000000000000;3660;11;2.72;((3514, 4098), (3660, 3806, 3952));
5;0.875000000000000;3660;11;3.14;((3514, 4098), (3660, 3806, 3952));
5;0.937500000000000;3660;0;1.49;((3514, 4098), (3660, 3806, 3952));
5;0.906250000000000;3660;9;3.22;((3514, 4098), (3660, 3806, 3952));
5;0.921875000000000;3660;0;1.68;((3514, 4098), (3660, 3806, 3952));
5;0.914062500000000;3660;1;3.10;((3514, 4098), (3660, 3806, 3952));
5;0.910156250000000;3660;4;3.12;((3514, 4098), (3660, 3806, 3952));
5;0.908203125000000;3660;7;3.18;((3514, 4098), (3660, 3806, 3952));
5;0.909179687500000;3660;2;3.09;((3514, 4098), (3660, 3806, 3952));
5;0.908691406250000;3660;5;3.13;((3514, 4098), (3660, 3806, 3952));
5;0.908447265625000;3660;5;3.12;((3514, 4098), (3660, 3806, 3952));
5;0.908325195312500;3660;6;3.18;((3514, 4098), (3660, 3806, 3952));
5;0.908386230468750;3660;4;3.15;((3514, 4098), (3660, 3806, 3952));
5;0.908355712890625;3660;7;3.15;((3514, 4098), (3660, 3806, 3952));
5;0.908370971679688;3660;6;3.18;((3514, 4098), (3660, 3806, 3952));
5;0.908378601074219;3660;7;3.15;((3514, 4098), (3660, 3806, 3952));
5;0.908382415771484;3660;3;3.14;((3514, 4098), (3660, 3806, 3952));
5;0.908380508422852;3660;2;3.09;((3514, 4098), (3660, 3806, 3952));
5;0.908379554748535;3660;4;3.10;((3514, 4098), (3660, 3806, 3952));
5;0.500000000000000;3952;11;1.89;((3514, 4098), (3660, 3806, 3952));
5;0.750000000000000;3952;11;2.73;((3514, 4098), (3660, 3806, 3952));
5;0.875000000000000;3952;11;3.11;((3514, 4098), (3660, 3806, 3952));
5;0.937500000000000;3952;0;1.53;((3514, 4098), (3660, 3806, 3952));
5;0.906250000000000;3952;7;3.40;((3514, 4098), (3660, 3806, 3952));
5;0.921875000000000;3952;0;1.79;((3514, 4098), (3660, 3806, 3952));
5;0.914062500000000;3952;1;3.07;((3514, 4098), (3660, 3806, 3952));
5;0.910156250000000;3952;7;3.15;((3514, 4098), (3660, 3806, 3952));
5;0.912109375000000;3952;0;2.16;((3514, 4098), (3660, 3806, 3952));
5;0.911132812500000;3952;5;3.26;((3514, 4098), (3660, 3806, 3952));
5;0.910644531250000;3952;4;3.13;((3514, 4098), (3660, 3806, 3952));
5;0.910400390625000;3952;4;3.11;((3514, 4098), (3660, 3806, 3952));
5;0.910278320312500;3952;7;3.21;((3514, 4098), (3660, 3806, 3952));
5;0.910339355468750;3952;3;3.11;((3514, 4098), (3660, 3806, 3952));
5;0.910308837890625;3952;5;3.12;((3514, 4098), (3660, 3806, 3952));
5;0.910293579101562;3952;4;3.12;((3514, 4098), (3660, 3806, 3952));
5;0.910285949707031;3952;5;3.15;((3514, 4098), (3660, 3806, 3952));
5;0.910282135009766;3952;3;3.11;((3514, 4098), (3660, 3806, 3952));
5;0.910280227661133;3952;7;3.19;((3514, 4098), (3660, 3806, 3952));
5;0.910281181335449;3952;4;3.15;((3514, 4098), (3660, 3806, 3952));
5;0.500000000000000;3733;11;1.87;((3660, 3952), (3733, 3806, 3879));
5;0.750000000000000;3733;11;2.77;((3660, 3952), (3733, 3806, 3879));
5;0.875000000000000;3733;11;3.14;((3660, 3952), (3733, 3806, 3879));
5;0.937500000000000;3733;0;1.60;((3660, 3952), (3733, 3806, 3879));
5;0.906250000000000;3733;11;3.30;((3660, 3952), (3733, 3806, 3879));
5;0.921875000000000;3733;0;2.07;((3660, 3952), (3733, 3806, 3879));
5;0.914062500000000;3733;9;3.26;((3660, 3952), (3733, 3806, 3879));
5;0.917968750000000;3733;2;3.07;((3660, 3952), (3733, 3806, 3879));
5;0.916015625000000;3733;3;3.13;((3660, 3952), (3733, 3806, 3879));
5;0.915039062500000;3733;7;3.19;((3660, 3952), (3733, 3806, 3879));
5;0.915527343750000;3733;5;3.15;((3660, 3952), (3733, 3806, 3879));
5;0.915283203125000;3733;5;3.17;((3660, 3952), (3733, 3806, 3879));
5;0.915161132812500;3733;5;3.19;((3660, 3952), (3733, 3806, 3879));
5;0.915100097656250;3733;5;3.14;((3660, 3952), (3733, 3806, 3879));
5;0.915069580078125;3733;6;3.15;((3660, 3952), (3733, 3806, 3879));
5;0.915084838867188;3733;5;3.17;((3660, 3952), (3733, 3806, 3879));
5;0.915077209472656;3733;4;3.16;((3660, 3952), (3733, 3806, 3879));
5;0.915073394775391;3733;4;3.23;((3660, 3952), (3733, 3806, 3879));
5;0.915071487426758;3733;6;3.18;((3660, 3952), (3733, 3806, 3879));
5;0.915072441101074;3733;5;3.13;((3660, 3952), (3733, 3806, 3879));
5;0.500000000000000;3879;11;1.86;((3660, 3952), (3733, 3806, 3879));
5;0.750000000000000;3879;11;2.72;((3660, 3952), (3733, 3806, 3879));
5;0.875000000000000;3879;11;3.14;((3660, 3952), (3733, 3806, 3879));
5;0.937500000000000;3879;0;1.51;((3660, 3952), (3733, 3806, 3879));
5;0.906250000000000;3879;11;3.89;((3660, 3952), (3733, 3806, 3879));
5;0.921875000000000;3879;0;2.08;((3660, 3952), (3733, 3806, 3879));
5;0.914062500000000;3879;6;3.18;((3660, 3952), (3733, 3806, 3879));
5;0.917968750000000;3879;1;3.29;((3660, 3952), (3733, 3806, 3879));
5;0.916015625000000;3879;6;3.26;((3660, 3952), (3733, 3806, 3879));
5;0.916992187500000;3879;4;3.28;((3660, 3952), (3733, 3806, 3879));
5;0.916503906250000;3879;8;3.18;((3660, 3952), (3733, 3806, 3879));
5;0.916748046875000;3879;4;3.24;((3660, 3952), (3733, 3806, 3879));
5;0.916625976562500;3879;2;3.29;((3660, 3952), (3733, 3806, 3879));
5;0.916564941406250;3879;2;3.10;((3660, 3952), (3733, 3806, 3879));
5;0.916534423828125;3879;5;3.23;((3660, 3952), (3733, 3806, 3879));
5;0.916519165039062;3879;5;3.30;((3660, 3952), (3733, 3806, 3879));
5;0.916511535644531;3879;4;3.21;((3660, 3952), (3733, 3806, 3879));
5;0.916507720947266;3879;6;3.28;((3660, 3952), (3733, 3806, 3879));
5;0.916509628295898;3879;3;3.22;((3660, 3952), (3733, 3806, 3879));
5;0.916508674621582;3879;4;3.16;((3660, 3952), (3733, 3806, 3879));
5;0.500000000000000;3842;11;1.89;((3806, 3952), (3842, 3878, 3914));
5;0.750000000000000;3842;11;2.80;((3806, 3952), (3842, 3878, 3914));
5;0.875000000000000;3842;11;3.20;((3806, 3952), (3842, 3878, 3914));
5;0.937500000000000;3842;0;1.51;((3806, 3952), (3842, 3878, 3914));
5;0.906250000000000;3842;9;3.21;((3806, 3952), (3842, 3878, 3914));
5;0.921875000000000;3842;0;1.98;((3806, 3952), (3842, 3878, 3914));
5;0.914062500000000;3842;1;3.21;((3806, 3952), (3842, 3878, 3914));
5;0.910156250000000;3842;2;3.14;((3806, 3952), (3842, 3878, 3914));
5;0.908203125000000;3842;7;3.15;((3806, 3952), (3842, 3878, 3914));
5;0.909179687500000;3842;4;3.20;((3806, 3952), (3842, 3878, 3914));
5;0.908691406250000;3842;6;3.19;((3806, 3952), (3842, 3878, 3914));
5;0.908935546875000;3842;6;3.15;((3806, 3952), (3842, 3878, 3914));
5;0.909057617187500;3842;6;3.22;((3806, 3952), (3842, 3878, 3914));
5;0.909118652343750;3842;7;3.18;((3806, 3952), (3842, 3878, 3914));
5;0.909149169921875;3842;7;3.29;((3806, 3952), (3842, 3878, 3914));
5;0.909164428710938;3842;1;3.10;((3806, 3952), (3842, 3878, 3914));
5;0.909156799316406;3842;4;3.16;((3806, 3952), (3842, 3878, 3914));
5;0.909152984619141;3842;3;3.16;((3806, 3952), (3842, 3878, 3914));
5;0.909151077270508;3842;4;3.14;((3806, 3952), (3842, 3878, 3914));
5;0.909150123596191;3842;6;3.25;((3806, 3952), (3842, 3878, 3914));
5;0.500000000000000;3878;11;1.90;((3806, 3952), (3842, 3878, 3914));
5;0.750000000000000;3878;11;2.86;((3806, 3952), (3842, 3878, 3914));
5;0.875000000000000;3878;11;3.14;((3806, 3952), (3842, 3878, 3914));
5;0.937500000000000;3878;0;1.52;((3806, 3952), (3842, 3878, 3914));
5;0.906250000000000;3878;10;3.16;((3806, 3952), (3842, 3878, 3914));
5;0.921875000000000;3878;2;3.13;((3806, 3952), (3842, 3878, 3914));
5;0.914062500000000;3878;7;3.67;((3806, 3952), (3842, 3878, 3914));
5;0.917968750000000;3878;5;3.15;((3806, 3952), (3842, 3878, 3914));
5;0.916015625000000;3878;3;3.14;((3806, 3952), (3842, 3878, 3914));
5;0.915039062500000;3878;11;3.27;((3806, 3952), (3842, 3878, 3914));
5;0.915527343750000;3878;5;3.17;((3806, 3952), (3842, 3878, 3914));
5;0.915283203125000;3878;1;3.07;((3806, 3952), (3842, 3878, 3914));
5;0.915161132812500;3878;7;3.17;((3806, 3952), (3842, 3878, 3914));
5;0.915222167968750;3878;4;3.12;((3806, 3952), (3842, 3878, 3914));
5;0.915191650390625;3878;7;3.20;((3806, 3952), (3842, 3878, 3914));
5;0.915206909179688;3878;7;3.23;((3806, 3952), (3842, 3878, 3914));
5;0.915214538574219;3878;7;3.19;((3806, 3952), (3842, 3878, 3914));
5;0.915218353271484;3878;4;3.17;((3806, 3952), (3842, 3878, 3914));
5;0.915216445922852;3878;7;3.21;((3806, 3952), (3842, 3878, 3914));
5;0.915217399597168;3878;7;3.17;((3806, 3952), (3842, 3878, 3914));
5;0.500000000000000;3914;11;1.88;((3806, 3952), (3842, 3878, 3914));
5;0.750000000000000;3914;11;2.74;((3806, 3952), (3842, 3878, 3914));
5;0.875000000000000;3914;11;3.15;((3806, 3952), (3842, 3878, 3914));
5;0.937500000000000;3914;0;1.56;((3806, 3952), (3842, 3878, 3914));
5;0.906250000000000;3914;6;3.28;((3806, 3952), (3842, 3878, 3914));
5;0.921875000000000;3914;0;2.05;((3806, 3952), (3842, 3878, 3914));
5;0.914062500000000;3914;0;2.16;((3806, 3952), (3842, 3878, 3914));
5;0.910156250000000;3914;2;3.09;((3806, 3952), (3842, 3878, 3914));
5;0.908203125000000;3914;7;3.17;((3806, 3952), (3842, 3878, 3914));
5;0.909179687500000;3914;4;3.14;((3806, 3952), (3842, 3878, 3914));
5;0.908691406250000;3914;6;3.16;((3806, 3952), (3842, 3878, 3914));
5;0.908935546875000;3914;6;3.17;((3806, 3952), (3842, 3878, 3914));
5;0.909057617187500;3914;6;3.14;((3806, 3952), (3842, 3878, 3914));
5;0.909118652343750;3914;4;3.23;((3806, 3952), (3842, 3878, 3914));
5;0.909088134765625;3914;4;3.16;((3806, 3952), (3842, 3878, 3914));
5;0.909072875976562;3914;4;3.11;((3806, 3952), (3842, 3878, 3914));
5;0.909065246582031;3914;3;3.18;((3806, 3952), (3842, 3878, 3914));
5;0.909061431884766;3914;4;3.14;((3806, 3952), (3842, 3878, 3914));
5;0.909059524536133;3914;5;3.12;((3806, 3952), (3842, 3878, 3914));
5;0.909058570861816;3914;3;3.13;((3806, 3952), (3842, 3878, 3914));
5;0.500000000000000;3860;11;1.87;((3842, 3914), (3860, 3878, 3896));
5;0.750000000000000;3860;11;2.73;((3842, 3914), (3860, 3878, 3896));
5;0.875000000000000;3860;11;3.17;((3842, 3914), (3860, 3878, 3896));
5;0.937500000000000;3860;0;1.61;((3842, 3914), (3860, 3878, 3896));
5;0.906250000000000;3860;8;3.20;((3842, 3914), (3860, 3878, 3896));
5;0.921875000000000;3860;0;1.62;((3842, 3914), (3860, 3878, 3896));
5;0.914062500000000;3860;1;3.10;((3842, 3914), (3860, 3878, 3896));
5;0.910156250000000;3860;5;3.20;((3842, 3914), (3860, 3878, 3896));
5;0.908203125000000;3860;7;3.19;((3842, 3914), (3860, 3878, 3896));
5;0.909179687500000;3860;7;3.22;((3842, 3914), (3860, 3878, 3896));
5;0.909667968750000;3860;5;3.14;((3842, 3914), (3860, 3878, 3896));
5;0.909423828125000;3860;4;3.15;((3842, 3914), (3860, 3878, 3896));
5;0.909301757812500;3860;3;3.11;((3842, 3914), (3860, 3878, 3896));
5;0.909240722656250;3860;7;3.33;((3842, 3914), (3860, 3878, 3896));
5;0.909271240234375;3860;3;3.21;((3842, 3914), (3860, 3878, 3896));
5;0.909255981445312;3860;3;3.12;((3842, 3914), (3860, 3878, 3896));
5;0.909248352050781;3860;5;3.09;((3842, 3914), (3860, 3878, 3896));
5;0.909244537353516;3860;7;3.16;((3842, 3914), (3860, 3878, 3896));
5;0.909246444702148;3860;3;3.11;((3842, 3914), (3860, 3878, 3896));
5;0.909245491027832;3860;5;3.25;((3842, 3914), (3860, 3878, 3896));
5;0.500000000000000;3896;11;1.91;((3842, 3914), (3860, 3878, 3896));
5;0.750000000000000;3896;11;2.71;((3842, 3914), (3860, 3878, 3896));
5;0.875000000000000;3896;11;3.14;((3842, 3914), (3860, 3878, 3896));
5;0.937500000000000;3896;0;1.60;((3842, 3914), (3860, 3878, 3896));
5;0.906250000000000;3896;11;3.19;((3842, 3914), (3860, 3878, 3896));
5;0.921875000000000;3896;1;3.14;((3842, 3914), (3860, 3878, 3896));
5;0.914062500000000;3896;6;3.18;((3842, 3914), (3860, 3878, 3896));
5;0.917968750000000;3896;4;3.18;((3842, 3914), (3860, 3878, 3896));
5;0.916015625000000;3896;5;3.20;((3842, 3914), (3860, 3878, 3896));
5;0.915039062500000;3896;5;3.18;((3842, 3914), (3860, 3878, 3896));
5;0.914550781250000;3896;7;3.19;((3842, 3914), (3860, 3878, 3896));
5;0.914794921875000;3896;7;3.22;((3842, 3914), (3860, 3878, 3896));
5;0.914916992187500;3896;7;3.18;((3842, 3914), (3860, 3878, 3896));
5;0.914978027343750;3896;4;3.16;((3842, 3914), (3860, 3878, 3896));
5;0.914947509765625;3896;6;3.15;((3842, 3914), (3860, 3878, 3896));
5;0.914962768554688;3896;5;3.16;((3842, 3914), (3860, 3878, 3896));
5;0.914955139160156;3896;5;3.17;((3842, 3914), (3860, 3878, 3896));
5;0.914951324462891;3896;7;3.21;((3842, 3914), (3860, 3878, 3896));
5;0.914953231811523;3896;4;3.15;((3842, 3914), (3860, 3878, 3896));
5;0.914952278137207;3896;7;3.19;((3842, 3914), (3860, 3878, 3896));
