5;0.500000000000000;2875000;11;162.95;((0, 11500000), (2875000, 5750000, 8625000));
5;0.750000000000000;2875000;0;124.02;((0, 11500000), (2875000, 5750000, 8625000));
5;0.625000000000000;2875000;11;200.18;((0, 11500000), (2875000, 5750000, 8625000));
5;0.687500000000000;2875000;11;219.00;((0, 11500000), (2875000, 5750000, 8625000));
5;0.718750000000000;2875000;11;227.04;((0, 11500000), (2875000, 5750000, 8625000));
5;0.734375000000000;2875000;11;231.96;((0, 11500000), (2875000, 5750000, 8625000));
5;0.742187500000000;2875000;0;131.55;((0, 11500000), (2875000, 5750000, 8625000));
5;0.738281250000000;2875000;11;234.35;((0, 11500000), (2875000, 5750000, 8625000));
5;0.740234375000000;2875000;11;233.86;((0, 11500000), (2875000, 5750000, 8625000));
5;0.741210937500000;2875000;8;229.03;((0, 11500000), (2875000, 5750000, 8625000));
5;0.741699218750000;2875000;3;224.75;((0, 11500000), (2875000, 5750000, 8625000));
5;0.741455078125000;2875000;6;229.02;((0, 11500000), (2875000, 5750000, 8625000));
5;0.741577148437500;2875000;4;225.69;((0, 11500000), (2875000, 5750000, 8625000));
5;0.741516113281250;2875000;7;232.85;((0, 11500000), (2875000, 5750000, 8625000));
5;0.741546630859375;2875000;6;228.92;((0, 11500000), (2875000, 5750000, 8625000));
5;0.741561889648438;2875000;6;229.41;((0, 11500000), (2875000, 5750000, 8625000));
5;0.741569519042969;2875000;5;240.63;((0, 11500000), (2875000, 5750000, 8625000));
5;0.741565704345703;2875000;7;250.88;((0, 11500000), (2875000, 5750000, 8625000));
5;0.741567611694336;2875000;8;233.52;((0, 11500000), (2875000, 5750000, 8625000));
5;0.741568565368652;2875000;3;232.13;((0, 11500000), (2875000, 5750000, 8625000));
5;0.500000000000000;5750000;11;173.73;((0, 11500000), (2875000, 5750000, 8625000));
5;0.750000000000000;5750000;0;117.03;((0, 11500000), (2875000, 5750000, 8625000));
5;0.625000000000000;5750000;0;115.62;((0, 11500000), (2875000, 5750000, 8625000));
5;0.562500000000000;5750000;11;190.47;((0, 11500000), (2875000, 5750000, 8625000));
5;0.593750000000000;5750000;11;196.84;((0, 11500000), (2875000, 5750000, 8625000));
5;0.609375000000000;5750000;11;197.66;((0, 11500000), (2875000, 5750000, 8625000));
5;0.617187500000000;5750000;0;114.38;((0, 11500000), (2875000, 5750000, 8625000));
5;0.613281250000000;5750000;11;198.41;((0, 11500000), (2875000, 5750000, 8625000));
5;0.615234375000000;5750000;11;198.92;((0, 11500000), (2875000, 5750000, 8625000));
5;0.616210937500000;5750000;0;115.00;((0, 11500000), (2875000, 5750000, 8625000));
5;0.615722656250000;5750000;11;199.21;((0, 11500000), (2875000, 5750000, 8625000));
5;0.615966796875000;5750000;5;193.27;((0, 11500000), (2875000, 5750000, 8625000));
5;0.615844726562500;5750000;8;194.43;((0, 11500000), (2875000, 5750000, 8625000));
5;0.615905761718750;5750000;6;195.04;((0, 11500000), (2875000, 5750000, 8625000));
5;0.615936279296875;5750000;7;194.01;((0, 11500000), (2875000, 5750000, 8625000));
5;0.615951538085938;5750000;6;193.75;((0, 11500000), (2875000, 5750000, 8625000));
5;0.615959167480469;5750000;4;192.30;((0, 11500000), (2875000, 5750000, 8625000));
5;0.615955352783203;5750000;4;191.88;((0, 11500000), (2875000, 5750000, 8625000));
5;0.615953445434570;5750000;6;195.70;((0, 11500000), (2875000, 5750000, 8625000));
5;0.615954399108887;5750000;4;191.65;((0, 11500000), (2875000, 5750000, 8625000));
5;0.500000000000000;8625000;11;163.52;((0, 11500000), (2875000, 5750000, 8625000));
5;0.750000000000000;8625000;0;108.28;((0, 11500000), (2875000, 5750000, 8625000));
5;0.625000000000000;8625000;0;105.84;((0, 11500000), (2875000, 5750000, 8625000));
5;0.562500000000000;8625000;11;185.53;((0, 11500000), (2875000, 5750000, 8625000));
5;0.593750000000000;8625000;11;191.47;((0, 11500000), (2875000, 5750000, 8625000));
5;0.609375000000000;8625000;0;108.30;((0, 11500000), (2875000, 5750000, 8625000));
5;0.601562500000000;8625000;11;194.02;((0, 11500000), (2875000, 5750000, 8625000));
5;0.605468750000000;8625000;11;194.91;((0, 11500000), (2875000, 5750000, 8625000));
5;0.607421875000000;8625000;4;189.02;((0, 11500000), (2875000, 5750000, 8625000));
5;0.606445312500000;8625000;11;195.13;((0, 11500000), (2875000, 5750000, 8625000));
5;0.606933593750000;8625000;11;202.25;((0, 11500000), (2875000, 5750000, 8625000));
5;0.607177734375000;8625000;10;195.42;((0, 11500000), (2875000, 5750000, 8625000));
5;0.607299804687500;8625000;7;191.35;((0, 11500000), (2875000, 5750000, 8625000));
5;0.607360839843750;8625000;8;191.77;((0, 11500000), (2875000, 5750000, 8625000));
5;0.607391357421875;8625000;6;191.20;((0, 11500000), (2875000, 5750000, 8625000));
5;0.607406616210938;8625000;7;190.80;((0, 11500000), (2875000, 5750000, 8625000));
5;0.607414245605469;8625000;4;189.91;((0, 11500000), (2875000, 5750000, 8625000));
5;0.607410430908203;8625000;4;188.53;((0, 11500000), (2875000, 5750000, 8625000));
5;0.607408523559570;8625000;6;229.45;((0, 11500000), (2875000, 5750000, 8625000));
5;0.607409477233887;8625000;4;188.37;((0, 11500000), (2875000, 5750000, 8625000));
5;0.500000000000000;1437500;11;161.73;((0, 5750000), (1437500, 2875000, 4312500));
5;0.750000000000000;1437500;11;234.64;((0, 5750000), (1437500, 2875000, 4312500));
5;0.875000000000000;1437500;0;125.08;((0, 5750000), (1437500, 2875000, 4312500));
5;0.812500000000000;1437500;11;254.40;((0, 5750000), (1437500, 2875000, 4312500));
5;0.843750000000000;1437500;11;263.57;((0, 5750000), (1437500, 2875000, 4312500));
5;0.859375000000000;1437500;11;267.46;((0, 5750000), (1437500, 2875000, 4312500));
5;0.867187500000000;1437500;0;127.09;((0, 5750000), (1437500, 2875000, 4312500));
5;0.863281250000000;1437500;1;251.48;((0, 5750000), (1437500, 2875000, 4312500));
5;0.861328125000000;1437500;11;267.83;((0, 5750000), (1437500, 2875000, 4312500));
5;0.862304687500000;1437500;10;267.22;((0, 5750000), (1437500, 2875000, 4312500));
5;0.862792968750000;1437500;5;259.92;((0, 5750000), (1437500, 2875000, 4312500));
5;0.862548828125000;1437500;10;270.30;((0, 5750000), (1437500, 2875000, 4312500));
5;0.862670898437500;1437500;9;285.30;((0, 5750000), (1437500, 2875000, 4312500));
5;0.862731933593750;1437500;10;284.62;((0, 5750000), (1437500, 2875000, 4312500));
5;0.862762451171875;1437500;9;266.35;((0, 5750000), (1437500, 2875000, 4312500));
5;0.862777709960938;1437500;8;264.13;((0, 5750000), (1437500, 2875000, 4312500));
5;0.862785339355469;1437500;8;263.99;((0, 5750000), (1437500, 2875000, 4312500));
5;0.862789154052734;1437500;5;261.25;((0, 5750000), (1437500, 2875000, 4312500));
5;0.862787246704102;1437500;7;262.55;((0, 5750000), (1437500, 2875000, 4312500));
5;0.862788200378418;1437500;6;261.41;((0, 5750000), (1437500, 2875000, 4312500));
5;0.500000000000000;4312500;11;163.46;((0, 5750000), (1437500, 2875000, 4312500));
5;0.750000000000000;4312500;0;115.55;((0, 5750000), (1437500, 2875000, 4312500));
5;0.625000000000000;4312500;11;200.79;((0, 5750000), (1437500, 2875000, 4312500));
5;0.687500000000000;4312500;0;115.26;((0, 5750000), (1437500, 2875000, 4312500));
5;0.656250000000000;4312500;0;117.84;((0, 5750000), (1437500, 2875000, 4312500));
5;0.640625000000000;4312500;11;206.31;((0, 5750000), (1437500, 2875000, 4312500));
5;0.648437500000000;4312500;11;208.99;((0, 5750000), (1437500, 2875000, 4312500));
5;0.652343750000000;4312500;0;118.71;((0, 5750000), (1437500, 2875000, 4312500));
5;0.650390625000000;4312500;0;120.23;((0, 5750000), (1437500, 2875000, 4312500));
5;0.649414062500000;4312500;0;120.81;((0, 5750000), (1437500, 2875000, 4312500));
5;0.648925781250000;4312500;5;200.95;((0, 5750000), (1437500, 2875000, 4312500));
5;0.648681640625000;4312500;8;204.14;((0, 5750000), (1437500, 2875000, 4312500));
5;0.648803710937500;4312500;5;209.74;((0, 5750000), (1437500, 2875000, 4312500));
5;0.648742675781250;4312500;10;206.82;((0, 5750000), (1437500, 2875000, 4312500));
5;0.648773193359375;4312500;11;208.72;((0, 5750000), (1437500, 2875000, 4312500));
5;0.648788452148438;4312500;7;203.76;((0, 5750000), (1437500, 2875000, 4312500));
5;0.648796081542969;4312500;8;203.43;((0, 5750000), (1437500, 2875000, 4312500));
5;0.648799896240234;4312500;7;203.60;((0, 5750000), (1437500, 2875000, 4312500));
5;0.648801803588867;4312500;3;199.30;((0, 5750000), (1437500, 2875000, 4312500));
5;0.648800849914551;4312500;5;202.48;((0, 5750000), (1437500, 2875000, 4312500));
5;0.500000000000000;718750;11;160.82;((0, 2875000), (718750, 1437500, 2156250));
5;0.750000000000000;718750;11;233.06;((0, 2875000), (718750, 1437500, 2156250));
5;0.875000000000000;718750;11;270.86;((0, 2875000), (718750, 1437500, 2156250));
5;0.937500000000000;718750;0;125.30;((0, 2875000), (718750, 1437500, 2156250));
5;0.906250000000000;718750;11;281.90;((0, 2875000), (718750, 1437500, 2156250));
5;0.921875000000000;718750;11;286.78;((0, 2875000), (718750, 1437500, 2156250));
5;0.929687500000000;718750;0;125.38;((0, 2875000), (718750, 1437500, 2156250));
5;0.925781250000000;718750;0;130.40;((0, 2875000), (718750, 1437500, 2156250));
5;0.923828125000000;718750;0;173.75;((0, 2875000), (718750, 1437500, 2156250));
5;0.922851562500000;718750;8;279.44;((0, 2875000), (718750, 1437500, 2156250));
5;0.923339843750000;718750;2;269.45;((0, 2875000), (718750, 1437500, 2156250));
5;0.923095703125000;718750;6;280.38;((0, 2875000), (718750, 1437500, 2156250));
5;0.923217773437500;718750;4;273.72;((0, 2875000), (718750, 1437500, 2156250));
5;0.923156738281250;718750;2;270.59;((0, 2875000), (718750, 1437500, 2156250));
5;0.923126220703125;718750;7;278.58;((0, 2875000), (718750, 1437500, 2156250));
5;0.923141479492188;718750;5;275.89;((0, 2875000), (718750, 1437500, 2156250));
5;0.923133850097656;718750;4;274.96;((0, 2875000), (718750, 1437500, 2156250));
5;0.923130035400391;718750;2;268.87;((0, 2875000), (718750, 1437500, 2156250));
5;0.923128128051758;718750;4;273.93;((0, 2875000), (718750, 1437500, 2156250));
5;0.923127174377441;718750;6;277.18;((0, 2875000), (718750, 1437500, 2156250));
5;0.500000000000000;2156250;11;163.22;((0, 2875000), (718750, 1437500, 2156250));
5;0.750000000000000;2156250;11;235.05;((0, 2875000), (718750, 1437500, 2156250));
5;0.875000000000000;2156250;0;123.41;((0, 2875000), (718750, 1437500, 2156250));
5;0.812500000000000;2156250;0;124.30;((0, 2875000), (718750, 1437500, 2156250));
5;0.781250000000000;2156250;11;245.53;((0, 2875000), (718750, 1437500, 2156250));
5;0.796875000000000;2156250;11;251.01;((0, 2875000), (718750, 1437500, 2156250));
5;0.804687500000000;2156250;0;127.62;((0, 2875000), (718750, 1437500, 2156250));
5;0.800781250000000;2156250;11;252.15;((0, 2875000), (718750, 1437500, 2156250));
5;0.802734375000000;2156250;0;138.02;((0, 2875000), (718750, 1437500, 2156250));
5;0.801757812500000;2156250;6;244.35;((0, 2875000), (718750, 1437500, 2156250));
5;0.802246093750000;2156250;3;240.39;((0, 2875000), (718750, 1437500, 2156250));
5;0.802001953125000;2156250;8;245.67;((0, 2875000), (718750, 1437500, 2156250));
5;0.802124023437500;2156250;5;242.16;((0, 2875000), (718750, 1437500, 2156250));
5;0.802062988281250;2156250;8;248.75;((0, 2875000), (718750, 1437500, 2156250));
5;0.802093505859375;2156250;5;242.24;((0, 2875000), (718750, 1437500, 2156250));
5;0.802078247070312;2156250;8;246.80;((0, 2875000), (718750, 1437500, 2156250));
5;0.802085876464844;2156250;6;246.18;((0, 2875000), (718750, 1437500, 2156250));
5;0.802089691162109;2156250;8;246.12;((0, 2875000), (718750, 1437500, 2156250));
5;0.802091598510742;2156250;3;241.01;((0, 2875000), (718750, 1437500, 2156250));
5;0.802090644836426;2156250;5;244.00;((0, 2875000), (718750, 1437500, 2156250));
5;0.500000000000000;359375;11;160.08;((0, 1437500), (359375, 718750, 1078125));
5;0.750000000000000;359375;11;235.99;((0, 1437500), (359375, 718750, 1078125));
5;0.875000000000000;359375;11;267.65;((0, 1437500), (359375, 718750, 1078125));
5;0.937500000000000;359375;11;288.16;((0, 1437500), (359375, 718750, 1078125));
5;0.968750000000000;359375;0;124.27;((0, 1437500), (359375, 718750, 1078125));
5;0.953125000000000;359375;11;292.79;((0, 1437500), (359375, 718750, 1078125));
5;0.960937500000000;359375;0;127.74;((0, 1437500), (359375, 718750, 1078125));
5;0.957031250000000;359375;1;270.83;((0, 1437500), (359375, 718750, 1078125));
5;0.955078125000000;359375;10;289.34;((0, 1437500), (359375, 718750, 1078125));
5;0.956054687500000;359375;8;288.88;((0, 1437500), (359375, 718750, 1078125));
5;0.956542968750000;359375;3;278.72;((0, 1437500), (359375, 718750, 1078125));
5;0.956298828125000;359375;2;278.40;((0, 1437500), (359375, 718750, 1078125));
5;0.956176757812500;359375;8;351.25;((0, 1437500), (359375, 718750, 1078125));
5;0.956237792968750;359375;1;275.66;((0, 1437500), (359375, 718750, 1078125));
5;0.956207275390625;359375;6;284.54;((0, 1437500), (359375, 718750, 1078125));
5;0.956222534179688;359375;6;284.85;((0, 1437500), (359375, 718750, 1078125));
5;0.956230163574219;359375;3;278.47;((0, 1437500), (359375, 718750, 1078125));
5;0.956226348876953;359375;3;280.76;((0, 1437500), (359375, 718750, 1078125));
5;0.956224441528320;359375;5;283.93;((0, 1437500), (359375, 718750, 1078125));
5;0.956223487854004;359375;2;278.11;((0, 1437500), (359375, 718750, 1078125));
5;0.500000000000000;1078125;11;166.74;((0, 1437500), (359375, 718750, 1078125));
5;0.750000000000000;1078125;11;234.26;((0, 1437500), (359375, 718750, 1078125));
5;0.875000000000000;1078125;11;270.20;((0, 1437500), (359375, 718750, 1078125));
5;0.937500000000000;1078125;0;124.98;((0, 1437500), (359375, 718750, 1078125));
5;0.906250000000000;1078125;0;125.15;((0, 1437500), (359375, 718750, 1078125));
5;0.890625000000000;1078125;11;277.83;((0, 1437500), (359375, 718750, 1078125));
5;0.898437500000000;1078125;0;150.11;((0, 1437500), (359375, 718750, 1078125));
5;0.894531250000000;1078125;11;276.45;((0, 1437500), (359375, 718750, 1078125));
5;0.896484375000000;1078125;11;280.15;((0, 1437500), (359375, 718750, 1078125));
5;0.897460937500000;1078125;5;269.51;((0, 1437500), (359375, 718750, 1078125));
5;0.896972656250000;1078125;11;278.69;((0, 1437500), (359375, 718750, 1078125));
5;0.897216796875000;1078125;8;280.56;((0, 1437500), (359375, 718750, 1078125));
5;0.897338867187500;1078125;3;267.05;((0, 1437500), (359375, 718750, 1078125));
5;0.897277832031250;1078125;4;268.54;((0, 1437500), (359375, 718750, 1078125));
5;0.897247314453125;1078125;7;272.29;((0, 1437500), (359375, 718750, 1078125));
5;0.897262573242188;1078125;5;269.71;((0, 1437500), (359375, 718750, 1078125));
5;0.897254943847656;1078125;3;265.39;((0, 1437500), (359375, 718750, 1078125));
5;0.897251129150391;1078125;6;270.59;((0, 1437500), (359375, 718750, 1078125));
5;0.897253036499023;1078125;6;270.47;((0, 1437500), (359375, 718750, 1078125));
5;0.897253990173340;1078125;7;274.38;((0, 1437500), (359375, 718750, 1078125));
5;0.500000000000000;179687;11;159.47;((0, 718750), (179687, 359374, 539061));
5;0.750000000000000;179687;11;230.63;((0, 718750), (179687, 359374, 539061));
5;0.875000000000000;179687;11;267.17;((0, 718750), (179687, 359374, 539061));
5;0.937500000000000;179687;11;285.99;((0, 718750), (179687, 359374, 539061));
5;0.968750000000000;179687;5;283.10;((0, 718750), (179687, 359374, 539061));
5;0.953125000000000;179687;11;290.68;((0, 718750), (179687, 359374, 539061));
5;0.960937500000000;179687;11;292.45;((0, 718750), (179687, 359374, 539061));
5;0.964843750000000;179687;11;292.62;((0, 718750), (179687, 359374, 539061));
5;0.966796875000000;179687;11;314.93;((0, 718750), (179687, 359374, 539061));
5;0.967773437500000;179687;9;287.85;((0, 718750), (179687, 359374, 539061));
5;0.968261718750000;179687;9;289.87;((0, 718750), (179687, 359374, 539061));
5;0.968505859375000;179687;9;293.21;((0, 718750), (179687, 359374, 539061));
5;0.968627929687500;179687;7;286.49;((0, 718750), (179687, 359374, 539061));
5;0.968688964843750;179687;6;285.59;((0, 718750), (179687, 359374, 539061));
5;0.968719482421875;179687;6;286.87;((0, 718750), (179687, 359374, 539061));
5;0.968734741210938;179687;2;276.68;((0, 718750), (179687, 359374, 539061));
5;0.968727111816406;179687;5;283.12;((0, 718750), (179687, 359374, 539061));
5;0.968723297119141;179687;4;285.58;((0, 718750), (179687, 359374, 539061));
5;0.968721389770508;179687;4;283.21;((0, 718750), (179687, 359374, 539061));
5;0.968720436096191;179687;4;282.17;((0, 718750), (179687, 359374, 539061));
5;0.500000000000000;359374;11;165.82;((0, 718750), (179687, 359374, 539061));
5;0.750000000000000;359374;11;232.71;((0, 718750), (179687, 359374, 539061));
5;0.875000000000000;359374;11;268.03;((0, 718750), (179687, 359374, 539061));
5;0.937500000000000;359374;11;287.02;((0, 718750), (179687, 359374, 539061));
5;0.968750000000000;359374;0;125.58;((0, 718750), (179687, 359374, 539061));
5;0.953125000000000;359374;0;168.70;((0, 718750), (179687, 359374, 539061));
5;0.945312500000000;359374;11;292.70;((0, 718750), (179687, 359374, 539061));
5;0.949218750000000;359374;11;357.37;((0, 718750), (179687, 359374, 539061));
5;0.951171875000000;359374;7;292.46;((0, 718750), (179687, 359374, 539061));
5;0.952148437500000;359374;3;286.45;((0, 718750), (179687, 359374, 539061));
5;0.951660156250000;359374;3;283.31;((0, 718750), (179687, 359374, 539061));
5;0.951416015625000;359374;9;292.94;((0, 718750), (179687, 359374, 539061));
5;0.951538085937500;359374;9;291.82;((0, 718750), (179687, 359374, 539061));
5;0.951599121093750;359374;5;294.05;((0, 718750), (179687, 359374, 539061));
5;0.951568603515625;359374;6;286.98;((0, 718750), (179687, 359374, 539061));
5;0.951583862304688;359374;3;286.04;((0, 718750), (179687, 359374, 539061));
5;0.951576232910156;359374;5;287.33;((0, 718750), (179687, 359374, 539061));
5;0.951572418212891;359374;5;288.94;((0, 718750), (179687, 359374, 539061));
5;0.951570510864258;359374;8;291.20;((0, 718750), (179687, 359374, 539061));
5;0.951571464538574;359374;4;286.44;((0, 718750), (179687, 359374, 539061));
5;0.500000000000000;539061;11;167.44;((0, 718750), (179687, 359374, 539061));
5;0.750000000000000;539061;11;242.90;((0, 718750), (179687, 359374, 539061));
5;0.875000000000000;539061;11;281.98;((0, 718750), (179687, 359374, 539061));
5;0.937500000000000;539061;11;299.50;((0, 718750), (179687, 359374, 539061));
5;0.968750000000000;539061;0;128.21;((0, 718750), (179687, 359374, 539061));
5;0.953125000000000;539061;0;127.74;((0, 718750), (179687, 359374, 539061));
5;0.945312500000000;539061;0;131.71;((0, 718750), (179687, 359374, 539061));
5;0.941406250000000;539061;9;290.20;((0, 718750), (179687, 359374, 539061));
5;0.943359375000000;539061;0;153.48;((0, 718750), (179687, 359374, 539061));
5;0.942382812500000;539061;4;283.23;((0, 718750), (179687, 359374, 539061));
5;0.941894531250000;539061;7;289.87;((0, 718750), (179687, 359374, 539061));
5;0.942138671875000;539061;7;285.32;((0, 718750), (179687, 359374, 539061));
5;0.942260742187500;539061;2;282.21;((0, 718750), (179687, 359374, 539061));
5;0.942199707031250;539061;2;280.47;((0, 718750), (179687, 359374, 539061));
5;0.942169189453125;539061;3;283.61;((0, 718750), (179687, 359374, 539061));
5;0.942153930664062;539061;5;287.45;((0, 718750), (179687, 359374, 539061));
5;0.942146301269531;539061;2;284.11;((0, 718750), (179687, 359374, 539061));
5;0.942142486572266;539061;4;285.95;((0, 718750), (179687, 359374, 539061));
5;0.942140579223633;539061;2;280.09;((0, 718750), (179687, 359374, 539061));
5;0.942139625549316;539061;4;284.26;((0, 718750), (179687, 359374, 539061));
5;0.500000000000000;89843;11;164.67;((0, 359374), (89843, 179686, 269529));
5;0.750000000000000;89843;11;238.73;((0, 359374), (89843, 179686, 269529));
5;0.875000000000000;89843;11;276.04;((0, 359374), (89843, 179686, 269529));
5;0.937500000000000;89843;11;293.55;((0, 359374), (89843, 179686, 269529));
5;0.968750000000000;89843;11;305.49;((0, 359374), (89843, 179686, 269529));
5;0.984375000000000;89843;0;125.86;((0, 359374), (89843, 179686, 269529));
5;0.976562500000000;89843;0;144.03;((0, 359374), (89843, 179686, 269529));
5;0.972656250000000;89843;1;288.85;((0, 359374), (89843, 179686, 269529));
5;0.970703125000000;89843;9;290.74;((0, 359374), (89843, 179686, 269529));
5;0.971679687500000;89843;4;289.29;((0, 359374), (89843, 179686, 269529));
5;0.971191406250000;89843;8;294.16;((0, 359374), (89843, 179686, 269529));
5;0.971435546875000;89843;6;292.21;((0, 359374), (89843, 179686, 269529));
5;0.971557617187500;89843;8;292.67;((0, 359374), (89843, 179686, 269529));
5;0.971618652343750;89843;4;290.51;((0, 359374), (89843, 179686, 269529));
5;0.971588134765625;89843;7;292.82;((0, 359374), (89843, 179686, 269529));
5;0.971603393554688;89843;4;290.28;((0, 359374), (89843, 179686, 269529));
5;0.971595764160156;89843;7;292.06;((0, 359374), (89843, 179686, 269529));
5;0.971599578857422;89843;4;289.73;((0, 359374), (89843, 179686, 269529));
5;0.971597671508789;89843;4;289.05;((0, 359374), (89843, 179686, 269529));
5;0.971596717834473;89843;5;288.19;((0, 359374), (89843, 179686, 269529));
5;0.500000000000000;179686;11;164.50;((0, 359374), (89843, 179686, 269529));
5;0.750000000000000;179686;11;241.89;((0, 359374), (89843, 179686, 269529));
5;0.875000000000000;179686;11;279.00;((0, 359374), (89843, 179686, 269529));
5;0.937500000000000;179686;11;296.66;((0, 359374), (89843, 179686, 269529));
5;0.968750000000000;179686;4;287.54;((0, 359374), (89843, 179686, 269529));
5;0.953125000000000;179686;11;303.22;((0, 359374), (89843, 179686, 269529));
5;0.960937500000000;179686;11;304.47;((0, 359374), (89843, 179686, 269529));
5;0.964843750000000;179686;11;305.02;((0, 359374), (89843, 179686, 269529));
5;0.966796875000000;179686;11;307.99;((0, 359374), (89843, 179686, 269529));
5;0.967773437500000;179686;7;294.43;((0, 359374), (89843, 179686, 269529));
5;0.968261718750000;179686;7;296.85;((0, 359374), (89843, 179686, 269529));
5;0.968505859375000;179686;6;297.48;((0, 359374), (89843, 179686, 269529));
5;0.968627929687500;179686;4;287.50;((0, 359374), (89843, 179686, 269529));
5;0.968566894531250;179686;2;288.87;((0, 359374), (89843, 179686, 269529));
5;0.968536376953125;179686;5;292.15;((0, 359374), (89843, 179686, 269529));
5;0.968521118164062;179686;4;293.09;((0, 359374), (89843, 179686, 269529));
5;0.968513488769531;179686;7;298.69;((0, 359374), (89843, 179686, 269529));
5;0.968517303466797;179686;5;294.64;((0, 359374), (89843, 179686, 269529));
5;0.968515396118164;179686;5;292.85;((0, 359374), (89843, 179686, 269529));
5;0.968514442443848;179686;6;289.02;((0, 359374), (89843, 179686, 269529));
5;0.500000000000000;269529;11;171.33;((0, 359374), (89843, 179686, 269529));
5;0.750000000000000;269529;11;239.69;((0, 359374), (89843, 179686, 269529));
5;0.875000000000000;269529;11;277.37;((0, 359374), (89843, 179686, 269529));
5;0.937500000000000;269529;11;306.02;((0, 359374), (89843, 179686, 269529));
5;0.968750000000000;269529;0;127.53;((0, 359374), (89843, 179686, 269529));
5;0.953125000000000;269529;11;303.55;((0, 359374), (89843, 179686, 269529));
5;0.960937500000000;269529;11;310.87;((0, 359374), (89843, 179686, 269529));
5;0.964843750000000;269529;0;154.85;((0, 359374), (89843, 179686, 269529));
5;0.962890625000000;269529;4;291.42;((0, 359374), (89843, 179686, 269529));
5;0.961914062500000;269529;11;309.48;((0, 359374), (89843, 179686, 269529));
5;0.962402343750000;269529;5;292.03;((0, 359374), (89843, 179686, 269529));
5;0.962158203125000;269529;10;298.97;((0, 359374), (89843, 179686, 269529));
5;0.962280273437500;269529;7;292.15;((0, 359374), (89843, 179686, 269529));
5;0.962341308593750;269529;7;290.69;((0, 359374), (89843, 179686, 269529));
5;0.962371826171875;269529;9;293.56;((0, 359374), (89843, 179686, 269529));
5;0.962387084960938;269529;10;297.75;((0, 359374), (89843, 179686, 269529));
5;0.962394714355469;269529;9;296.26;((0, 359374), (89843, 179686, 269529));
5;0.962398529052734;269529;9;297.12;((0, 359374), (89843, 179686, 269529));
5;0.962400436401367;269529;5;291.67;((0, 359374), (89843, 179686, 269529));
5;0.962399482727051;269529;4;287.63;((0, 359374), (89843, 179686, 269529));
5;0.500000000000000;44921;11;164.13;((0, 179686), (44921, 89842, 134763));
5;0.750000000000000;44921;11;237.22;((0, 179686), (44921, 89842, 134763));
5;0.875000000000000;44921;11;271.99;((0, 179686), (44921, 89842, 134763));
5;0.937500000000000;44921;11;293.18;((0, 179686), (44921, 89842, 134763));
5;0.968750000000000;44921;3;280.23;((0, 179686), (44921, 89842, 134763));
5;0.953125000000000;44921;11;295.28;((0, 179686), (44921, 89842, 134763));
5;0.960937500000000;44921;11;295.99;((0, 179686), (44921, 89842, 134763));
5;0.964843750000000;44921;10;294.73;((0, 179686), (44921, 89842, 134763));
5;0.966796875000000;44921;9;302.67;((0, 179686), (44921, 89842, 134763));
5;0.967773437500000;44921;8;288.06;((0, 179686), (44921, 89842, 134763));
5;0.968261718750000;44921;9;289.30;((0, 179686), (44921, 89842, 134763));
5;0.968505859375000;44921;5;287.08;((0, 179686), (44921, 89842, 134763));
5;0.968383789062500;44921;5;288.48;((0, 179686), (44921, 89842, 134763));
5;0.968322753906250;44921;8;293.78;((0, 179686), (44921, 89842, 134763));
5;0.968353271484375;44921;5;284.14;((0, 179686), (44921, 89842, 134763));
5;0.968338012695312;44921;9;287.59;((0, 179686), (44921, 89842, 134763));
5;0.968345642089844;44921;7;289.03;((0, 179686), (44921, 89842, 134763));
5;0.968349456787109;44921;7;286.46;((0, 179686), (44921, 89842, 134763));
5;0.968351364135742;44921;7;287.64;((0, 179686), (44921, 89842, 134763));
5;0.968352317810059;44921;7;291.10;((0, 179686), (44921, 89842, 134763));
5;0.500000000000000;89842;11;165.11;((0, 179686), (44921, 89842, 134763));
5;0.750000000000000;89842;11;243.63;((0, 179686), (44921, 89842, 134763));
5;0.875000000000000;89842;11;278.50;((0, 179686), (44921, 89842, 134763));
5;0.937500000000000;89842;11;296.20;((0, 179686), (44921, 89842, 134763));
5;0.968750000000000;89842;0;190.84;((0, 179686), (44921, 89842, 134763));
5;0.953125000000000;89842;11;301.93;((0, 179686), (44921, 89842, 134763));
5;0.960937500000000;89842;11;303.48;((0, 179686), (44921, 89842, 134763));
5;0.964843750000000;89842;9;293.08;((0, 179686), (44921, 89842, 134763));
5;0.966796875000000;89842;3;283.36;((0, 179686), (44921, 89842, 134763));
5;0.965820312500000;89842;9;291.08;((0, 179686), (44921, 89842, 134763));
5;0.966308593750000;89842;5;287.12;((0, 179686), (44921, 89842, 134763));
5;0.966064453125000;89842;6;288.59;((0, 179686), (44921, 89842, 134763));
5;0.966186523437500;89842;6;293.62;((0, 179686), (44921, 89842, 134763));
5;0.966247558593750;89842;6;291.73;((0, 179686), (44921, 89842, 134763));
5;0.966278076171875;89842;5;286.67;((0, 179686), (44921, 89842, 134763));
5;0.966262817382812;89842;7;291.26;((0, 179686), (44921, 89842, 134763));
5;0.966270446777344;89842;8;288.39;((0, 179686), (44921, 89842, 134763));
5;0.966274261474609;89842;7;293.65;((0, 179686), (44921, 89842, 134763));
5;0.966276168823242;89842;7;290.47;((0, 179686), (44921, 89842, 134763));
5;0.966277122497559;89842;9;291.18;((0, 179686), (44921, 89842, 134763));
5;0.500000000000000;134763;11;165.03;((0, 179686), (44921, 89842, 134763));
5;0.750000000000000;134763;11;246.82;((0, 179686), (44921, 89842, 134763));
5;0.875000000000000;134763;11;277.20;((0, 179686), (44921, 89842, 134763));
5;0.937500000000000;134763;11;296.82;((0, 179686), (44921, 89842, 134763));
5;0.968750000000000;134763;11;306.71;((0, 179686), (44921, 89842, 134763));
5;0.984375000000000;134763;0;126.97;((0, 179686), (44921, 89842, 134763));
5;0.976562500000000;134763;0;128.03;((0, 179686), (44921, 89842, 134763));
5;0.972656250000000;134763;0;163.49;((0, 179686), (44921, 89842, 134763));
5;0.970703125000000;134763;5;290.16;((0, 179686), (44921, 89842, 134763));
5;0.969726562500000;134763;7;290.43;((0, 179686), (44921, 89842, 134763));
5;0.970214843750000;134763;7;295.46;((0, 179686), (44921, 89842, 134763));
5;0.970458984375000;134763;8;298.44;((0, 179686), (44921, 89842, 134763));
5;0.970581054687500;134763;4;291.68;((0, 179686), (44921, 89842, 134763));
5;0.970520019531250;134763;5;295.09;((0, 179686), (44921, 89842, 134763));
5;0.970489501953125;134763;5;293.98;((0, 179686), (44921, 89842, 134763));
5;0.970474243164062;134763;6;289.35;((0, 179686), (44921, 89842, 134763));
5;0.970481872558594;134763;2;289.99;((0, 179686), (44921, 89842, 134763));
5;0.970478057861328;134763;7;290.37;((0, 179686), (44921, 89842, 134763));
5;0.970479965209961;134763;8;293.52;((0, 179686), (44921, 89842, 134763));
5;0.970480918884277;134763;7;294.52;((0, 179686), (44921, 89842, 134763));
5;0.500000000000000;112303;11;161.48;((89842, 179686), (112303, 134764, 157225));
5;0.750000000000000;112303;11;235.44;((89842, 179686), (112303, 134764, 157225));
5;0.875000000000000;112303;11;273.46;((89842, 179686), (112303, 134764, 157225));
5;0.937500000000000;112303;11;288.82;((89842, 179686), (112303, 134764, 157225));
5;0.968750000000000;112303;11;299.29;((89842, 179686), (112303, 134764, 157225));
5;0.984375000000000;112303;0;126.23;((89842, 179686), (112303, 134764, 157225));
5;0.976562500000000;112303;0;131.98;((89842, 179686), (112303, 134764, 157225));
5;0.972656250000000;112303;0;178.95;((89842, 179686), (112303, 134764, 157225));
5;0.970703125000000;112303;8;302.67;((89842, 179686), (112303, 134764, 157225));
5;0.971679687500000;112303;5;288.43;((89842, 179686), (112303, 134764, 157225));
5;0.971191406250000;112303;6;296.22;((89842, 179686), (112303, 134764, 157225));
5;0.971435546875000;112303;3;288.71;((89842, 179686), (112303, 134764, 157225));
5;0.971313476562500;112303;1;285.41;((89842, 179686), (112303, 134764, 157225));
5;0.971252441406250;112303;4;288.77;((89842, 179686), (112303, 134764, 157225));
5;0.971221923828125;112303;4;289.51;((89842, 179686), (112303, 134764, 157225));
5;0.971206665039062;112303;9;292.44;((89842, 179686), (112303, 134764, 157225));
5;0.971214294433594;112303;4;289.07;((89842, 179686), (112303, 134764, 157225));
5;0.971210479736328;112303;5;289.04;((89842, 179686), (112303, 134764, 157225));
5;0.971208572387695;112303;5;290.78;((89842, 179686), (112303, 134764, 157225));
5;0.971207618713379;112303;7;296.01;((89842, 179686), (112303, 134764, 157225));
5;0.500000000000000;134764;11;170.01;((89842, 179686), (112303, 134764, 157225));
5;0.750000000000000;134764;11;235.27;((89842, 179686), (112303, 134764, 157225));
5;0.875000000000000;134764;11;272.96;((89842, 179686), (112303, 134764, 157225));
5;0.937500000000000;134764;11;294.31;((89842, 179686), (112303, 134764, 157225));
5;0.968750000000000;134764;0;161.05;((89842, 179686), (112303, 134764, 157225));
5;0.953125000000000;134764;11;295.94;((89842, 179686), (112303, 134764, 157225));
5;0.960937500000000;134764;11;298.18;((89842, 179686), (112303, 134764, 157225));
5;0.964843750000000;134764;11;300.05;((89842, 179686), (112303, 134764, 157225));
5;0.966796875000000;134764;1;283.07;((89842, 179686), (112303, 134764, 157225));
5;0.965820312500000;134764;5;288.88;((89842, 179686), (112303, 134764, 157225));
5;0.965332031250000;134764;6;291.80;((89842, 179686), (112303, 134764, 157225));
5;0.965576171875000;134764;6;288.73;((89842, 179686), (112303, 134764, 157225));
5;0.965698242187500;134764;5;288.51;((89842, 179686), (112303, 134764, 157225));
5;0.965637207031250;134764;7;294.50;((89842, 179686), (112303, 134764, 157225));
5;0.965667724609375;134764;6;288.52;((89842, 179686), (112303, 134764, 157225));
5;0.965682983398438;134764;5;287.87;((89842, 179686), (112303, 134764, 157225));
5;0.965675354003906;134764;7;289.80;((89842, 179686), (112303, 134764, 157225));
5;0.965679168701172;134764;9;291.49;((89842, 179686), (112303, 134764, 157225));
5;0.965681076049805;134764;7;291.84;((89842, 179686), (112303, 134764, 157225));
5;0.965682029724121;134764;4;286.79;((89842, 179686), (112303, 134764, 157225));
5;0.500000000000000;157225;11;162.93;((89842, 179686), (112303, 134764, 157225));
5;0.750000000000000;157225;11;234.95;((89842, 179686), (112303, 134764, 157225));
5;0.875000000000000;157225;11;272.36;((89842, 179686), (112303, 134764, 157225));
5;0.937500000000000;157225;11;290.70;((89842, 179686), (112303, 134764, 157225));
5;0.968750000000000;157225;9;292.52;((89842, 179686), (112303, 134764, 157225));
5;0.984375000000000;157225;0;126.68;((89842, 179686), (112303, 134764, 157225));
5;0.976562500000000;157225;0;127.03;((89842, 179686), (112303, 134764, 157225));
5;0.972656250000000;157225;0;161.31;((89842, 179686), (112303, 134764, 157225));
5;0.970703125000000;157225;1;286.50;((89842, 179686), (112303, 134764, 157225));
5;0.969726562500000;157225;4;289.14;((89842, 179686), (112303, 134764, 157225));
5;0.969238281250000;157225;9;297.38;((89842, 179686), (112303, 134764, 157225));
5;0.969482421875000;157225;7;294.45;((89842, 179686), (112303, 134764, 157225));
5;0.969604492187500;157225;7;293.83;((89842, 179686), (112303, 134764, 157225));
5;0.969665527343750;157225;4;290.94;((89842, 179686), (112303, 134764, 157225));
5;0.969635009765625;157225;7;294.33;((89842, 179686), (112303, 134764, 157225));
5;0.969650268554688;157225;8;293.43;((89842, 179686), (112303, 134764, 157225));
5;0.969657897949219;157225;5;293.31;((89842, 179686), (112303, 134764, 157225));
5;0.969654083251953;157225;3;292.47;((89842, 179686), (112303, 134764, 157225));
5;0.969652175903320;157225;6;290.31;((89842, 179686), (112303, 134764, 157225));
5;0.969653129577637;157225;2;289.65;((89842, 179686), (112303, 134764, 157225));
5;0.500000000000000;101072;11;201.74;((89842, 134764), (101072, 112302, 123532));
5;0.750000000000000;101072;11;239.72;((89842, 134764), (101072, 112302, 123532));
5;0.875000000000000;101072;11;273.19;((89842, 134764), (101072, 112302, 123532));
5;0.937500000000000;101072;11;296.38;((89842, 134764), (101072, 112302, 123532));
5;0.968750000000000;101072;0;179.07;((89842, 134764), (101072, 112302, 123532));
5;0.953125000000000;101072;11;297.84;((89842, 134764), (101072, 112302, 123532));
5;0.960937500000000;101072;11;300.70;((89842, 134764), (101072, 112302, 123532));
5;0.964843750000000;101072;9;292.08;((89842, 134764), (101072, 112302, 123532));
5;0.966796875000000;101072;3;296.81;((89842, 134764), (101072, 112302, 123532));
5;0.965820312500000;101072;11;299.22;((89842, 134764), (101072, 112302, 123532));
5;0.966308593750000;101072;7;290.50;((89842, 134764), (101072, 112302, 123532));
5;0.966552734375000;101072;7;287.96;((89842, 134764), (101072, 112302, 123532));
5;0.966674804687500;101072;4;286.30;((89842, 134764), (101072, 112302, 123532));
5;0.966613769531250;101072;7;297.22;((89842, 134764), (101072, 112302, 123532));
5;0.966644287109375;101072;4;289.99;((89842, 134764), (101072, 112302, 123532));
5;0.966629028320312;101072;3;284.99;((89842, 134764), (101072, 112302, 123532));
5;0.966621398925781;101072;7;288.71;((89842, 134764), (101072, 112302, 123532));
5;0.966625213623047;101072;6;289.33;((89842, 134764), (101072, 112302, 123532));
5;0.966627120971680;101072;6;290.30;((89842, 134764), (101072, 112302, 123532));
5;0.966628074645996;101072;6;289.95;((89842, 134764), (101072, 112302, 123532));
5;0.500000000000000;112302;11;161.98;((89842, 134764), (101072, 112302, 123532));
5;0.750000000000000;112302;11;247.92;((89842, 134764), (101072, 112302, 123532));
5;0.875000000000000;112302;11;271.40;((89842, 134764), (101072, 112302, 123532));
5;0.937500000000000;112302;11;293.37;((89842, 134764), (101072, 112302, 123532));
5;0.968750000000000;112302;0;193.59;((89842, 134764), (101072, 112302, 123532));
5;0.953125000000000;112302;11;296.30;((89842, 134764), (101072, 112302, 123532));
5;0.960937500000000;112302;11;307.30;((89842, 134764), (101072, 112302, 123532));
5;0.964843750000000;112302;11;313.91;((89842, 134764), (101072, 112302, 123532));
5;0.966796875000000;112302;6;290.83;((89842, 134764), (101072, 112302, 123532));
5;0.967773437500000;112302;0;198.21;((89842, 134764), (101072, 112302, 123532));
5;0.967285156250000;112302;0;205.18;((89842, 134764), (101072, 112302, 123532));
5;0.967041015625000;112302;3;286.89;((89842, 134764), (101072, 112302, 123532));
5;0.966918945312500;112302;1;283.81;((89842, 134764), (101072, 112302, 123532));
5;0.966857910156250;112302;3;288.17;((89842, 134764), (101072, 112302, 123532));
5;0.966827392578125;112302;4;288.81;((89842, 134764), (101072, 112302, 123532));
5;0.966812133789062;112302;1;286.13;((89842, 134764), (101072, 112302, 123532));
5;0.966804504394531;112302;2;285.29;((89842, 134764), (101072, 112302, 123532));
5;0.966800689697266;112302;3;284.60;((89842, 134764), (101072, 112302, 123532));
5;0.966798782348633;112302;2;287.46;((89842, 134764), (101072, 112302, 123532));
5;0.966797828674316;112302;6;291.64;((89842, 134764), (101072, 112302, 123532));
5;0.500000000000000;123532;11;171.89;((89842, 134764), (101072, 112302, 123532));
5;0.750000000000000;123532;11;239.41;((89842, 134764), (101072, 112302, 123532));
5;0.875000000000000;123532;11;273.05;((89842, 134764), (101072, 112302, 123532));
5;0.937500000000000;123532;11;297.33;((89842, 134764), (101072, 112302, 123532));
5;0.968750000000000;123532;0;169.24;((89842, 134764), (101072, 112302, 123532));
5;0.953125000000000;123532;11;296.82;((89842, 134764), (101072, 112302, 123532));
5;0.960937500000000;123532;11;298.91;((89842, 134764), (101072, 112302, 123532));
5;0.964843750000000;123532;11;301.44;((89842, 134764), (101072, 112302, 123532));
5;0.966796875000000;123532;0;199.77;((89842, 134764), (101072, 112302, 123532));
5;0.965820312500000;123532;6;289.54;((89842, 134764), (101072, 112302, 123532));
5;0.966308593750000;123532;7;293.61;((89842, 134764), (101072, 112302, 123532));
5;0.966552734375000;123532;2;284.32;((89842, 134764), (101072, 112302, 123532));
5;0.966430664062500;123532;6;291.38;((89842, 134764), (101072, 112302, 123532));
5;0.966491699218750;123532;5;295.55;((89842, 134764), (101072, 112302, 123532));
5;0.966461181640625;123532;4;292.05;((89842, 134764), (101072, 112302, 123532));
5;0.966445922851562;123532;4;292.67;((89842, 134764), (101072, 112302, 123532));
5;0.966438293457031;123532;4;286.41;((89842, 134764), (101072, 112302, 123532));
5;0.966434478759766;123532;3;286.18;((89842, 134764), (101072, 112302, 123532));
5;0.966432571411133;123532;3;285.81;((89842, 134764), (101072, 112302, 123532));
5;0.966431617736816;123532;6;290.30;((89842, 134764), (101072, 112302, 123532));
5;0.500000000000000;106687;11;162.57;((101072, 123532), (106687, 112302, 117917));
5;0.750000000000000;106687;11;236.04;((101072, 123532), (106687, 112302, 117917));
5;0.875000000000000;106687;11;276.09;((101072, 123532), (106687, 112302, 117917));
5;0.937500000000000;106687;11;294.03;((101072, 123532), (106687, 112302, 117917));
5;0.968750000000000;106687;11;318.91;((101072, 123532), (106687, 112302, 117917));
5;0.984375000000000;106687;0;127.32;((101072, 123532), (106687, 112302, 117917));
5;0.976562500000000;106687;0;130.72;((101072, 123532), (106687, 112302, 117917));
5;0.972656250000000;106687;2;287.38;((101072, 123532), (106687, 112302, 117917));
5;0.970703125000000;106687;9;294.38;((101072, 123532), (106687, 112302, 117917));
5;0.971679687500000;106687;2;286.84;((101072, 123532), (106687, 112302, 117917));
5;0.971191406250000;106687;6;289.47;((101072, 123532), (106687, 112302, 117917));
5;0.971435546875000;106687;5;295.30;((101072, 123532), (106687, 112302, 117917));
5;0.971313476562500;106687;4;289.02;((101072, 123532), (106687, 112302, 117917));
5;0.971252441406250;106687;8;291.12;((101072, 123532), (106687, 112302, 117917));
5;0.971282958984375;106687;7;292.15;((101072, 123532), (106687, 112302, 117917));
5;0.971298217773438;106687;6;290.17;((101072, 123532), (106687, 112302, 117917));
5;0.971305847167969;106687;8;292.47;((101072, 123532), (106687, 112302, 117917));
5;0.971309661865234;106687;6;291.75;((101072, 123532), (106687, 112302, 117917));
5;0.971311569213867;106687;5;287.93;((101072, 123532), (106687, 112302, 117917));
5;0.971310615539551;106687;5;290.90;((101072, 123532), (106687, 112302, 117917));
5;0.500000000000000;117917;11;168.39;((101072, 123532), (106687, 112302, 117917));
5;0.750000000000000;117917;11;235.82;((101072, 123532), (106687, 112302, 117917));
5;0.875000000000000;117917;11;271.76;((101072, 123532), (106687, 112302, 117917));
5;0.937500000000000;117917;11;295.76;((101072, 123532), (106687, 112302, 117917));
5;0.968750000000000;117917;11;313.57;((101072, 123532), (106687, 112302, 117917));
5;0.984375000000000;117917;0;126.74;((101072, 123532), (106687, 112302, 117917));
5;0.976562500000000;117917;0;133.57;((101072, 123532), (106687, 112302, 117917));
5;0.972656250000000;117917;0;185.45;((101072, 123532), (106687, 112302, 117917));
5;0.970703125000000;117917;8;292.84;((101072, 123532), (106687, 112302, 117917));
5;0.971679687500000;117917;4;285.75;((101072, 123532), (106687, 112302, 117917));
5;0.971191406250000;117917;5;293.94;((101072, 123532), (106687, 112302, 117917));
5;0.970947265625000;117917;2;289.32;((101072, 123532), (106687, 112302, 117917));
5;0.970825195312500;117917;4;289.46;((101072, 123532), (106687, 112302, 117917));
5;0.970764160156250;117917;6;290.04;((101072, 123532), (106687, 112302, 117917));
5;0.970794677734375;117917;9;303.71;((101072, 123532), (106687, 112302, 117917));
5;0.970809936523438;117917;10;296.62;((101072, 123532), (106687, 112302, 117917));
5;0.970817565917969;117917;8;289.70;((101072, 123532), (106687, 112302, 117917));
5;0.970821380615234;117917;8;306.89;((101072, 123532), (106687, 112302, 117917));
5;0.970823287963867;117917;7;288.24;((101072, 123532), (106687, 112302, 117917));
5;0.970824241638184;117917;7;290.31;((101072, 123532), (106687, 112302, 117917));
5;0.500000000000000;103879;11;162.06;((101072, 112302), (103879, 106686, 109493));
5;0.750000000000000;103879;11;235.58;((101072, 112302), (103879, 106686, 109493));
5;0.875000000000000;103879;11;271.75;((101072, 112302), (103879, 106686, 109493));
5;0.937500000000000;103879;11;291.32;((101072, 112302), (103879, 106686, 109493));
5;0.968750000000000;103879;10;297.25;((101072, 112302), (103879, 106686, 109493));
5;0.984375000000000;103879;0;126.52;((101072, 112302), (103879, 106686, 109493));
5;0.976562500000000;103879;0;132.39;((101072, 112302), (103879, 106686, 109493));
5;0.972656250000000;103879;1;281.54;((101072, 112302), (103879, 106686, 109493));
5;0.970703125000000;103879;9;304.24;((101072, 112302), (103879, 106686, 109493));
5;0.971679687500000;103879;2;283.94;((101072, 112302), (103879, 106686, 109493));
5;0.971191406250000;103879;6;289.76;((101072, 112302), (103879, 106686, 109493));
5;0.971435546875000;103879;6;289.34;((101072, 112302), (103879, 106686, 109493));
5;0.971557617187500;103879;3;287.96;((101072, 112302), (103879, 106686, 109493));
5;0.971496582031250;103879;7;290.35;((101072, 112302), (103879, 106686, 109493));
5;0.971527099609375;103879;4;289.59;((101072, 112302), (103879, 106686, 109493));
5;0.971511840820312;103879;5;289.89;((101072, 112302), (103879, 106686, 109493));
5;0.971504211425781;103879;5;289.77;((101072, 112302), (103879, 106686, 109493));
5;0.971500396728516;103879;4;288.27;((101072, 112302), (103879, 106686, 109493));
5;0.971498489379883;103879;7;290.83;((101072, 112302), (103879, 106686, 109493));
5;0.971499443054199;103879;7;293.51;((101072, 112302), (103879, 106686, 109493));
5;0.500000000000000;106686;11;165.11;((101072, 112302), (103879, 106686, 109493));
5;0.750000000000000;106686;11;242.77;((101072, 112302), (103879, 106686, 109493));
5;0.875000000000000;106686;11;275.42;((101072, 112302), (103879, 106686, 109493));
5;0.937500000000000;106686;11;291.34;((101072, 112302), (103879, 106686, 109493));
5;0.968750000000000;106686;11;302.50;((101072, 112302), (103879, 106686, 109493));
5;0.984375000000000;106686;0;127.40;((101072, 112302), (103879, 106686, 109493));
5;0.976562500000000;106686;0;129.08;((101072, 112302), (103879, 106686, 109493));
5;0.972656250000000;106686;1;284.24;((101072, 112302), (103879, 106686, 109493));
5;0.970703125000000;106686;10;301.67;((101072, 112302), (103879, 106686, 109493));
5;0.971679687500000;106686;3;287.37;((101072, 112302), (103879, 106686, 109493));
5;0.971191406250000;106686;6;291.42;((101072, 112302), (103879, 106686, 109493));
5;0.971435546875000;106686;5;289.58;((101072, 112302), (103879, 106686, 109493));
5;0.971313476562500;106686;8;293.51;((101072, 112302), (103879, 106686, 109493));
5;0.971374511718750;106686;7;292.36;((101072, 112302), (103879, 106686, 109493));
5;0.971405029296875;106686;6;291.70;((101072, 112302), (103879, 106686, 109493));
5;0.971420288085938;106686;1;291.34;((101072, 112302), (103879, 106686, 109493));
5;0.971412658691406;106686;5;289.15;((101072, 112302), (103879, 106686, 109493));
5;0.971408843994141;106686;5;290.20;((101072, 112302), (103879, 106686, 109493));
5;0.971406936645508;106686;6;291.02;((101072, 112302), (103879, 106686, 109493));
5;0.971407890319824;106686;5;288.46;((101072, 112302), (103879, 106686, 109493));
5;0.500000000000000;109493;11;161.71;((101072, 112302), (103879, 106686, 109493));
5;0.750000000000000;109493;11;234.65;((101072, 112302), (103879, 106686, 109493));
5;0.875000000000000;109493;11;273.92;((101072, 112302), (103879, 106686, 109493));
5;0.937500000000000;109493;11;292.30;((101072, 112302), (103879, 106686, 109493));
5;0.968750000000000;109493;11;302.69;((101072, 112302), (103879, 106686, 109493));
5;0.984375000000000;109493;0;126.80;((101072, 112302), (103879, 106686, 109493));
5;0.976562500000000;109493;0;132.31;((101072, 112302), (103879, 106686, 109493));
5;0.972656250000000;109493;2;286.81;((101072, 112302), (103879, 106686, 109493));
5;0.970703125000000;109493;8;294.50;((101072, 112302), (103879, 106686, 109493));
5;0.971679687500000;109493;4;294.36;((101072, 112302), (103879, 106686, 109493));
5;0.971191406250000;109493;6;294.49;((101072, 112302), (103879, 106686, 109493));
5;0.971435546875000;109493;4;287.70;((101072, 112302), (103879, 106686, 109493));
5;0.971313476562500;109493;4;289.79;((101072, 112302), (103879, 106686, 109493));
5;0.971252441406250;109493;7;296.59;((101072, 112302), (103879, 106686, 109493));
5;0.971282958984375;109493;8;293.64;((101072, 112302), (103879, 106686, 109493));
5;0.971298217773438;109493;7;290.90;((101072, 112302), (103879, 106686, 109493));
5;0.971305847167969;109493;3;286.49;((101072, 112302), (103879, 106686, 109493));
5;0.971302032470703;109493;5;289.00;((101072, 112302), (103879, 106686, 109493));
5;0.971300125122070;109493;4;289.09;((101072, 112302), (103879, 106686, 109493));
5;0.971299171447754;109493;7;291.35;((101072, 112302), (103879, 106686, 109493));
5;0.500000000000000;102475;11;167.92;((101072, 106686), (102475, 103878, 105281));
5;0.750000000000000;102475;11;240.56;((101072, 106686), (102475, 103878, 105281));
5;0.875000000000000;102475;11;286.28;((101072, 106686), (102475, 103878, 105281));
5;0.937500000000000;102475;11;292.76;((101072, 106686), (102475, 103878, 105281));
5;0.968750000000000;102475;11;301.50;((101072, 106686), (102475, 103878, 105281));
5;0.984375000000000;102475;0;126.61;((101072, 106686), (102475, 103878, 105281));
5;0.976562500000000;102475;0;128.73;((101072, 106686), (102475, 103878, 105281));
5;0.972656250000000;102475;1;287.07;((101072, 106686), (102475, 103878, 105281));
5;0.970703125000000;102475;10;297.83;((101072, 106686), (102475, 103878, 105281));
5;0.971679687500000;102475;8;292.01;((101072, 106686), (102475, 103878, 105281));
5;0.972167968750000;102475;2;289.51;((101072, 106686), (102475, 103878, 105281));
5;0.971923828125000;102475;6;288.89;((101072, 106686), (102475, 103878, 105281));
5;0.972045898437500;102475;3;286.96;((101072, 106686), (102475, 103878, 105281));
5;0.971984863281250;102475;3;286.54;((101072, 106686), (102475, 103878, 105281));
5;0.971954345703125;102475;4;289.71;((101072, 106686), (102475, 103878, 105281));
5;0.971939086914062;102475;4;287.26;((101072, 106686), (102475, 103878, 105281));
5;0.971931457519531;102475;1;283.22;((101072, 106686), (102475, 103878, 105281));
5;0.971927642822266;102475;4;285.51;((101072, 106686), (102475, 103878, 105281));
5;0.971925735473633;102475;1;287.28;((101072, 106686), (102475, 103878, 105281));
5;0.971924781799316;102475;5;288.97;((101072, 106686), (102475, 103878, 105281));
5;0.500000000000000;103878;11;162.16;((101072, 106686), (102475, 103878, 105281));
5;0.750000000000000;103878;11;235.34;((101072, 106686), (102475, 103878, 105281));
5;0.875000000000000;103878;11;272.78;((101072, 106686), (102475, 103878, 105281));
5;0.937500000000000;103878;11;290.72;((101072, 106686), (102475, 103878, 105281));
5;0.968750000000000;103878;11;300.03;((101072, 106686), (102475, 103878, 105281));
5;0.984375000000000;103878;0;127.39;((101072, 106686), (102475, 103878, 105281));
5;0.976562500000000;103878;0;137.58;((101072, 106686), (102475, 103878, 105281));
5;0.972656250000000;103878;0;205.79;((101072, 106686), (102475, 103878, 105281));
5;0.970703125000000;103878;7;292.76;((101072, 106686), (102475, 103878, 105281));
5;0.971679687500000;103878;6;290.98;((101072, 106686), (102475, 103878, 105281));
5;0.972167968750000;103878;2;293.36;((101072, 106686), (102475, 103878, 105281));
5;0.971923828125000;103878;5;291.66;((101072, 106686), (102475, 103878, 105281));
5;0.971801757812500;103878;2;285.47;((101072, 106686), (102475, 103878, 105281));
5;0.971740722656250;103878;6;291.39;((101072, 106686), (102475, 103878, 105281));
5;0.971771240234375;103878;9;295.85;((101072, 106686), (102475, 103878, 105281));
5;0.971786499023438;103878;3;286.70;((101072, 106686), (102475, 103878, 105281));
5;0.971778869628906;103878;2;287.14;((101072, 106686), (102475, 103878, 105281));
5;0.971775054931641;103878;3;290.31;((101072, 106686), (102475, 103878, 105281));
5;0.971773147583008;103878;2;283.57;((101072, 106686), (102475, 103878, 105281));
5;0.971772193908691;103878;4;290.77;((101072, 106686), (102475, 103878, 105281));
5;0.500000000000000;105281;11;162.69;((101072, 106686), (102475, 103878, 105281));
5;0.750000000000000;105281;11;237.11;((101072, 106686), (102475, 103878, 105281));
5;0.875000000000000;105281;11;277.96;((101072, 106686), (102475, 103878, 105281));
5;0.937500000000000;105281;11;307.22;((101072, 106686), (102475, 103878, 105281));
5;0.968750000000000;105281;11;301.57;((101072, 106686), (102475, 103878, 105281));
5;0.984375000000000;105281;0;126.78;((101072, 106686), (102475, 103878, 105281));
5;0.976562500000000;105281;0;131.72;((101072, 106686), (102475, 103878, 105281));
5;0.972656250000000;105281;0;200.87;((101072, 106686), (102475, 103878, 105281));
5;0.970703125000000;105281;10;298.91;((101072, 106686), (102475, 103878, 105281));
5;0.971679687500000;105281;7;291.35;((101072, 106686), (102475, 103878, 105281));
5;0.972167968750000;105281;3;288.14;((101072, 106686), (102475, 103878, 105281));
5;0.971923828125000;105281;3;289.25;((101072, 106686), (102475, 103878, 105281));
5;0.971801757812500;105281;7;291.86;((101072, 106686), (102475, 103878, 105281));
5;0.971862792968750;105281;2;285.15;((101072, 106686), (102475, 103878, 105281));
5;0.971832275390625;105281;5;293.22;((101072, 106686), (102475, 103878, 105281));
5;0.971817016601562;105281;5;292.10;((101072, 106686), (102475, 103878, 105281));
5;0.971809387207031;105281;2;291.25;((101072, 106686), (102475, 103878, 105281));
5;0.971805572509766;105281;3;292.60;((101072, 106686), (102475, 103878, 105281));
5;0.971803665161133;105281;5;291.45;((101072, 106686), (102475, 103878, 105281));
5;0.971802711486816;105281;4;288.16;((101072, 106686), (102475, 103878, 105281));
5;0.500000000000000;101773;11;163.99;((101072, 103878), (101773, 102474, 103175));
5;0.750000000000000;101773;11;238.19;((101072, 103878), (101773, 102474, 103175));
5;0.875000000000000;101773;11;274.93;((101072, 103878), (101773, 102474, 103175));
5;0.937500000000000;101773;11;314.75;((101072, 103878), (101773, 102474, 103175));
5;0.968750000000000;101773;11;306.48;((101072, 103878), (101773, 102474, 103175));
5;0.984375000000000;101773;0;127.23;((101072, 103878), (101773, 102474, 103175));
5;0.976562500000000;101773;0;136.95;((101072, 103878), (101773, 102474, 103175));
5;0.972656250000000;101773;1;284.63;((101072, 103878), (101773, 102474, 103175));
5;0.970703125000000;101773;10;299.31;((101072, 103878), (101773, 102474, 103175));
5;0.971679687500000;101773;5;291.57;((101072, 103878), (101773, 102474, 103175));
5;0.971191406250000;101773;7;294.96;((101072, 103878), (101773, 102474, 103175));
5;0.971435546875000;101773;8;305.34;((101072, 103878), (101773, 102474, 103175));
5;0.971557617187500;101773;8;293.66;((101072, 103878), (101773, 102474, 103175));
5;0.971618652343750;101773;7;291.22;((101072, 103878), (101773, 102474, 103175));
5;0.971649169921875;101773;3;287.60;((101072, 103878), (101773, 102474, 103175));
5;0.971633911132812;101773;7;289.54;((101072, 103878), (101773, 102474, 103175));
5;0.971641540527344;101773;4;289.53;((101072, 103878), (101773, 102474, 103175));
5;0.971637725830078;101773;7;289.99;((101072, 103878), (101773, 102474, 103175));
5;0.971639633178711;101773;6;290.79;((101072, 103878), (101773, 102474, 103175));
5;0.971640586853027;101773;4;288.51;((101072, 103878), (101773, 102474, 103175));
5;0.500000000000000;102474;11;162.55;((101072, 103878), (101773, 102474, 103175));
5;0.750000000000000;102474;11;236.11;((101072, 103878), (101773, 102474, 103175));
5;0.875000000000000;102474;11;272.64;((101072, 103878), (101773, 102474, 103175));
5;0.937500000000000;102474;11;301.49;((101072, 103878), (101773, 102474, 103175));
5;0.968750000000000;102474;1;288.81;((101072, 103878), (101773, 102474, 103175));
5;0.953125000000000;102474;11;297.83;((101072, 103878), (101773, 102474, 103175));
5;0.960937500000000;102474;11;304.70;((101072, 103878), (101773, 102474, 103175));
5;0.964843750000000;102474;9;292.95;((101072, 103878), (101773, 102474, 103175));
5;0.966796875000000;102474;5;287.59;((101072, 103878), (101773, 102474, 103175));
5;0.965820312500000;102474;8;290.38;((101072, 103878), (101773, 102474, 103175));
5;0.966308593750000;102474;8;290.08;((101072, 103878), (101773, 102474, 103175));
5;0.966552734375000;102474;7;289.72;((101072, 103878), (101773, 102474, 103175));
5;0.966674804687500;102474;3;292.01;((101072, 103878), (101773, 102474, 103175));
5;0.966613769531250;102474;5;293.75;((101072, 103878), (101773, 102474, 103175));
5;0.966583251953125;102474;6;288.34;((101072, 103878), (101773, 102474, 103175));
5;0.966598510742188;102474;5;289.58;((101072, 103878), (101773, 102474, 103175));
5;0.966590881347656;102474;5;296.30;((101072, 103878), (101773, 102474, 103175));
5;0.966587066650391;102474;5;288.44;((101072, 103878), (101773, 102474, 103175));
5;0.966585159301758;102474;9;296.01;((101072, 103878), (101773, 102474, 103175));
5;0.966586112976074;102474;6;291.40;((101072, 103878), (101773, 102474, 103175));
5;0.500000000000000;103175;11;162.76;((101072, 103878), (101773, 102474, 103175));
5;0.750000000000000;103175;11;247.23;((101072, 103878), (101773, 102474, 103175));
5;0.875000000000000;103175;11;272.94;((101072, 103878), (101773, 102474, 103175));
5;0.937500000000000;103175;11;295.94;((101072, 103878), (101773, 102474, 103175));
5;0.968750000000000;103175;11;302.92;((101072, 103878), (101773, 102474, 103175));
5;0.984375000000000;103175;0;127.23;((101072, 103878), (101773, 102474, 103175));
5;0.976562500000000;103175;0;136.14;((101072, 103878), (101773, 102474, 103175));
5;0.972656250000000;103175;1;284.43;((101072, 103878), (101773, 102474, 103175));
5;0.970703125000000;103175;10;296.88;((101072, 103878), (101773, 102474, 103175));
5;0.971679687500000;103175;4;291.58;((101072, 103878), (101773, 102474, 103175));
5;0.971191406250000;103175;5;299.30;((101072, 103878), (101773, 102474, 103175));
5;0.970947265625000;103175;9;294.57;((101072, 103878), (101773, 102474, 103175));
5;0.971069335937500;103175;5;292.07;((101072, 103878), (101773, 102474, 103175));
5;0.971008300781250;103175;8;299.35;((101072, 103878), (101773, 102474, 103175));
5;0.971038818359375;103175;7;292.32;((101072, 103878), (101773, 102474, 103175));
5;0.971054077148438;103175;8;292.45;((101072, 103878), (101773, 102474, 103175));
5;0.971061706542969;103175;7;291.31;((101072, 103878), (101773, 102474, 103175));
5;0.971065521240234;103175;5;289.07;((101072, 103878), (101773, 102474, 103175));
5;0.971063613891602;103175;8;293.63;((101072, 103878), (101773, 102474, 103175));
5;0.971064567565918;103175;8;293.97;((101072, 103878), (101773, 102474, 103175));
5;0.500000000000000;101422;11;163.03;((101072, 102474), (101422, 101772, 102122));
5;0.750000000000000;101422;11;240.42;((101072, 102474), (101422, 101772, 102122));
5;0.875000000000000;101422;11;280.12;((101072, 102474), (101422, 101772, 102122));
5;0.937500000000000;101422;11;305.79;((101072, 102474), (101422, 101772, 102122));
5;0.968750000000000;101422;0;185.37;((101072, 102474), (101422, 101772, 102122));
5;0.953125000000000;101422;11;295.97;((101072, 102474), (101422, 101772, 102122));
5;0.960937500000000;101422;11;301.56;((101072, 102474), (101422, 101772, 102122));
5;0.964843750000000;101422;9;293.24;((101072, 102474), (101422, 101772, 102122));
5;0.966796875000000;101422;6;295.92;((101072, 102474), (101422, 101772, 102122));
5;0.967773437500000;101422;0;206.24;((101072, 102474), (101422, 101772, 102122));
5;0.967285156250000;101422;3;285.47;((101072, 102474), (101422, 101772, 102122));
5;0.967041015625000;101422;2;286.89;((101072, 102474), (101422, 101772, 102122));
5;0.966918945312500;101422;3;291.23;((101072, 102474), (101422, 101772, 102122));
5;0.966857910156250;101422;5;288.43;((101072, 102474), (101422, 101772, 102122));
5;0.966827392578125;101422;6;288.63;((101072, 102474), (101422, 101772, 102122));
5;0.966842651367188;101422;5;291.93;((101072, 102474), (101422, 101772, 102122));
5;0.966835021972656;101422;3;296.12;((101072, 102474), (101422, 101772, 102122));
5;0.966831207275391;101422;4;292.20;((101072, 102474), (101422, 101772, 102122));
5;0.966829299926758;101422;3;284.55;((101072, 102474), (101422, 101772, 102122));
5;0.966828346252441;101422;3;285.84;((101072, 102474), (101422, 101772, 102122));
5;0.500000000000000;101772;11;163.67;((101072, 102474), (101422, 101772, 102122));
5;0.750000000000000;101772;11;239.41;((101072, 102474), (101422, 101772, 102122));
5;0.875000000000000;101772;11;275.78;((101072, 102474), (101422, 101772, 102122));
5;0.937500000000000;101772;11;297.61;((101072, 102474), (101422, 101772, 102122));
5;0.968750000000000;101772;0;165.62;((101072, 102474), (101422, 101772, 102122));
5;0.953125000000000;101772;11;302.11;((101072, 102474), (101422, 101772, 102122));
5;0.960937500000000;101772;11;304.06;((101072, 102474), (101422, 101772, 102122));
5;0.964843750000000;101772;11;303.33;((101072, 102474), (101422, 101772, 102122));
5;0.966796875000000;101772;3;286.94;((101072, 102474), (101422, 101772, 102122));
5;0.965820312500000;101772;7;299.25;((101072, 102474), (101422, 101772, 102122));
5;0.966308593750000;101772;7;293.39;((101072, 102474), (101422, 101772, 102122));
5;0.966552734375000;101772;6;302.52;((101072, 102474), (101422, 101772, 102122));
5;0.966674804687500;101772;5;289.96;((101072, 102474), (101422, 101772, 102122));
5;0.966613769531250;101772;9;298.51;((101072, 102474), (101422, 101772, 102122));
5;0.966644287109375;101772;5;288.57;((101072, 102474), (101422, 101772, 102122));
5;0.966629028320312;101772;5;289.24;((101072, 102474), (101422, 101772, 102122));
5;0.966621398925781;101772;3;285.99;((101072, 102474), (101422, 101772, 102122));
5;0.966617584228516;101772;6;288.62;((101072, 102474), (101422, 101772, 102122));
5;0.966619491577148;101772;3;287.12;((101072, 102474), (101422, 101772, 102122));
5;0.966618537902832;101772;4;289.14;((101072, 102474), (101422, 101772, 102122));
5;0.500000000000000;102122;11;163.02;((101072, 102474), (101422, 101772, 102122));
5;0.750000000000000;102122;11;236.73;((101072, 102474), (101422, 101772, 102122));
5;0.875000000000000;102122;11;274.81;((101072, 102474), (101422, 101772, 102122));
5;0.937500000000000;102122;11;293.42;((101072, 102474), (101422, 101772, 102122));
5;0.968750000000000;102122;0;156.43;((101072, 102474), (101422, 101772, 102122));
5;0.953125000000000;102122;11;299.32;((101072, 102474), (101422, 101772, 102122));
5;0.960937500000000;102122;11;302.55;((101072, 102474), (101422, 101772, 102122));
5;0.964843750000000;102122;10;295.85;((101072, 102474), (101422, 101772, 102122));
5;0.966796875000000;102122;2;287.11;((101072, 102474), (101422, 101772, 102122));
5;0.965820312500000;102122;8;290.63;((101072, 102474), (101422, 101772, 102122));
5;0.966308593750000;102122;5;291.08;((101072, 102474), (101422, 101772, 102122));
5;0.966064453125000;102122;7;294.87;((101072, 102474), (101422, 101772, 102122));
5;0.966186523437500;102122;8;290.16;((101072, 102474), (101422, 101772, 102122));
5;0.966247558593750;102122;6;290.02;((101072, 102474), (101422, 101772, 102122));
5;0.966278076171875;102122;7;293.13;((101072, 102474), (101422, 101772, 102122));
5;0.966293334960938;102122;7;303.72;((101072, 102474), (101422, 101772, 102122));
5;0.966300964355469;102122;8;292.15;((101072, 102474), (101422, 101772, 102122));
5;0.966304779052734;102122;6;291.35;((101072, 102474), (101422, 101772, 102122));
5;0.966306686401367;102122;8;294.54;((101072, 102474), (101422, 101772, 102122));
5;0.966307640075684;102122;8;292.92;((101072, 102474), (101422, 101772, 102122));
5;0.500000000000000;101247;11;168.19;((101072, 101772), (101247, 101422, 101597));
5;0.750000000000000;101247;11;236.95;((101072, 101772), (101247, 101422, 101597));
5;0.875000000000000;101247;11;277.22;((101072, 101772), (101247, 101422, 101597));
5;0.937500000000000;101247;11;293.18;((101072, 101772), (101247, 101422, 101597));
5;0.968750000000000;101247;11;306.47;((101072, 101772), (101247, 101422, 101597));
5;0.984375000000000;101247;0;129.27;((101072, 101772), (101247, 101422, 101597));
5;0.976562500000000;101247;0;140.42;((101072, 101772), (101247, 101422, 101597));
5;0.972656250000000;101247;2;288.54;((101072, 101772), (101247, 101422, 101597));
5;0.970703125000000;101247;10;303.02;((101072, 101772), (101247, 101422, 101597));
5;0.971679687500000;101247;6;293.14;((101072, 101772), (101247, 101422, 101597));
5;0.972167968750000;101247;1;286.47;((101072, 101772), (101247, 101422, 101597));
5;0.971923828125000;101247;3;287.99;((101072, 101772), (101247, 101422, 101597));
5;0.971801757812500;101247;6;290.92;((101072, 101772), (101247, 101422, 101597));
5;0.971862792968750;101247;2;288.89;((101072, 101772), (101247, 101422, 101597));
5;0.971832275390625;101247;5;288.46;((101072, 101772), (101247, 101422, 101597));
5;0.971817016601562;101247;4;288.05;((101072, 101772), (101247, 101422, 101597));
5;0.971809387207031;101247;3;286.74;((101072, 101772), (101247, 101422, 101597));
5;0.971805572509766;101247;3;288.00;((101072, 101772), (101247, 101422, 101597));
5;0.971803665161133;101247;4;288.48;((101072, 101772), (101247, 101422, 101597));
5;0.971802711486816;101247;5;287.61;((101072, 101772), (101247, 101422, 101597));
5;0.500000000000000;101597;11;162.04;((101072, 101772), (101247, 101422, 101597));
5;0.750000000000000;101597;11;241.08;((101072, 101772), (101247, 101422, 101597));
5;0.875000000000000;101597;11;281.05;((101072, 101772), (101247, 101422, 101597));
5;0.937500000000000;101597;11;293.08;((101072, 101772), (101247, 101422, 101597));
5;0.968750000000000;101597;11;301.82;((101072, 101772), (101247, 101422, 101597));
5;0.984375000000000;101597;0;127.18;((101072, 101772), (101247, 101422, 101597));
5;0.976562500000000;101597;0;135.64;((101072, 101772), (101247, 101422, 101597));
5;0.972656250000000;101597;0;190.85;((101072, 101772), (101247, 101422, 101597));
5;0.970703125000000;101597;9;293.10;((101072, 101772), (101247, 101422, 101597));
5;0.971679687500000;101597;6;288.45;((101072, 101772), (101247, 101422, 101597));
5;0.972167968750000;101597;3;288.25;((101072, 101772), (101247, 101422, 101597));
5;0.971923828125000;101597;2;283.98;((101072, 101772), (101247, 101422, 101597));
5;0.971801757812500;101597;7;290.73;((101072, 101772), (101247, 101422, 101597));
5;0.971862792968750;101597;4;289.18;((101072, 101772), (101247, 101422, 101597));
5;0.971832275390625;101597;6;290.94;((101072, 101772), (101247, 101422, 101597));
5;0.971847534179688;101597;1;286.60;((101072, 101772), (101247, 101422, 101597));
5;0.971839904785156;101597;5;297.60;((101072, 101772), (101247, 101422, 101597));
5;0.971836090087891;101597;6;293.45;((101072, 101772), (101247, 101422, 101597));
5;0.971837997436523;101597;4;289.20;((101072, 101772), (101247, 101422, 101597));
5;0.971837043762207;101597;4;288.37;((101072, 101772), (101247, 101422, 101597));
5;0.500000000000000;101509;11;161.83;((101422, 101772), (101509, 101596, 101683));
5;0.750000000000000;101509;11;236.62;((101422, 101772), (101509, 101596, 101683));
5;0.875000000000000;101509;11;274.87;((101422, 101772), (101509, 101596, 101683));
5;0.937500000000000;101509;11;319.45;((101422, 101772), (101509, 101596, 101683));
5;0.968750000000000;101509;11;341.29;((101422, 101772), (101509, 101596, 101683));
5;0.984375000000000;101509;0;138.16;((101422, 101772), (101509, 101596, 101683));
5;0.976562500000000;101509;0;144.89;((101422, 101772), (101509, 101596, 101683));
5;0.972656250000000;101509;0;238.16;((101422, 101772), (101509, 101596, 101683));
5;0.970703125000000;101509;8;320.76;((101422, 101772), (101509, 101596, 101683));
5;0.971679687500000;101509;4;333.06;((101422, 101772), (101509, 101596, 101683));
5;0.971191406250000;101509;6;347.68;((101422, 101772), (101509, 101596, 101683));
5;0.971435546875000;101509;7;323.70;((101422, 101772), (101509, 101596, 101683));
5;0.971557617187500;101509;6;321.75;((101422, 101772), (101509, 101596, 101683));
5;0.971618652343750;101509;6;331.48;((101422, 101772), (101509, 101596, 101683));
5;0.971649169921875;101509;5;321.97;((101422, 101772), (101509, 101596, 101683));
5;0.971633911132812;101509;6;313.47;((101422, 101772), (101509, 101596, 101683));
5;0.971641540527344;101509;6;298.60;((101422, 101772), (101509, 101596, 101683));
5;0.971645355224609;101509;3;300.54;((101422, 101772), (101509, 101596, 101683));
5;0.971643447875977;101509;4;304.53;((101422, 101772), (101509, 101596, 101683));
5;0.971642494201660;101509;3;298.81;((101422, 101772), (101509, 101596, 101683));
5;0.500000000000000;101596;11;169.20;((101422, 101772), (101509, 101596, 101683));
5;0.750000000000000;101596;11;257.41;((101422, 101772), (101509, 101596, 101683));
5;0.875000000000000;101596;11;286.46;((101422, 101772), (101509, 101596, 101683));
5;0.937500000000000;101596;11;307.81;((101422, 101772), (101509, 101596, 101683));
5;0.968750000000000;101596;11;314.68;((101422, 101772), (101509, 101596, 101683));
5;0.984375000000000;101596;0;133.87;((101422, 101772), (101509, 101596, 101683));
5;0.976562500000000;101596;0;143.86;((101422, 101772), (101509, 101596, 101683));
5;0.972656250000000;101596;1;284.99;((101422, 101772), (101509, 101596, 101683));
5;0.970703125000000;101596;8;300.29;((101422, 101772), (101509, 101596, 101683));
5;0.971679687500000;101596;6;306.69;((101422, 101772), (101509, 101596, 101683));
5;0.972167968750000;101596;5;293.29;((101422, 101772), (101509, 101596, 101683));
5;0.971923828125000;101596;4;291.18;((101422, 101772), (101509, 101596, 101683));
5;0.971801757812500;101596;5;295.06;((101422, 101772), (101509, 101596, 101683));
5;0.971740722656250;101596;3;294.84;((101422, 101772), (101509, 101596, 101683));
5;0.971710205078125;101596;6;292.26;((101422, 101772), (101509, 101596, 101683));
5;0.971725463867188;101596;8;299.50;((101422, 101772), (101509, 101596, 101683));
5;0.971733093261719;101596;4;293.30;((101422, 101772), (101509, 101596, 101683));
5;0.971729278564453;101596;6;293.13;((101422, 101772), (101509, 101596, 101683));
5;0.971731185913086;101596;4;289.00;((101422, 101772), (101509, 101596, 101683));
5;0.971730232238770;101596;3;285.22;((101422, 101772), (101509, 101596, 101683));
5;0.500000000000000;101683;11;163.73;((101422, 101772), (101509, 101596, 101683));
5;0.750000000000000;101683;11;236.23;((101422, 101772), (101509, 101596, 101683));
5;0.875000000000000;101683;11;276.40;((101422, 101772), (101509, 101596, 101683));
5;0.937500000000000;101683;11;294.67;((101422, 101772), (101509, 101596, 101683));
5;0.968750000000000;101683;11;305.12;((101422, 101772), (101509, 101596, 101683));
5;0.984375000000000;101683;0;127.89;((101422, 101772), (101509, 101596, 101683));
5;0.976562500000000;101683;0;138.16;((101422, 101772), (101509, 101596, 101683));
5;0.972656250000000;101683;1;278.13;((101422, 101772), (101509, 101596, 101683));
5;0.970703125000000;101683;6;296.38;((101422, 101772), (101509, 101596, 101683));
5;0.971679687500000;101683;7;304.74;((101422, 101772), (101509, 101596, 101683));
5;0.972167968750000;101683;4;290.11;((101422, 101772), (101509, 101596, 101683));
5;0.971923828125000;101683;5;289.36;((101422, 101772), (101509, 101596, 101683));
5;0.971801757812500;101683;4;289.69;((101422, 101772), (101509, 101596, 101683));
5;0.971740722656250;101683;7;293.26;((101422, 101772), (101509, 101596, 101683));
5;0.971771240234375;101683;5;288.34;((101422, 101772), (101509, 101596, 101683));
5;0.971755981445312;101683;4;288.86;((101422, 101772), (101509, 101596, 101683));
5;0.971748352050781;101683;8;294.02;((101422, 101772), (101509, 101596, 101683));
5;0.971752166748047;101683;7;293.08;((101422, 101772), (101509, 101596, 101683));
5;0.971754074096680;101683;4;291.99;((101422, 101772), (101509, 101596, 101683));
5;0.971753120422363;101683;3;285.75;((101422, 101772), (101509, 101596, 101683));
5;0.500000000000000;101640;11;163.31;((101596, 101772), (101640, 101684, 101728));
5;0.750000000000000;101640;11;248.10;((101596, 101772), (101640, 101684, 101728));
5;0.875000000000000;101640;11;287.42;((101596, 101772), (101640, 101684, 101728));
5;0.937500000000000;101640;11;296.10;((101596, 101772), (101640, 101684, 101728));
5;0.968750000000000;101640;0;175.84;((101596, 101772), (101640, 101684, 101728));
5;0.953125000000000;101640;11;329.15;((101596, 101772), (101640, 101684, 101728));
5;0.960937500000000;101640;11;307.66;((101596, 101772), (101640, 101684, 101728));
5;0.964843750000000;101640;11;305.91;((101596, 101772), (101640, 101684, 101728));
5;0.966796875000000;101640;4;285.95;((101596, 101772), (101640, 101684, 101728));
5;0.965820312500000;101640;9;297.18;((101596, 101772), (101640, 101684, 101728));
5;0.966308593750000;101640;5;287.78;((101596, 101772), (101640, 101684, 101728));
5;0.966064453125000;101640;6;288.29;((101596, 101772), (101640, 101684, 101728));
5;0.966186523437500;101640;7;291.64;((101596, 101772), (101640, 101684, 101728));
5;0.966247558593750;101640;7;289.77;((101596, 101772), (101640, 101684, 101728));
5;0.966278076171875;101640;7;303.47;((101596, 101772), (101640, 101684, 101728));
5;0.966293334960938;101640;6;289.97;((101596, 101772), (101640, 101684, 101728));
5;0.966300964355469;101640;8;319.26;((101596, 101772), (101640, 101684, 101728));
5;0.966304779052734;101640;6;290.98;((101596, 101772), (101640, 101684, 101728));
5;0.966306686401367;101640;6;291.83;((101596, 101772), (101640, 101684, 101728));
5;0.966307640075684;101640;7;294.64;((101596, 101772), (101640, 101684, 101728));
5;0.500000000000000;101684;11;164.14;((101596, 101772), (101640, 101684, 101728));
5;0.750000000000000;101684;11;236.78;((101596, 101772), (101640, 101684, 101728));
5;0.875000000000000;101684;11;275.14;((101596, 101772), (101640, 101684, 101728));
5;0.937500000000000;101684;11;297.29;((101596, 101772), (101640, 101684, 101728));
5;0.968750000000000;101684;0;179.74;((101596, 101772), (101640, 101684, 101728));
5;0.953125000000000;101684;11;305.18;((101596, 101772), (101640, 101684, 101728));
5;0.960937500000000;101684;11;305.38;((101596, 101772), (101640, 101684, 101728));
5;0.964843750000000;101684;9;309.44;((101596, 101772), (101640, 101684, 101728));
5;0.966796875000000;101684;5;290.82;((101596, 101772), (101640, 101684, 101728));
5;0.965820312500000;101684;10;296.23;((101596, 101772), (101640, 101684, 101728));
5;0.966308593750000;101684;7;292.09;((101596, 101772), (101640, 101684, 101728));
5;0.966552734375000;101684;7;291.27;((101596, 101772), (101640, 101684, 101728));
5;0.966674804687500;101684;6;289.75;((101596, 101772), (101640, 101684, 101728));
5;0.966735839843750;101684;4;288.42;((101596, 101772), (101640, 101684, 101728));
5;0.966705322265625;101684;4;288.70;((101596, 101772), (101640, 101684, 101728));
5;0.966690063476562;101684;5;287.27;((101596, 101772), (101640, 101684, 101728));
5;0.966682434082031;101684;3;286.16;((101596, 101772), (101640, 101684, 101728));
5;0.966678619384766;101684;4;291.54;((101596, 101772), (101640, 101684, 101728));
5;0.966676712036133;101684;4;284.77;((101596, 101772), (101640, 101684, 101728));
5;0.966675758361816;101684;4;291.79;((101596, 101772), (101640, 101684, 101728));
5;0.500000000000000;101728;11;174.52;((101596, 101772), (101640, 101684, 101728));
5;0.750000000000000;101728;11;240.80;((101596, 101772), (101640, 101684, 101728));
5;0.875000000000000;101728;11;277.24;((101596, 101772), (101640, 101684, 101728));
5;0.937500000000000;101728;11;305.95;((101596, 101772), (101640, 101684, 101728));
5;0.968750000000000;101728;11;305.63;((101596, 101772), (101640, 101684, 101728));
5;0.984375000000000;101728;0;127.74;((101596, 101772), (101640, 101684, 101728));
5;0.976562500000000;101728;0;139.49;((101596, 101772), (101640, 101684, 101728));
5;0.972656250000000;101728;1;278.98;((101596, 101772), (101640, 101684, 101728));
5;0.970703125000000;101728;9;294.47;((101596, 101772), (101640, 101684, 101728));
5;0.971679687500000;101728;2;282.31;((101596, 101772), (101640, 101684, 101728));
5;0.971191406250000;101728;8;295.73;((101596, 101772), (101640, 101684, 101728));
5;0.971435546875000;101728;5;289.06;((101596, 101772), (101640, 101684, 101728));
5;0.971313476562500;101728;6;292.72;((101596, 101772), (101640, 101684, 101728));
5;0.971374511718750;101728;5;289.30;((101596, 101772), (101640, 101684, 101728));
5;0.971343994140625;101728;7;292.58;((101596, 101772), (101640, 101684, 101728));
5;0.971359252929688;101728;7;291.43;((101596, 101772), (101640, 101684, 101728));
5;0.971366882324219;101728;8;292.92;((101596, 101772), (101640, 101684, 101728));
5;0.971370697021484;101728;6;290.37;((101596, 101772), (101640, 101684, 101728));
5;0.971372604370117;101728;4;291.80;((101596, 101772), (101640, 101684, 101728));
5;0.971371650695801;101728;3;286.79;((101596, 101772), (101640, 101684, 101728));
5;0.500000000000000;101706;11;163.87;((101684, 101772), (101706, 101728, 101750));
5;0.750000000000000;101706;11;236.48;((101684, 101772), (101706, 101728, 101750));
5;0.875000000000000;101706;11;275.97;((101684, 101772), (101706, 101728, 101750));
5;0.937500000000000;101706;11;297.78;((101684, 101772), (101706, 101728, 101750));
5;0.968750000000000;101706;11;305.45;((101684, 101772), (101706, 101728, 101750));
5;0.984375000000000;101706;0;128.71;((101684, 101772), (101706, 101728, 101750));
5;0.976562500000000;101706;0;135.26;((101684, 101772), (101706, 101728, 101750));
5;0.972656250000000;101706;1;283.15;((101684, 101772), (101706, 101728, 101750));
5;0.970703125000000;101706;11;324.95;((101684, 101772), (101706, 101728, 101750));
5;0.971679687500000;101706;5;294.91;((101684, 101772), (101706, 101728, 101750));
5;0.971191406250000;101706;10;299.30;((101684, 101772), (101706, 101728, 101750));
5;0.971435546875000;101706;4;292.19;((101684, 101772), (101706, 101728, 101750));
5;0.971313476562500;101706;7;288.41;((101684, 101772), (101706, 101728, 101750));
5;0.971374511718750;101706;9;297.70;((101684, 101772), (101706, 101728, 101750));
5;0.971405029296875;101706;8;293.47;((101684, 101772), (101706, 101728, 101750));
5;0.971420288085938;101706;5;289.46;((101684, 101772), (101706, 101728, 101750));
5;0.971412658691406;101706;5;287.13;((101684, 101772), (101706, 101728, 101750));
5;0.971408843994141;101706;7;290.58;((101684, 101772), (101706, 101728, 101750));
5;0.971410751342773;101706;6;291.09;((101684, 101772), (101706, 101728, 101750));
5;0.971411705017090;101706;4;291.05;((101684, 101772), (101706, 101728, 101750));
5;0.500000000000000;101750;11;168.23;((101684, 101772), (101706, 101728, 101750));
5;0.750000000000000;101750;11;239.35;((101684, 101772), (101706, 101728, 101750));
5;0.875000000000000;101750;11;275.25;((101684, 101772), (101706, 101728, 101750));
5;0.937500000000000;101750;11;296.63;((101684, 101772), (101706, 101728, 101750));
5;0.968750000000000;101750;0;170.48;((101684, 101772), (101706, 101728, 101750));
5;0.953125000000000;101750;11;302.29;((101684, 101772), (101706, 101728, 101750));
5;0.960937500000000;101750;11;307.30;((101684, 101772), (101706, 101728, 101750));
5;0.964843750000000;101750;10;302.37;((101684, 101772), (101706, 101728, 101750));
5;0.966796875000000;101750;3;282.37;((101684, 101772), (101706, 101728, 101750));
5;0.965820312500000;101750;9;296.81;((101684, 101772), (101706, 101728, 101750));
5;0.966308593750000;101750;6;290.52;((101684, 101772), (101706, 101728, 101750));
5;0.966552734375000;101750;8;294.47;((101684, 101772), (101706, 101728, 101750));
5;0.966674804687500;101750;6;288.39;((101684, 101772), (101706, 101728, 101750));
5;0.966735839843750;101750;7;303.39;((101684, 101772), (101706, 101728, 101750));
5;0.966766357421875;101750;7;296.25;((101684, 101772), (101706, 101728, 101750));
5;0.966781616210938;101750;4;287.85;((101684, 101772), (101706, 101728, 101750));
5;0.966773986816406;101750;2;281.27;((101684, 101772), (101706, 101728, 101750));
5;0.966770172119141;101750;4;289.79;((101684, 101772), (101706, 101728, 101750));
5;0.966768264770508;101750;3;284.99;((101684, 101772), (101706, 101728, 101750));
5;0.966767311096191;101750;3;284.79;((101684, 101772), (101706, 101728, 101750));
