5;0.500000000000000;2125000;11;118.02;((0, 8500000), (2125000, 4250000, 6375000));
5;0.750000000000000;2125000;0;89.33;((0, 8500000), (2125000, 4250000, 6375000));
5;0.625000000000000;2125000;11;144.82;((0, 8500000), (2125000, 4250000, 6375000));
5;0.687500000000000;2125000;11;165.68;((0, 8500000), (2125000, 4250000, 6375000));
5;0.718750000000000;2125000;11;164.67;((0, 8500000), (2125000, 4250000, 6375000));
5;0.734375000000000;2125000;11;168.41;((0, 8500000), (2125000, 4250000, 6375000));
5;0.742187500000000;2125000;2;160.32;((0, 8500000), (2125000, 4250000, 6375000));
5;0.738281250000000;2125000;11;169.31;((0, 8500000), (2125000, 4250000, 6375000));
5;0.740234375000000;2125000;11;169.44;((0, 8500000), (2125000, 4250000, 6375000));
5;0.741210937500000;2125000;11;169.25;((0, 8500000), (2125000, 4250000, 6375000));
5;0.741699218750000;2125000;4;164.95;((0, 8500000), (2125000, 4250000, 6375000));
5;0.741455078125000;2125000;9;167.41;((0, 8500000), (2125000, 4250000, 6375000));
5;0.741577148437500;2125000;4;164.61;((0, 8500000), (2125000, 4250000, 6375000));
5;0.741516113281250;2125000;5;166.21;((0, 8500000), (2125000, 4250000, 6375000));
5;0.741485595703125;2125000;10;169.39;((0, 8500000), (2125000, 4250000, 6375000));
5;0.741500854492188;2125000;5;164.65;((0, 8500000), (2125000, 4250000, 6375000));
5;0.741493225097656;2125000;5;164.70;((0, 8500000), (2125000, 4250000, 6375000));
5;0.741489410400391;2125000;5;164.77;((0, 8500000), (2125000, 4250000, 6375000));
5;0.741487503051758;2125000;8;167.10;((0, 8500000), (2125000, 4250000, 6375000));
5;0.741488456726074;2125000;6;166.00;((0, 8500000), (2125000, 4250000, 6375000));
5;0.500000000000000;4250000;11;118.11;((0, 8500000), (2125000, 4250000, 6375000));
5;0.750000000000000;4250000;0;82.65;((0, 8500000), (2125000, 4250000, 6375000));
5;0.625000000000000;4250000;0;80.45;((0, 8500000), (2125000, 4250000, 6375000));
5;0.562500000000000;4250000;11;132.41;((0, 8500000), (2125000, 4250000, 6375000));
5;0.593750000000000;4250000;11;139.37;((0, 8500000), (2125000, 4250000, 6375000));
5;0.609375000000000;4250000;11;142.70;((0, 8500000), (2125000, 4250000, 6375000));
5;0.617187500000000;4250000;0;82.93;((0, 8500000), (2125000, 4250000, 6375000));
5;0.613281250000000;4250000;11;143.33;((0, 8500000), (2125000, 4250000, 6375000));
5;0.615234375000000;4250000;11;143.61;((0, 8500000), (2125000, 4250000, 6375000));
5;0.616210937500000;4250000;1;135.34;((0, 8500000), (2125000, 4250000, 6375000));
5;0.615722656250000;4250000;11;144.78;((0, 8500000), (2125000, 4250000, 6375000));
5;0.615966796875000;4250000;7;140.63;((0, 8500000), (2125000, 4250000, 6375000));
5;0.616088867187500;4250000;2;136.55;((0, 8500000), (2125000, 4250000, 6375000));
5;0.616027832031250;4250000;2;136.22;((0, 8500000), (2125000, 4250000, 6375000));
5;0.615997314453125;4250000;3;137.55;((0, 8500000), (2125000, 4250000, 6375000));
5;0.615982055664062;4250000;4;139.08;((0, 8500000), (2125000, 4250000, 6375000));
5;0.615974426269531;4250000;4;140.22;((0, 8500000), (2125000, 4250000, 6375000));
5;0.615970611572266;4250000;4;139.25;((0, 8500000), (2125000, 4250000, 6375000));
5;0.615968704223633;4250000;5;139.25;((0, 8500000), (2125000, 4250000, 6375000));
5;0.615967750549316;4250000;3;137.84;((0, 8500000), (2125000, 4250000, 6375000));
5;0.500000000000000;6375000;11;118.29;((0, 8500000), (2125000, 4250000, 6375000));
5;0.750000000000000;6375000;0;77.89;((0, 8500000), (2125000, 4250000, 6375000));
5;0.625000000000000;6375000;0;75.41;((0, 8500000), (2125000, 4250000, 6375000));
5;0.562500000000000;6375000;11;132.12;((0, 8500000), (2125000, 4250000, 6375000));
5;0.593750000000000;6375000;11;138.94;((0, 8500000), (2125000, 4250000, 6375000));
5;0.609375000000000;6375000;0;77.64;((0, 8500000), (2125000, 4250000, 6375000));
5;0.601562500000000;6375000;11;140.50;((0, 8500000), (2125000, 4250000, 6375000));
5;0.605468750000000;6375000;11;141.83;((0, 8500000), (2125000, 4250000, 6375000));
5;0.607421875000000;6375000;2;134.46;((0, 8500000), (2125000, 4250000, 6375000));
5;0.606445312500000;6375000;11;170.50;((0, 8500000), (2125000, 4250000, 6375000));
5;0.606933593750000;6375000;11;141.57;((0, 8500000), (2125000, 4250000, 6375000));
5;0.607177734375000;6375000;11;142.06;((0, 8500000), (2125000, 4250000, 6375000));
5;0.607299804687500;6375000;7;138.39;((0, 8500000), (2125000, 4250000, 6375000));
5;0.607360839843750;6375000;6;139.04;((0, 8500000), (2125000, 4250000, 6375000));
5;0.607391357421875;6375000;8;139.99;((0, 8500000), (2125000, 4250000, 6375000));
5;0.607406616210938;6375000;5;137.13;((0, 8500000), (2125000, 4250000, 6375000));
5;0.607398986816406;6375000;6;137.72;((0, 8500000), (2125000, 4250000, 6375000));
5;0.607402801513672;6375000;4;137.05;((0, 8500000), (2125000, 4250000, 6375000));
5;0.607400894165039;6375000;4;138.96;((0, 8500000), (2125000, 4250000, 6375000));
5;0.607399940490723;6375000;6;138.47;((0, 8500000), (2125000, 4250000, 6375000));
5;0.500000000000000;1062500;11;118.41;((0, 4250000), (1062500, 2125000, 3187500));
5;0.750000000000000;1062500;11;170.25;((0, 4250000), (1062500, 2125000, 3187500));
5;0.875000000000000;1062500;0;90.59;((0, 4250000), (1062500, 2125000, 3187500));
5;0.812500000000000;1062500;11;186.18;((0, 4250000), (1062500, 2125000, 3187500));
5;0.843750000000000;1062500;11;190.97;((0, 4250000), (1062500, 2125000, 3187500));
5;0.859375000000000;1062500;11;194.69;((0, 4250000), (1062500, 2125000, 3187500));
5;0.867187500000000;1062500;0;91.61;((0, 4250000), (1062500, 2125000, 3187500));
5;0.863281250000000;1062500;0;115.97;((0, 4250000), (1062500, 2125000, 3187500));
5;0.861328125000000;1062500;11;195.39;((0, 4250000), (1062500, 2125000, 3187500));
5;0.862304687500000;1062500;6;192.48;((0, 4250000), (1062500, 2125000, 3187500));
5;0.862792968750000;1062500;1;182.58;((0, 4250000), (1062500, 2125000, 3187500));
5;0.862548828125000;1062500;8;192.35;((0, 4250000), (1062500, 2125000, 3187500));
5;0.862670898437500;1062500;7;191.50;((0, 4250000), (1062500, 2125000, 3187500));
5;0.862731933593750;1062500;5;188.47;((0, 4250000), (1062500, 2125000, 3187500));
5;0.862701416015625;1062500;4;188.00;((0, 4250000), (1062500, 2125000, 3187500));
5;0.862686157226562;1062500;8;191.80;((0, 4250000), (1062500, 2125000, 3187500));
5;0.862693786621094;1062500;7;191.97;((0, 4250000), (1062500, 2125000, 3187500));
5;0.862697601318359;1062500;4;189.23;((0, 4250000), (1062500, 2125000, 3187500));
5;0.862695693969727;1062500;5;189.54;((0, 4250000), (1062500, 2125000, 3187500));
5;0.862694740295410;1062500;6;191.23;((0, 4250000), (1062500, 2125000, 3187500));
5;0.500000000000000;3187500;11;118.50;((0, 4250000), (1062500, 2125000, 3187500));
5;0.750000000000000;3187500;0;82.87;((0, 4250000), (1062500, 2125000, 3187500));
5;0.625000000000000;3187500;11;146.43;((0, 4250000), (1062500, 2125000, 3187500));
5;0.687500000000000;3187500;0;82.50;((0, 4250000), (1062500, 2125000, 3187500));
5;0.656250000000000;3187500;0;84.44;((0, 4250000), (1062500, 2125000, 3187500));
5;0.640625000000000;3187500;11;150.30;((0, 4250000), (1062500, 2125000, 3187500));
5;0.648437500000000;3187500;11;151.73;((0, 4250000), (1062500, 2125000, 3187500));
5;0.652343750000000;3187500;0;85.78;((0, 4250000), (1062500, 2125000, 3187500));
5;0.650390625000000;3187500;0;87.87;((0, 4250000), (1062500, 2125000, 3187500));
5;0.649414062500000;3187500;0;87.28;((0, 4250000), (1062500, 2125000, 3187500));
5;0.648925781250000;3187500;4;145.95;((0, 4250000), (1062500, 2125000, 3187500));
5;0.648681640625000;3187500;9;150.25;((0, 4250000), (1062500, 2125000, 3187500));
5;0.648803710937500;3187500;6;148.30;((0, 4250000), (1062500, 2125000, 3187500));
5;0.648864746093750;3187500;7;147.80;((0, 4250000), (1062500, 2125000, 3187500));
5;0.648895263671875;3187500;1;142.07;((0, 4250000), (1062500, 2125000, 3187500));
5;0.648880004882812;3187500;5;146.76;((0, 4250000), (1062500, 2125000, 3187500));
5;0.648872375488281;3187500;3;145.50;((0, 4250000), (1062500, 2125000, 3187500));
5;0.648868560791016;3187500;5;146.28;((0, 4250000), (1062500, 2125000, 3187500));
5;0.648866653442383;3187500;7;147.93;((0, 4250000), (1062500, 2125000, 3187500));
5;0.648867607116699;3187500;6;147.46;((0, 4250000), (1062500, 2125000, 3187500));
5;0.500000000000000;531250;11;116.91;((0, 2125000), (531250, 1062500, 1593750));
5;0.750000000000000;531250;11;169.86;((0, 2125000), (531250, 1062500, 1593750));
5;0.875000000000000;531250;11;196.86;((0, 2125000), (531250, 1062500, 1593750));
5;0.937500000000000;531250;0;90.22;((0, 2125000), (531250, 1062500, 1593750));
5;0.906250000000000;531250;11;204.16;((0, 2125000), (531250, 1062500, 1593750));
5;0.921875000000000;531250;8;203.48;((0, 2125000), (531250, 1062500, 1593750));
5;0.929687500000000;531250;0;90.79;((0, 2125000), (531250, 1062500, 1593750));
5;0.925781250000000;531250;0;96.31;((0, 2125000), (531250, 1062500, 1593750));
5;0.923828125000000;531250;0;131.75;((0, 2125000), (531250, 1062500, 1593750));
5;0.922851562500000;531250;2;195.37;((0, 2125000), (531250, 1062500, 1593750));
5;0.922363281250000;531250;6;202.44;((0, 2125000), (531250, 1062500, 1593750));
5;0.922607421875000;531250;4;199.92;((0, 2125000), (531250, 1062500, 1593750));
5;0.922485351562500;531250;5;201.67;((0, 2125000), (531250, 1062500, 1593750));
5;0.922424316406250;531250;7;202.93;((0, 2125000), (531250, 1062500, 1593750));
5;0.922454833984375;531250;8;203.97;((0, 2125000), (531250, 1062500, 1593750));
5;0.922470092773438;531250;5;201.05;((0, 2125000), (531250, 1062500, 1593750));
5;0.922462463378906;531250;4;199.97;((0, 2125000), (531250, 1062500, 1593750));
5;0.922458648681641;531250;5;201.85;((0, 2125000), (531250, 1062500, 1593750));
5;0.922456741333008;531250;6;201.76;((0, 2125000), (531250, 1062500, 1593750));
5;0.922457695007324;531250;5;200.05;((0, 2125000), (531250, 1062500, 1593750));
5;0.500000000000000;1593750;11;118.61;((0, 2125000), (531250, 1062500, 1593750));
5;0.750000000000000;1593750;11;171.26;((0, 2125000), (531250, 1062500, 1593750));
5;0.875000000000000;1593750;0;88.90;((0, 2125000), (531250, 1062500, 1593750));
5;0.812500000000000;1593750;0;89.73;((0, 2125000), (531250, 1062500, 1593750));
5;0.781250000000000;1593750;11;178.82;((0, 2125000), (531250, 1062500, 1593750));
5;0.796875000000000;1593750;11;181.59;((0, 2125000), (531250, 1062500, 1593750));
5;0.804687500000000;1593750;0;92.32;((0, 2125000), (531250, 1062500, 1593750));
5;0.800781250000000;1593750;11;184.96;((0, 2125000), (531250, 1062500, 1593750));
5;0.802734375000000;1593750;0;101.61;((0, 2125000), (531250, 1062500, 1593750));
5;0.801757812500000;1593750;10;182.60;((0, 2125000), (531250, 1062500, 1593750));
5;0.802246093750000;1593750;0;110.17;((0, 2125000), (531250, 1062500, 1593750));
5;0.802001953125000;1593750;6;179.44;((0, 2125000), (531250, 1062500, 1593750));
5;0.802124023437500;1593750;6;178.58;((0, 2125000), (531250, 1062500, 1593750));
5;0.802185058593750;1593750;2;172.63;((0, 2125000), (531250, 1062500, 1593750));
5;0.802154541015625;1593750;5;177.28;((0, 2125000), (531250, 1062500, 1593750));
5;0.802139282226562;1593750;2;172.30;((0, 2125000), (531250, 1062500, 1593750));
5;0.802131652832031;1593750;3;175.50;((0, 2125000), (531250, 1062500, 1593750));
5;0.802127838134766;1593750;8;195.38;((0, 2125000), (531250, 1062500, 1593750));
5;0.802129745483398;1593750;3;176.69;((0, 2125000), (531250, 1062500, 1593750));
5;0.802128791809082;1593750;3;174.88;((0, 2125000), (531250, 1062500, 1593750));
5;0.500000000000000;265625;11;116.62;((0, 1062500), (265625, 531250, 796875));
5;0.750000000000000;265625;11;173.32;((0, 1062500), (265625, 531250, 796875));
5;0.875000000000000;265625;11;195.97;((0, 1062500), (265625, 531250, 796875));
5;0.937500000000000;265625;11;212.50;((0, 1062500), (265625, 531250, 796875));
5;0.968750000000000;265625;0;89.63;((0, 1062500), (265625, 531250, 796875));
5;0.953125000000000;265625;11;213.32;((0, 1062500), (265625, 531250, 796875));
5;0.960937500000000;265625;0;91.53;((0, 1062500), (265625, 531250, 796875));
5;0.957031250000000;265625;0;122.60;((0, 1062500), (265625, 531250, 796875));
5;0.955078125000000;265625;8;208.52;((0, 1062500), (265625, 531250, 796875));
5;0.956054687500000;265625;0;121.20;((0, 1062500), (265625, 531250, 796875));
5;0.955566406250000;265625;5;205.94;((0, 1062500), (265625, 531250, 796875));
5;0.955322265625000;265625;4;204.12;((0, 1062500), (265625, 531250, 796875));
5;0.955200195312500;265625;5;205.80;((0, 1062500), (265625, 531250, 796875));
5;0.955139160156250;265625;2;200.14;((0, 1062500), (265625, 531250, 796875));
5;0.955108642578125;265625;7;208.22;((0, 1062500), (265625, 531250, 796875));
5;0.955123901367188;265625;5;209.94;((0, 1062500), (265625, 531250, 796875));
5;0.955116271972656;265625;6;207.36;((0, 1062500), (265625, 531250, 796875));
5;0.955120086669922;265625;6;206.44;((0, 1062500), (265625, 531250, 796875));
5;0.955121994018555;265625;6;207.91;((0, 1062500), (265625, 531250, 796875));
5;0.955122947692871;265625;6;207.60;((0, 1062500), (265625, 531250, 796875));
5;0.500000000000000;796875;11;117.62;((0, 1062500), (265625, 531250, 796875));
5;0.750000000000000;796875;11;171.52;((0, 1062500), (265625, 531250, 796875));
5;0.875000000000000;796875;11;198.50;((0, 1062500), (265625, 531250, 796875));
5;0.937500000000000;796875;0;92.27;((0, 1062500), (265625, 531250, 796875));
5;0.906250000000000;796875;0;90.69;((0, 1062500), (265625, 531250, 796875));
5;0.890625000000000;796875;11;203.19;((0, 1062500), (265625, 531250, 796875));
5;0.898437500000000;796875;0;102.29;((0, 1062500), (265625, 531250, 796875));
5;0.894531250000000;796875;11;204.50;((0, 1062500), (265625, 531250, 796875));
5;0.896484375000000;796875;10;202.83;((0, 1062500), (265625, 531250, 796875));
5;0.897460937500000;796875;0;129.33;((0, 1062500), (265625, 531250, 796875));
5;0.896972656250000;796875;3;194.33;((0, 1062500), (265625, 531250, 796875));
5;0.896728515625000;796875;7;198.46;((0, 1062500), (265625, 531250, 796875));
5;0.896850585937500;796875;8;200.41;((0, 1062500), (265625, 531250, 796875));
5;0.896911621093750;796875;8;198.91;((0, 1062500), (265625, 531250, 796875));
5;0.896942138671875;796875;6;197.33;((0, 1062500), (265625, 531250, 796875));
5;0.896957397460938;796875;6;199.22;((0, 1062500), (265625, 531250, 796875));
5;0.896965026855469;796875;5;196.70;((0, 1062500), (265625, 531250, 796875));
5;0.896961212158203;796875;5;197.06;((0, 1062500), (265625, 531250, 796875));
5;0.896959304809570;796875;8;201.59;((0, 1062500), (265625, 531250, 796875));
5;0.896960258483887;796875;5;206.54;((0, 1062500), (265625, 531250, 796875));
5;0.500000000000000;132812;11;117.11;((0, 531250), (132812, 265624, 398436));
5;0.750000000000000;132812;11;176.11;((0, 531250), (132812, 265624, 398436));
5;0.875000000000000;132812;11;196.27;((0, 531250), (132812, 265624, 398436));
5;0.937500000000000;132812;11;209.65;((0, 531250), (132812, 265624, 398436));
5;0.968750000000000;132812;0;92.95;((0, 531250), (132812, 265624, 398436));
5;0.953125000000000;132812;11;214.23;((0, 531250), (132812, 265624, 398436));
5;0.960937500000000;132812;9;211.60;((0, 531250), (132812, 265624, 398436));
5;0.964843750000000;132812;0;119.85;((0, 531250), (132812, 265624, 398436));
5;0.962890625000000;132812;2;202.11;((0, 531250), (132812, 265624, 398436));
5;0.961914062500000;132812;6;208.88;((0, 531250), (132812, 265624, 398436));
5;0.962402343750000;132812;5;206.59;((0, 531250), (132812, 265624, 398436));
5;0.962158203125000;132812;7;210.34;((0, 531250), (132812, 265624, 398436));
5;0.962280273437500;132812;4;206.44;((0, 531250), (132812, 265624, 398436));
5;0.962219238281250;132812;8;211.01;((0, 531250), (132812, 265624, 398436));
5;0.962249755859375;132812;3;205.34;((0, 531250), (132812, 265624, 398436));
5;0.962234497070312;132812;4;205.08;((0, 531250), (132812, 265624, 398436));
5;0.962226867675781;132812;7;212.18;((0, 531250), (132812, 265624, 398436));
5;0.962230682373047;132812;5;207.13;((0, 531250), (132812, 265624, 398436));
5;0.962228775024414;132812;5;205.47;((0, 531250), (132812, 265624, 398436));
5;0.962227821350098;132812;6;207.91;((0, 531250), (132812, 265624, 398436));
5;0.500000000000000;265624;11;117.79;((0, 531250), (132812, 265624, 398436));
5;0.750000000000000;265624;11;171.82;((0, 531250), (132812, 265624, 398436));
5;0.875000000000000;265624;11;197.68;((0, 531250), (132812, 265624, 398436));
5;0.937500000000000;265624;11;211.61;((0, 531250), (132812, 265624, 398436));
5;0.968750000000000;265624;0;90.46;((0, 531250), (132812, 265624, 398436));
5;0.953125000000000;265624;0;102.16;((0, 531250), (132812, 265624, 398436));
5;0.945312500000000;265624;11;214.19;((0, 531250), (132812, 265624, 398436));
5;0.949218750000000;265624;11;223.51;((0, 531250), (132812, 265624, 398436));
5;0.951171875000000;265624;1;198.95;((0, 531250), (132812, 265624, 398436));
5;0.950195312500000;265624;8;209.28;((0, 531250), (132812, 265624, 398436));
5;0.950683593750000;265624;5;207.28;((0, 531250), (132812, 265624, 398436));
5;0.950439453125000;265624;8;208.60;((0, 531250), (132812, 265624, 398436));
5;0.950561523437500;265624;5;205.10;((0, 531250), (132812, 265624, 398436));
5;0.950500488281250;265624;6;208.01;((0, 531250), (132812, 265624, 398436));
5;0.950531005859375;265624;8;218.84;((0, 531250), (132812, 265624, 398436));
5;0.950546264648438;265624;7;208.87;((0, 531250), (132812, 265624, 398436));
5;0.950553894042969;265624;8;208.53;((0, 531250), (132812, 265624, 398436));
5;0.950557708740234;265624;4;208.64;((0, 531250), (132812, 265624, 398436));
5;0.950555801391602;265624;9;213.07;((0, 531250), (132812, 265624, 398436));
5;0.950556755065918;265624;6;209.30;((0, 531250), (132812, 265624, 398436));
5;0.500000000000000;398436;11;117.91;((0, 531250), (132812, 265624, 398436));
5;0.750000000000000;398436;11;171.74;((0, 531250), (132812, 265624, 398436));
5;0.875000000000000;398436;11;198.43;((0, 531250), (132812, 265624, 398436));
5;0.937500000000000;398436;11;211.67;((0, 531250), (132812, 265624, 398436));
5;0.968750000000000;398436;0;90.70;((0, 531250), (132812, 265624, 398436));
5;0.953125000000000;398436;0;90.40;((0, 531250), (132812, 265624, 398436));
5;0.945312500000000;398436;0;95.35;((0, 531250), (132812, 265624, 398436));
5;0.941406250000000;398436;8;208.66;((0, 531250), (132812, 265624, 398436));
5;0.943359375000000;398436;0;107.67;((0, 531250), (132812, 265624, 398436));
5;0.942382812500000;398436;0;137.44;((0, 531250), (132812, 265624, 398436));
5;0.941894531250000;398436;1;198.34;((0, 531250), (132812, 265624, 398436));
5;0.941650390625000;398436;2;200.94;((0, 531250), (132812, 265624, 398436));
5;0.941528320312500;398436;2;202.20;((0, 531250), (132812, 265624, 398436));
5;0.941467285156250;398436;7;207.54;((0, 531250), (132812, 265624, 398436));
5;0.941497802734375;398436;5;204.05;((0, 531250), (132812, 265624, 398436));
5;0.941482543945312;398436;5;204.30;((0, 531250), (132812, 265624, 398436));
5;0.941474914550781;398436;3;203.84;((0, 531250), (132812, 265624, 398436));
5;0.941471099853516;398436;3;202.53;((0, 531250), (132812, 265624, 398436));
5;0.941469192504883;398436;5;204.50;((0, 531250), (132812, 265624, 398436));
5;0.941468238830566;398436;5;206.71;((0, 531250), (132812, 265624, 398436));
5;0.500000000000000;66406;11;115.46;((0, 265624), (66406, 132812, 199218));
5;0.750000000000000;66406;11;174.39;((0, 265624), (66406, 132812, 199218));
5;0.875000000000000;66406;11;199.84;((0, 265624), (66406, 132812, 199218));
5;0.937500000000000;66406;11;206.96;((0, 265624), (66406, 132812, 199218));
5;0.968750000000000;66406;10;211.79;((0, 265624), (66406, 132812, 199218));
5;0.984375000000000;66406;0;88.97;((0, 265624), (66406, 132812, 199218));
5;0.976562500000000;66406;0;92.28;((0, 265624), (66406, 132812, 199218));
5;0.972656250000000;66406;0;108.61;((0, 265624), (66406, 132812, 199218));
5;0.970703125000000;66406;2;202.48;((0, 265624), (66406, 132812, 199218));
5;0.969726562500000;66406;8;209.55;((0, 265624), (66406, 132812, 199218));
5;0.970214843750000;66406;2;202.05;((0, 265624), (66406, 132812, 199218));
5;0.969970703125000;66406;2;203.12;((0, 265624), (66406, 132812, 199218));
5;0.969848632812500;66406;2;201.18;((0, 265624), (66406, 132812, 199218));
5;0.969787597656250;66406;6;206.55;((0, 265624), (66406, 132812, 199218));
5;0.969818115234375;66406;3;204.23;((0, 265624), (66406, 132812, 199218));
5;0.969802856445312;66406;5;207.50;((0, 265624), (66406, 132812, 199218));
5;0.969795227050781;66406;3;204.10;((0, 265624), (66406, 132812, 199218));
5;0.969791412353516;66406;6;207.25;((0, 265624), (66406, 132812, 199218));
5;0.969793319702148;66406;3;205.19;((0, 265624), (66406, 132812, 199218));
5;0.969792366027832;66406;5;205.66;((0, 265624), (66406, 132812, 199218));
5;0.500000000000000;199218;11;117.70;((0, 265624), (66406, 132812, 199218));
5;0.750000000000000;199218;11;200.55;((0, 265624), (66406, 132812, 199218));
5;0.875000000000000;199218;11;196.72;((0, 265624), (66406, 132812, 199218));
5;0.937500000000000;199218;11;210.84;((0, 265624), (66406, 132812, 199218));
5;0.968750000000000;199218;0;91.21;((0, 265624), (66406, 132812, 199218));
5;0.953125000000000;199218;11;212.68;((0, 265624), (66406, 132812, 199218));
5;0.960937500000000;199218;10;213.73;((0, 265624), (66406, 132812, 199218));
5;0.964843750000000;199218;0;104.21;((0, 265624), (66406, 132812, 199218));
5;0.962890625000000;199218;0;134.92;((0, 265624), (66406, 132812, 199218));
5;0.961914062500000;199218;4;205.11;((0, 265624), (66406, 132812, 199218));
5;0.961425781250000;199218;7;216.55;((0, 265624), (66406, 132812, 199218));
5;0.961669921875000;199218;9;212.87;((0, 265624), (66406, 132812, 199218));
5;0.961791992187500;199218;2;220.65;((0, 265624), (66406, 132812, 199218));
5;0.961730957031250;199218;8;209.36;((0, 265624), (66406, 132812, 199218));
5;0.961761474609375;199218;5;208.32;((0, 265624), (66406, 132812, 199218));
5;0.961746215820312;199218;4;216.16;((0, 265624), (66406, 132812, 199218));
5;0.961738586425781;199218;4;207.42;((0, 265624), (66406, 132812, 199218));
5;0.961734771728516;199218;9;211.68;((0, 265624), (66406, 132812, 199218));
5;0.961736679077148;199218;6;210.12;((0, 265624), (66406, 132812, 199218));
5;0.961737632751465;199218;7;210.29;((0, 265624), (66406, 132812, 199218));
5;0.500000000000000;33203;11;119.05;((0, 132812), (33203, 66406, 99609));
5;0.750000000000000;33203;11;166.43;((0, 132812), (33203, 66406, 99609));
5;0.875000000000000;33203;11;193.31;((0, 132812), (33203, 66406, 99609));
5;0.937500000000000;33203;11;206.04;((0, 132812), (33203, 66406, 99609));
5;0.968750000000000;33203;0;122.79;((0, 132812), (33203, 66406, 99609));
5;0.953125000000000;33203;11;208.72;((0, 132812), (33203, 66406, 99609));
5;0.960937500000000;33203;11;210.99;((0, 132812), (33203, 66406, 99609));
5;0.964843750000000;33203;8;205.12;((0, 132812), (33203, 66406, 99609));
5;0.966796875000000;33203;3;203.31;((0, 132812), (33203, 66406, 99609));
5;0.965820312500000;33203;4;202.10;((0, 132812), (33203, 66406, 99609));
5;0.965332031250000;33203;5;202.21;((0, 132812), (33203, 66406, 99609));
5;0.965087890625000;33203;10;209.28;((0, 132812), (33203, 66406, 99609));
5;0.965209960937500;33203;4;203.51;((0, 132812), (33203, 66406, 99609));
5;0.965148925781250;33203;8;207.21;((0, 132812), (33203, 66406, 99609));
5;0.965179443359375;33203;7;206.52;((0, 132812), (33203, 66406, 99609));
5;0.965194702148438;33203;5;203.08;((0, 132812), (33203, 66406, 99609));
5;0.965187072753906;33203;6;205.84;((0, 132812), (33203, 66406, 99609));
5;0.965190887451172;33203;5;202.79;((0, 132812), (33203, 66406, 99609));
5;0.965188980102539;33203;4;202.53;((0, 132812), (33203, 66406, 99609));
5;0.965188026428223;33203;7;207.09;((0, 132812), (33203, 66406, 99609));
5;0.500000000000000;99609;11;116.35;((0, 132812), (33203, 66406, 99609));
5;0.750000000000000;99609;11;168.14;((0, 132812), (33203, 66406, 99609));
5;0.875000000000000;99609;11;195.52;((0, 132812), (33203, 66406, 99609));
5;0.937500000000000;99609;11;208.94;((0, 132812), (33203, 66406, 99609));
5;0.968750000000000;99609;6;217.39;((0, 132812), (33203, 66406, 99609));
5;0.984375000000000;99609;0;89.97;((0, 132812), (33203, 66406, 99609));
5;0.976562500000000;99609;0;91.09;((0, 132812), (33203, 66406, 99609));
5;0.972656250000000;99609;0;106.43;((0, 132812), (33203, 66406, 99609));
5;0.970703125000000;99609;0;127.33;((0, 132812), (33203, 66406, 99609));
5;0.969726562500000;99609;3;204.98;((0, 132812), (33203, 66406, 99609));
5;0.969238281250000;99609;3;205.77;((0, 132812), (33203, 66406, 99609));
5;0.968994140625000;99609;8;209.17;((0, 132812), (33203, 66406, 99609));
5;0.969116210937500;99609;6;208.13;((0, 132812), (33203, 66406, 99609));
5;0.969177246093750;99609;6;207.69;((0, 132812), (33203, 66406, 99609));
5;0.969207763671875;99609;4;205.96;((0, 132812), (33203, 66406, 99609));
5;0.969192504882812;99609;5;207.77;((0, 132812), (33203, 66406, 99609));
5;0.969184875488281;99609;5;208.21;((0, 132812), (33203, 66406, 99609));
5;0.969181060791016;99609;6;238.04;((0, 132812), (33203, 66406, 99609));
5;0.969182968139648;99609;5;205.98;((0, 132812), (33203, 66406, 99609));
5;0.969182014465332;99609;8;209.72;((0, 132812), (33203, 66406, 99609));
5;0.500000000000000;49804;11;116.30;((33203, 99609), (49804, 66405, 83006));
5;0.750000000000000;49804;11;166.79;((33203, 99609), (49804, 66405, 83006));
5;0.875000000000000;49804;11;193.18;((33203, 99609), (49804, 66405, 83006));
5;0.937500000000000;49804;11;206.96;((33203, 99609), (49804, 66405, 83006));
5;0.968750000000000;49804;0;98.65;((33203, 99609), (49804, 66405, 83006));
5;0.953125000000000;49804;11;210.03;((33203, 99609), (49804, 66405, 83006));
5;0.960937500000000;49804;11;218.50;((33203, 99609), (49804, 66405, 83006));
5;0.964843750000000;49804;1;199.12;((33203, 99609), (49804, 66405, 83006));
5;0.962890625000000;49804;6;207.73;((33203, 99609), (49804, 66405, 83006));
5;0.963867187500000;49804;3;205.06;((33203, 99609), (49804, 66405, 83006));
5;0.963378906250000;49804;3;201.73;((33203, 99609), (49804, 66405, 83006));
5;0.963134765625000;49804;6;206.11;((33203, 99609), (49804, 66405, 83006));
5;0.963256835937500;49804;5;205.50;((33203, 99609), (49804, 66405, 83006));
5;0.963195800781250;49804;8;206.74;((33203, 99609), (49804, 66405, 83006));
5;0.963226318359375;49804;6;203.95;((33203, 99609), (49804, 66405, 83006));
5;0.963241577148438;49804;1;200.83;((33203, 99609), (49804, 66405, 83006));
5;0.963233947753906;49804;6;205.78;((33203, 99609), (49804, 66405, 83006));
5;0.963237762451172;49804;6;207.74;((33203, 99609), (49804, 66405, 83006));
5;0.963239669799805;49804;7;207.42;((33203, 99609), (49804, 66405, 83006));
5;0.963240623474121;49804;5;211.28;((33203, 99609), (49804, 66405, 83006));
5;0.500000000000000;66405;11;122.32;((33203, 99609), (49804, 66405, 83006));
5;0.750000000000000;66405;11;168.56;((33203, 99609), (49804, 66405, 83006));
5;0.875000000000000;66405;11;193.95;((33203, 99609), (49804, 66405, 83006));
5;0.937500000000000;66405;11;206.59;((33203, 99609), (49804, 66405, 83006));
5;0.968750000000000;66405;7;213.92;((33203, 99609), (49804, 66405, 83006));
5;0.984375000000000;66405;0;89.76;((33203, 99609), (49804, 66405, 83006));
5;0.976562500000000;66405;0;93.03;((33203, 99609), (49804, 66405, 83006));
5;0.972656250000000;66405;0;111.67;((33203, 99609), (49804, 66405, 83006));
5;0.970703125000000;66405;2;205.13;((33203, 99609), (49804, 66405, 83006));
5;0.969726562500000;66405;8;208.16;((33203, 99609), (49804, 66405, 83006));
5;0.970214843750000;66405;2;202.35;((33203, 99609), (49804, 66405, 83006));
5;0.969970703125000;66405;2;202.75;((33203, 99609), (49804, 66405, 83006));
5;0.969848632812500;66405;2;205.47;((33203, 99609), (49804, 66405, 83006));
5;0.969787597656250;66405;3;202.39;((33203, 99609), (49804, 66405, 83006));
5;0.969757080078125;66405;5;205.97;((33203, 99609), (49804, 66405, 83006));
5;0.969741821289062;66405;5;205.53;((33203, 99609), (49804, 66405, 83006));
5;0.969734191894531;66405;4;206.22;((33203, 99609), (49804, 66405, 83006));
5;0.969730377197266;66405;7;209.23;((33203, 99609), (49804, 66405, 83006));
5;0.969732284545898;66405;3;205.78;((33203, 99609), (49804, 66405, 83006));
5;0.969731330871582;66405;7;210.09;((33203, 99609), (49804, 66405, 83006));
5;0.500000000000000;83006;11;116.41;((33203, 99609), (49804, 66405, 83006));
5;0.750000000000000;83006;11;167.85;((33203, 99609), (49804, 66405, 83006));
5;0.875000000000000;83006;11;194.71;((33203, 99609), (49804, 66405, 83006));
5;0.937500000000000;83006;11;207.67;((33203, 99609), (49804, 66405, 83006));
5;0.968750000000000;83006;7;208.69;((33203, 99609), (49804, 66405, 83006));
5;0.984375000000000;83006;0;89.89;((33203, 99609), (49804, 66405, 83006));
5;0.976562500000000;83006;0;93.66;((33203, 99609), (49804, 66405, 83006));
5;0.972656250000000;83006;0;119.27;((33203, 99609), (49804, 66405, 83006));
5;0.970703125000000;83006;1;201.15;((33203, 99609), (49804, 66405, 83006));
5;0.969726562500000;83006;5;205.58;((33203, 99609), (49804, 66405, 83006));
5;0.969238281250000;83006;8;209.28;((33203, 99609), (49804, 66405, 83006));
5;0.969482421875000;83006;3;205.52;((33203, 99609), (49804, 66405, 83006));
5;0.969360351562500;83006;3;207.08;((33203, 99609), (49804, 66405, 83006));
5;0.969299316406250;83006;11;215.30;((33203, 99609), (49804, 66405, 83006));
5;0.969329833984375;83006;4;206.50;((33203, 99609), (49804, 66405, 83006));
5;0.969314575195312;83006;8;209.53;((33203, 99609), (49804, 66405, 83006));
5;0.969322204589844;83006;7;209.51;((33203, 99609), (49804, 66405, 83006));
5;0.969326019287109;83006;7;208.78;((33203, 99609), (49804, 66405, 83006));
5;0.969327926635742;83006;7;207.02;((33203, 99609), (49804, 66405, 83006));
5;0.969328880310059;83006;3;205.71;((33203, 99609), (49804, 66405, 83006));
5;0.500000000000000;58104;11;116.08;((49804, 83006), (58104, 66404, 74704));
5;0.750000000000000;58104;11;168.69;((49804, 83006), (58104, 66404, 74704));
5;0.875000000000000;58104;11;193.90;((49804, 83006), (58104, 66404, 74704));
5;0.937500000000000;58104;11;206.00;((49804, 83006), (58104, 66404, 74704));
5;0.968750000000000;58104;0;111.70;((49804, 83006), (58104, 66404, 74704));
5;0.953125000000000;58104;11;210.97;((49804, 83006), (58104, 66404, 74704));
5;0.960937500000000;58104;11;211.58;((49804, 83006), (58104, 66404, 74704));
5;0.964843750000000;58104;1;199.35;((49804, 83006), (58104, 66404, 74704));
5;0.962890625000000;58104;8;212.48;((49804, 83006), (58104, 66404, 74704));
5;0.963867187500000;58104;8;207.53;((49804, 83006), (58104, 66404, 74704));
5;0.964355468750000;58104;7;209.51;((49804, 83006), (58104, 66404, 74704));
5;0.964599609375000;58104;2;201.04;((49804, 83006), (58104, 66404, 74704));
5;0.964477539062500;58104;3;202.60;((49804, 83006), (58104, 66404, 74704));
5;0.964416503906250;58104;5;205.55;((49804, 83006), (58104, 66404, 74704));
5;0.964385986328125;58104;4;203.82;((49804, 83006), (58104, 66404, 74704));
5;0.964370727539062;58104;4;204.57;((49804, 83006), (58104, 66404, 74704));
5;0.964363098144531;58104;5;205.11;((49804, 83006), (58104, 66404, 74704));
5;0.964359283447266;58104;4;204.66;((49804, 83006), (58104, 66404, 74704));
5;0.964357376098633;58104;2;205.56;((49804, 83006), (58104, 66404, 74704));
5;0.964356422424316;58104;5;208.46;((49804, 83006), (58104, 66404, 74704));
5;0.500000000000000;66404;11;116.02;((49804, 83006), (58104, 66404, 74704));
5;0.750000000000000;66404;11;167.92;((49804, 83006), (58104, 66404, 74704));
5;0.875000000000000;66404;11;193.14;((49804, 83006), (58104, 66404, 74704));
5;0.937500000000000;66404;11;207.50;((49804, 83006), (58104, 66404, 74704));
5;0.968750000000000;66404;0;99.16;((49804, 83006), (58104, 66404, 74704));
5;0.953125000000000;66404;11;219.50;((49804, 83006), (58104, 66404, 74704));
5;0.960937500000000;66404;11;211.67;((49804, 83006), (58104, 66404, 74704));
5;0.964843750000000;66404;7;206.14;((49804, 83006), (58104, 66404, 74704));
5;0.966796875000000;66404;0;112.47;((49804, 83006), (58104, 66404, 74704));
5;0.965820312500000;66404;1;198.55;((49804, 83006), (58104, 66404, 74704));
5;0.965332031250000;66404;4;205.68;((49804, 83006), (58104, 66404, 74704));
5;0.965087890625000;66404;1;199.37;((49804, 83006), (58104, 66404, 74704));
5;0.964965820312500;66404;2;201.25;((49804, 83006), (58104, 66404, 74704));
5;0.964904785156250;66404;2;202.28;((49804, 83006), (58104, 66404, 74704));
5;0.964874267578125;66404;5;205.33;((49804, 83006), (58104, 66404, 74704));
5;0.964859008789062;66404;0;146.97;((49804, 83006), (58104, 66404, 74704));
5;0.964851379394531;66404;5;204.80;((49804, 83006), (58104, 66404, 74704));
5;0.964847564697266;66404;2;201.60;((49804, 83006), (58104, 66404, 74704));
5;0.964845657348633;66404;3;204.82;((49804, 83006), (58104, 66404, 74704));
5;0.964844703674316;66404;3;204.03;((49804, 83006), (58104, 66404, 74704));
5;0.500000000000000;74704;11;116.24;((49804, 83006), (58104, 66404, 74704));
5;0.750000000000000;74704;11;167.97;((49804, 83006), (58104, 66404, 74704));
5;0.875000000000000;74704;11;193.55;((49804, 83006), (58104, 66404, 74704));
5;0.937500000000000;74704;11;207.76;((49804, 83006), (58104, 66404, 74704));
5;0.968750000000000;74704;0;103.78;((49804, 83006), (58104, 66404, 74704));
5;0.953125000000000;74704;11;210.49;((49804, 83006), (58104, 66404, 74704));
5;0.960937500000000;74704;11;212.33;((49804, 83006), (58104, 66404, 74704));
5;0.964843750000000;74704;6;205.54;((49804, 83006), (58104, 66404, 74704));
5;0.966796875000000;74704;0;110.93;((49804, 83006), (58104, 66404, 74704));
5;0.965820312500000;74704;1;199.88;((49804, 83006), (58104, 66404, 74704));
5;0.965332031250000;74704;5;205.04;((49804, 83006), (58104, 66404, 74704));
5;0.965087890625000;74704;3;202.29;((49804, 83006), (58104, 66404, 74704));
5;0.964965820312500;74704;2;202.15;((49804, 83006), (58104, 66404, 74704));
5;0.964904785156250;74704;4;208.75;((49804, 83006), (58104, 66404, 74704));
5;0.964874267578125;74704;3;203.53;((49804, 83006), (58104, 66404, 74704));
5;0.964859008789062;74704;5;207.10;((49804, 83006), (58104, 66404, 74704));
5;0.964851379394531;74704;3;204.65;((49804, 83006), (58104, 66404, 74704));
5;0.964847564697266;74704;3;203.12;((49804, 83006), (58104, 66404, 74704));
5;0.964845657348633;74704;6;205.39;((49804, 83006), (58104, 66404, 74704));
5;0.964846611022949;74704;5;205.57;((49804, 83006), (58104, 66404, 74704));
5;0.500000000000000;70554;11;115.94;((66404, 83006), (70554, 74704, 78854));
5;0.750000000000000;70554;11;168.48;((66404, 83006), (70554, 74704, 78854));
5;0.875000000000000;70554;11;194.89;((66404, 83006), (70554, 74704, 78854));
5;0.937500000000000;70554;11;207.62;((66404, 83006), (70554, 74704, 78854));
5;0.968750000000000;70554;0;104.09;((66404, 83006), (70554, 74704, 78854));
5;0.953125000000000;70554;11;210.56;((66404, 83006), (70554, 74704, 78854));
5;0.960937500000000;70554;11;212.81;((66404, 83006), (70554, 74704, 78854));
5;0.964843750000000;70554;4;205.77;((66404, 83006), (70554, 74704, 78854));
5;0.962890625000000;70554;10;234.55;((66404, 83006), (70554, 74704, 78854));
5;0.963867187500000;70554;6;206.43;((66404, 83006), (70554, 74704, 78854));
5;0.964355468750000;70554;6;207.87;((66404, 83006), (70554, 74704, 78854));
5;0.964599609375000;70554;6;216.06;((66404, 83006), (70554, 74704, 78854));
5;0.964721679687500;70554;6;206.16;((66404, 83006), (70554, 74704, 78854));
5;0.964782714843750;70554;5;204.67;((66404, 83006), (70554, 74704, 78854));
5;0.964752197265625;70554;3;201.78;((66404, 83006), (70554, 74704, 78854));
5;0.964736938476562;70554;4;206.76;((66404, 83006), (70554, 74704, 78854));
5;0.964729309082031;70554;2;202.99;((66404, 83006), (70554, 74704, 78854));
5;0.964725494384766;70554;4;203.29;((66404, 83006), (70554, 74704, 78854));
5;0.964723587036133;70554;3;203.23;((66404, 83006), (70554, 74704, 78854));
5;0.964722633361816;70554;5;205.86;((66404, 83006), (70554, 74704, 78854));
5;0.500000000000000;78854;11;123.71;((66404, 83006), (70554, 74704, 78854));
5;0.750000000000000;78854;11;167.72;((66404, 83006), (70554, 74704, 78854));
5;0.875000000000000;78854;11;194.06;((66404, 83006), (70554, 74704, 78854));
5;0.937500000000000;78854;11;207.40;((66404, 83006), (70554, 74704, 78854));
5;0.968750000000000;78854;0;106.28;((66404, 83006), (70554, 74704, 78854));
5;0.953125000000000;78854;11;211.28;((66404, 83006), (70554, 74704, 78854));
5;0.960937500000000;78854;11;212.37;((66404, 83006), (70554, 74704, 78854));
5;0.964843750000000;78854;4;208.65;((66404, 83006), (70554, 74704, 78854));
5;0.962890625000000;78854;9;208.84;((66404, 83006), (70554, 74704, 78854));
5;0.963867187500000;78854;7;207.20;((66404, 83006), (70554, 74704, 78854));
5;0.964355468750000;78854;5;207.12;((66404, 83006), (70554, 74704, 78854));
5;0.964111328125000;78854;5;206.03;((66404, 83006), (70554, 74704, 78854));
5;0.963989257812500;78854;8;207.91;((66404, 83006), (70554, 74704, 78854));
5;0.964050292968750;78854;8;208.49;((66404, 83006), (70554, 74704, 78854));
5;0.964080810546875;78854;7;210.99;((66404, 83006), (70554, 74704, 78854));
5;0.964096069335938;78854;7;208.40;((66404, 83006), (70554, 74704, 78854));
5;0.964103698730469;78854;8;208.51;((66404, 83006), (70554, 74704, 78854));
5;0.964107513427734;78854;5;204.82;((66404, 83006), (70554, 74704, 78854));
5;0.964105606079102;78854;10;210.45;((66404, 83006), (70554, 74704, 78854));
5;0.964106559753418;78854;8;207.85;((66404, 83006), (70554, 74704, 78854));
5;0.500000000000000;72629;11;116.21;((70554, 78854), (72629, 74704, 76779));
5;0.750000000000000;72629;11;167.95;((70554, 78854), (72629, 74704, 76779));
5;0.875000000000000;72629;11;200.29;((70554, 78854), (72629, 74704, 76779));
5;0.937500000000000;72629;11;207.91;((70554, 78854), (72629, 74704, 76779));
5;0.968750000000000;72629;7;209.19;((70554, 78854), (72629, 74704, 76779));
5;0.984375000000000;72629;0;89.21;((70554, 78854), (72629, 74704, 76779));
5;0.976562500000000;72629;0;91.19;((70554, 78854), (72629, 74704, 76779));
5;0.972656250000000;72629;0;125.50;((70554, 78854), (72629, 74704, 76779));
5;0.970703125000000;72629;0;133.03;((70554, 78854), (72629, 74704, 76779));
5;0.969726562500000;72629;4;206.30;((70554, 78854), (72629, 74704, 76779));
5;0.969238281250000;72629;7;208.33;((70554, 78854), (72629, 74704, 76779));
5;0.969482421875000;72629;4;207.20;((70554, 78854), (72629, 74704, 76779));
5;0.969360351562500;72629;5;206.88;((70554, 78854), (72629, 74704, 76779));
5;0.969299316406250;72629;5;206.93;((70554, 78854), (72629, 74704, 76779));
5;0.969268798828125;72629;9;222.59;((70554, 78854), (72629, 74704, 76779));
5;0.969284057617188;72629;6;208.17;((70554, 78854), (72629, 74704, 76779));
5;0.969291687011719;72629;11;215.11;((70554, 78854), (72629, 74704, 76779));
5;0.969295501708984;72629;8;210.65;((70554, 78854), (72629, 74704, 76779));
5;0.969297409057617;72629;7;207.32;((70554, 78854), (72629, 74704, 76779));
5;0.969298362731934;72629;5;206.66;((70554, 78854), (72629, 74704, 76779));
5;0.500000000000000;76779;11;116.27;((70554, 78854), (72629, 74704, 76779));
5;0.750000000000000;76779;11;169.34;((70554, 78854), (72629, 74704, 76779));
5;0.875000000000000;76779;11;195.02;((70554, 78854), (72629, 74704, 76779));
5;0.937500000000000;76779;11;207.97;((70554, 78854), (72629, 74704, 76779));
5;0.968750000000000;76779;8;209.78;((70554, 78854), (72629, 74704, 76779));
5;0.984375000000000;76779;0;89.04;((70554, 78854), (72629, 74704, 76779));
5;0.976562500000000;76779;0;92.80;((70554, 78854), (72629, 74704, 76779));
5;0.972656250000000;76779;0;111.21;((70554, 78854), (72629, 74704, 76779));
5;0.970703125000000;76779;2;204.98;((70554, 78854), (72629, 74704, 76779));
5;0.969726562500000;76779;5;207.93;((70554, 78854), (72629, 74704, 76779));
5;0.969238281250000;76779;7;208.00;((70554, 78854), (72629, 74704, 76779));
5;0.969482421875000;76779;4;208.24;((70554, 78854), (72629, 74704, 76779));
5;0.969360351562500;76779;6;207.78;((70554, 78854), (72629, 74704, 76779));
5;0.969421386718750;76779;7;210.03;((70554, 78854), (72629, 74704, 76779));
5;0.969451904296875;76779;8;210.48;((70554, 78854), (72629, 74704, 76779));
5;0.969467163085938;76779;8;209.87;((70554, 78854), (72629, 74704, 76779));
5;0.969474792480469;76779;7;208.17;((70554, 78854), (72629, 74704, 76779));
5;0.969478607177734;76779;10;211.76;((70554, 78854), (72629, 74704, 76779));
5;0.969480514526367;76779;7;208.95;((70554, 78854), (72629, 74704, 76779));
5;0.969481468200684;76779;4;207.67;((70554, 78854), (72629, 74704, 76779));
5;0.500000000000000;75741;11;117.49;((74704, 78854), (75741, 76778, 77815));
5;0.750000000000000;75741;11;201.69;((74704, 78854), (75741, 76778, 77815));
5;0.875000000000000;75741;11;194.75;((74704, 78854), (75741, 76778, 77815));
5;0.937500000000000;75741;11;207.49;((74704, 78854), (75741, 76778, 77815));
5;0.968750000000000;75741;8;209.71;((74704, 78854), (75741, 76778, 77815));
5;0.984375000000000;75741;0;92.32;((74704, 78854), (75741, 76778, 77815));
5;0.976562500000000;75741;0;91.91;((74704, 78854), (75741, 76778, 77815));
5;0.972656250000000;75741;0;122.39;((74704, 78854), (75741, 76778, 77815));
5;0.970703125000000;75741;3;204.29;((74704, 78854), (75741, 76778, 77815));
5;0.969726562500000;75741;5;206.72;((74704, 78854), (75741, 76778, 77815));
5;0.969238281250000;75741;7;207.62;((74704, 78854), (75741, 76778, 77815));
5;0.969482421875000;75741;4;207.49;((74704, 78854), (75741, 76778, 77815));
5;0.969360351562500;75741;8;211.88;((74704, 78854), (75741, 76778, 77815));
5;0.969421386718750;75741;8;210.33;((74704, 78854), (75741, 76778, 77815));
5;0.969451904296875;75741;6;208.47;((74704, 78854), (75741, 76778, 77815));
5;0.969467163085938;75741;5;208.67;((74704, 78854), (75741, 76778, 77815));
5;0.969459533691406;75741;8;209.43;((74704, 78854), (75741, 76778, 77815));
5;0.969463348388672;75741;2;205.17;((74704, 78854), (75741, 76778, 77815));
5;0.969461441040039;75741;7;208.34;((74704, 78854), (75741, 76778, 77815));
5;0.969462394714355;75741;5;207.89;((74704, 78854), (75741, 76778, 77815));
5;0.500000000000000;76778;11;133.83;((74704, 78854), (75741, 76778, 77815));
5;0.750000000000000;76778;11;167.88;((74704, 78854), (75741, 76778, 77815));
5;0.875000000000000;76778;11;196.31;((74704, 78854), (75741, 76778, 77815));
5;0.937500000000000;76778;11;209.25;((74704, 78854), (75741, 76778, 77815));
5;0.968750000000000;76778;9;211.75;((74704, 78854), (75741, 76778, 77815));
5;0.984375000000000;76778;0;89.17;((74704, 78854), (75741, 76778, 77815));
5;0.976562500000000;76778;0;94.75;((74704, 78854), (75741, 76778, 77815));
5;0.972656250000000;76778;0;111.15;((74704, 78854), (75741, 76778, 77815));
5;0.970703125000000;76778;0;146.90;((74704, 78854), (75741, 76778, 77815));
5;0.969726562500000;76778;4;205.40;((74704, 78854), (75741, 76778, 77815));
5;0.969238281250000;76778;5;206.58;((74704, 78854), (75741, 76778, 77815));
5;0.968994140625000;76778;8;209.03;((74704, 78854), (75741, 76778, 77815));
5;0.969116210937500;76778;8;209.04;((74704, 78854), (75741, 76778, 77815));
5;0.969177246093750;76778;7;210.29;((74704, 78854), (75741, 76778, 77815));
5;0.969207763671875;76778;5;207.02;((74704, 78854), (75741, 76778, 77815));
5;0.969192504882812;76778;7;208.69;((74704, 78854), (75741, 76778, 77815));
5;0.969200134277344;76778;8;209.39;((74704, 78854), (75741, 76778, 77815));
5;0.969203948974609;76778;8;216.76;((74704, 78854), (75741, 76778, 77815));
5;0.969205856323242;76778;4;206.19;((74704, 78854), (75741, 76778, 77815));
5;0.969204902648926;76778;8;210.82;((74704, 78854), (75741, 76778, 77815));
5;0.500000000000000;77815;11;116.36;((74704, 78854), (75741, 76778, 77815));
5;0.750000000000000;77815;11;170.66;((74704, 78854), (75741, 76778, 77815));
5;0.875000000000000;77815;11;206.10;((74704, 78854), (75741, 76778, 77815));
5;0.937500000000000;77815;11;209.03;((74704, 78854), (75741, 76778, 77815));
5;0.968750000000000;77815;7;212.73;((74704, 78854), (75741, 76778, 77815));
5;0.984375000000000;77815;0;89.07;((74704, 78854), (75741, 76778, 77815));
5;0.976562500000000;77815;0;97.19;((74704, 78854), (75741, 76778, 77815));
5;0.972656250000000;77815;0;125.28;((74704, 78854), (75741, 76778, 77815));
5;0.970703125000000;77815;2;204.41;((74704, 78854), (75741, 76778, 77815));
5;0.969726562500000;77815;7;207.64;((74704, 78854), (75741, 76778, 77815));
5;0.970214843750000;77815;3;205.29;((74704, 78854), (75741, 76778, 77815));
5;0.969970703125000;77815;4;207.55;((74704, 78854), (75741, 76778, 77815));
5;0.969848632812500;77815;6;209.84;((74704, 78854), (75741, 76778, 77815));
5;0.969909667968750;77815;8;208.13;((74704, 78854), (75741, 76778, 77815));
5;0.969940185546875;77815;5;209.84;((74704, 78854), (75741, 76778, 77815));
5;0.969924926757812;77815;6;207.40;((74704, 78854), (75741, 76778, 77815));
5;0.969932556152344;77815;7;208.53;((74704, 78854), (75741, 76778, 77815));
5;0.969936370849609;77815;4;205.69;((74704, 78854), (75741, 76778, 77815));
5;0.969934463500977;77815;8;208.26;((74704, 78854), (75741, 76778, 77815));
5;0.969935417175293;77815;3;203.26;((74704, 78854), (75741, 76778, 77815));
5;0.500000000000000;77297;11;118.56;((76778, 78854), (77297, 77816, 78335));
5;0.750000000000000;77297;11;168.16;((76778, 78854), (77297, 77816, 78335));
5;0.875000000000000;77297;11;194.66;((76778, 78854), (77297, 77816, 78335));
5;0.937500000000000;77297;11;207.77;((76778, 78854), (77297, 77816, 78335));
5;0.968750000000000;77297;8;219.45;((76778, 78854), (77297, 77816, 78335));
5;0.984375000000000;77297;0;90.75;((76778, 78854), (77297, 77816, 78335));
5;0.976562500000000;77297;0;96.11;((76778, 78854), (77297, 77816, 78335));
5;0.972656250000000;77297;0;106.70;((76778, 78854), (77297, 77816, 78335));
5;0.970703125000000;77297;0;128.28;((76778, 78854), (77297, 77816, 78335));
5;0.969726562500000;77297;6;207.69;((76778, 78854), (77297, 77816, 78335));
5;0.970214843750000;77297;5;206.81;((76778, 78854), (77297, 77816, 78335));
5;0.969970703125000;77297;5;206.16;((76778, 78854), (77297, 77816, 78335));
5;0.969848632812500;77297;4;206.56;((76778, 78854), (77297, 77816, 78335));
5;0.969787597656250;77297;4;205.81;((76778, 78854), (77297, 77816, 78335));
5;0.969757080078125;77297;2;202.98;((76778, 78854), (77297, 77816, 78335));
5;0.969741821289062;77297;7;212.16;((76778, 78854), (77297, 77816, 78335));
5;0.969749450683594;77297;5;205.84;((76778, 78854), (77297, 77816, 78335));
5;0.969745635986328;77297;7;221.87;((76778, 78854), (77297, 77816, 78335));
5;0.969747543334961;77297;4;205.55;((76778, 78854), (77297, 77816, 78335));
5;0.969746589660645;77297;5;206.87;((76778, 78854), (77297, 77816, 78335));
5;0.500000000000000;77816;11;115.85;((76778, 78854), (77297, 77816, 78335));
5;0.750000000000000;77816;11;170.21;((76778, 78854), (77297, 77816, 78335));
5;0.875000000000000;77816;11;196.62;((76778, 78854), (77297, 77816, 78335));
5;0.937500000000000;77816;11;210.33;((76778, 78854), (77297, 77816, 78335));
5;0.968750000000000;77816;8;210.99;((76778, 78854), (77297, 77816, 78335));
5;0.984375000000000;77816;0;89.93;((76778, 78854), (77297, 77816, 78335));
5;0.976562500000000;77816;0;91.09;((76778, 78854), (77297, 77816, 78335));
5;0.972656250000000;77816;0;106.74;((76778, 78854), (77297, 77816, 78335));
5;0.970703125000000;77816;3;203.99;((76778, 78854), (77297, 77816, 78335));
5;0.969726562500000;77816;6;208.91;((76778, 78854), (77297, 77816, 78335));
5;0.970214843750000;77816;4;206.28;((76778, 78854), (77297, 77816, 78335));
5;0.969970703125000;77816;6;209.33;((76778, 78854), (77297, 77816, 78335));
5;0.970092773437500;77816;1;202.15;((76778, 78854), (77297, 77816, 78335));
5;0.970031738281250;77816;6;207.37;((76778, 78854), (77297, 77816, 78335));
5;0.970062255859375;77816;1;199.80;((76778, 78854), (77297, 77816, 78335));
5;0.970046997070312;77816;3;207.63;((76778, 78854), (77297, 77816, 78335));
5;0.970039367675781;77816;6;210.66;((76778, 78854), (77297, 77816, 78335));
5;0.970043182373047;77816;2;201.60;((76778, 78854), (77297, 77816, 78335));
5;0.970041275024414;77816;2;201.49;((76778, 78854), (77297, 77816, 78335));
5;0.970040321350098;77816;3;206.28;((76778, 78854), (77297, 77816, 78335));
5;0.500000000000000;78335;11;116.06;((76778, 78854), (77297, 77816, 78335));
5;0.750000000000000;78335;11;170.90;((76778, 78854), (77297, 77816, 78335));
5;0.875000000000000;78335;11;195.97;((76778, 78854), (77297, 77816, 78335));
5;0.937500000000000;78335;11;208.41;((76778, 78854), (77297, 77816, 78335));
5;0.968750000000000;78335;10;212.16;((76778, 78854), (77297, 77816, 78335));
5;0.984375000000000;78335;0;89.58;((76778, 78854), (77297, 77816, 78335));
5;0.976562500000000;78335;0;92.64;((76778, 78854), (77297, 77816, 78335));
5;0.972656250000000;78335;0;109.89;((76778, 78854), (77297, 77816, 78335));
5;0.970703125000000;78335;0;141.76;((76778, 78854), (77297, 77816, 78335));
5;0.969726562500000;78335;4;204.81;((76778, 78854), (77297, 77816, 78335));
5;0.969238281250000;78335;7;208.29;((76778, 78854), (77297, 77816, 78335));
5;0.969482421875000;78335;8;209.35;((76778, 78854), (77297, 77816, 78335));
5;0.969604492187500;78335;6;208.58;((76778, 78854), (77297, 77816, 78335));
5;0.969665527343750;78335;5;209.90;((76778, 78854), (77297, 77816, 78335));
5;0.969635009765625;78335;3;203.36;((76778, 78854), (77297, 77816, 78335));
5;0.969619750976562;78335;6;208.79;((76778, 78854), (77297, 77816, 78335));
5;0.969627380371094;78335;7;209.26;((76778, 78854), (77297, 77816, 78335));
5;0.969631195068359;78335;4;207.63;((76778, 78854), (77297, 77816, 78335));
5;0.969629287719727;78335;7;208.98;((76778, 78854), (77297, 77816, 78335));
5;0.969630241394043;78335;9;212.11;((76778, 78854), (77297, 77816, 78335));
5;0.500000000000000;77556;11;116.29;((77297, 78335), (77556, 77815, 78074));
5;0.750000000000000;77556;11;170.45;((77297, 78335), (77556, 77815, 78074));
5;0.875000000000000;77556;11;196.22;((77297, 78335), (77556, 77815, 78074));
5;0.937500000000000;77556;11;207.61;((77297, 78335), (77556, 77815, 78074));
5;0.968750000000000;77556;9;212.51;((77297, 78335), (77556, 77815, 78074));
5;0.984375000000000;77556;0;90.09;((77297, 78335), (77556, 77815, 78074));
5;0.976562500000000;77556;0;94.60;((77297, 78335), (77556, 77815, 78074));
5;0.972656250000000;77556;0;110.71;((77297, 78335), (77556, 77815, 78074));
5;0.970703125000000;77556;0;140.11;((77297, 78335), (77556, 77815, 78074));
5;0.969726562500000;77556;3;206.05;((77297, 78335), (77556, 77815, 78074));
5;0.969238281250000;77556;6;207.86;((77297, 78335), (77556, 77815, 78074));
5;0.969482421875000;77556;7;209.24;((77297, 78335), (77556, 77815, 78074));
5;0.969604492187500;77556;5;208.43;((77297, 78335), (77556, 77815, 78074));
5;0.969543457031250;77556;6;208.83;((77297, 78335), (77556, 77815, 78074));
5;0.969573974609375;77556;7;209.99;((77297, 78335), (77556, 77815, 78074));
5;0.969589233398438;77556;6;208.94;((77297, 78335), (77556, 77815, 78074));
5;0.969596862792969;77556;6;208.35;((77297, 78335), (77556, 77815, 78074));
5;0.969600677490234;77556;5;207.20;((77297, 78335), (77556, 77815, 78074));
5;0.969598770141602;77556;5;209.15;((77297, 78335), (77556, 77815, 78074));
5;0.969597816467285;77556;5;216.83;((77297, 78335), (77556, 77815, 78074));
5;0.500000000000000;78074;11;118.82;((77297, 78335), (77556, 77815, 78074));
5;0.750000000000000;78074;11;172.67;((77297, 78335), (77556, 77815, 78074));
5;0.875000000000000;78074;11;198.39;((77297, 78335), (77556, 77815, 78074));
5;0.937500000000000;78074;11;212.75;((77297, 78335), (77556, 77815, 78074));
5;0.968750000000000;78074;0;100.54;((77297, 78335), (77556, 77815, 78074));
5;0.953125000000000;78074;11;215.81;((77297, 78335), (77556, 77815, 78074));
5;0.960937500000000;78074;11;218.90;((77297, 78335), (77556, 77815, 78074));
5;0.964843750000000;78074;3;206.89;((77297, 78335), (77556, 77815, 78074));
5;0.962890625000000;78074;10;222.65;((77297, 78335), (77556, 77815, 78074));
5;0.963867187500000;78074;9;210.40;((77297, 78335), (77556, 77815, 78074));
5;0.964355468750000;78074;6;213.15;((77297, 78335), (77556, 77815, 78074));
5;0.964599609375000;78074;2;207.01;((77297, 78335), (77556, 77815, 78074));
5;0.964477539062500;78074;6;208.51;((77297, 78335), (77556, 77815, 78074));
5;0.964538574218750;78074;7;209.70;((77297, 78335), (77556, 77815, 78074));
5;0.964569091796875;78074;4;208.84;((77297, 78335), (77556, 77815, 78074));
5;0.964553833007812;78074;5;211.69;((77297, 78335), (77556, 77815, 78074));
5;0.964546203613281;78074;6;208.24;((77297, 78335), (77556, 77815, 78074));
5;0.964550018310547;78074;7;210.61;((77297, 78335), (77556, 77815, 78074));
5;0.964551925659180;78074;3;207.59;((77297, 78335), (77556, 77815, 78074));
5;0.964550971984863;78074;4;207.94;((77297, 78335), (77556, 77815, 78074));
5;0.500000000000000;77685;11;117.89;((77556, 78074), (77685, 77814, 77943));
5;0.750000000000000;77685;11;170.52;((77556, 78074), (77685, 77814, 77943));
5;0.875000000000000;77685;11;198.58;((77556, 78074), (77685, 77814, 77943));
5;0.937500000000000;77685;11;214.09;((77556, 78074), (77685, 77814, 77943));
5;0.968750000000000;77685;11;219.43;((77556, 78074), (77685, 77814, 77943));
5;0.984375000000000;77685;0;90.33;((77556, 78074), (77685, 77814, 77943));
5;0.976562500000000;77685;0;94.02;((77556, 78074), (77685, 77814, 77943));
5;0.972656250000000;77685;0;105.34;((77556, 78074), (77685, 77814, 77943));
5;0.970703125000000;77685;1;206.61;((77556, 78074), (77685, 77814, 77943));
5;0.969726562500000;77685;3;207.00;((77556, 78074), (77685, 77814, 77943));
5;0.969238281250000;77685;8;212.91;((77556, 78074), (77685, 77814, 77943));
5;0.969482421875000;77685;2;206.24;((77556, 78074), (77685, 77814, 77943));
5;0.969360351562500;77685;8;211.40;((77556, 78074), (77685, 77814, 77943));
5;0.969421386718750;77685;8;213.86;((77556, 78074), (77685, 77814, 77943));
5;0.969451904296875;77685;8;220.94;((77556, 78074), (77685, 77814, 77943));
5;0.969467163085938;77685;6;210.07;((77556, 78074), (77685, 77814, 77943));
5;0.969474792480469;77685;5;211.89;((77556, 78074), (77685, 77814, 77943));
5;0.969470977783203;77685;9;216.37;((77556, 78074), (77685, 77814, 77943));
5;0.969472885131836;77685;8;212.64;((77556, 78074), (77685, 77814, 77943));
5;0.969473838806152;77685;6;213.62;((77556, 78074), (77685, 77814, 77943));
5;0.500000000000000;77814;11;118.32;((77556, 78074), (77685, 77814, 77943));
5;0.750000000000000;77814;11;172.31;((77556, 78074), (77685, 77814, 77943));
5;0.875000000000000;77814;11;201.00;((77556, 78074), (77685, 77814, 77943));
5;0.937500000000000;77814;11;212.09;((77556, 78074), (77685, 77814, 77943));
5;0.968750000000000;77814;0;97.97;((77556, 78074), (77685, 77814, 77943));
5;0.953125000000000;77814;11;215.83;((77556, 78074), (77685, 77814, 77943));
5;0.960937500000000;77814;11;215.95;((77556, 78074), (77685, 77814, 77943));
5;0.964843750000000;77814;4;209.15;((77556, 78074), (77685, 77814, 77943));
5;0.962890625000000;77814;10;215.54;((77556, 78074), (77685, 77814, 77943));
5;0.963867187500000;77814;7;210.40;((77556, 78074), (77685, 77814, 77943));
5;0.964355468750000;77814;7;210.58;((77556, 78074), (77685, 77814, 77943));
5;0.964599609375000;77814;4;209.15;((77556, 78074), (77685, 77814, 77943));
5;0.964477539062500;77814;3;207.22;((77556, 78074), (77685, 77814, 77943));
5;0.964416503906250;77814;7;214.00;((77556, 78074), (77685, 77814, 77943));
5;0.964447021484375;77814;3;209.69;((77556, 78074), (77685, 77814, 77943));
5;0.964431762695312;77814;4;207.88;((77556, 78074), (77685, 77814, 77943));
5;0.964424133300781;77814;8;212.40;((77556, 78074), (77685, 77814, 77943));
5;0.964427947998047;77814;5;210.54;((77556, 78074), (77685, 77814, 77943));
5;0.964426040649414;77814;5;211.94;((77556, 78074), (77685, 77814, 77943));
5;0.964425086975098;77814;7;254.91;((77556, 78074), (77685, 77814, 77943));
5;0.500000000000000;77943;11;122.46;((77556, 78074), (77685, 77814, 77943));
5;0.750000000000000;77943;11;172.43;((77556, 78074), (77685, 77814, 77943));
5;0.875000000000000;77943;11;198.60;((77556, 78074), (77685, 77814, 77943));
5;0.937500000000000;77943;11;213.88;((77556, 78074), (77685, 77814, 77943));
5;0.968750000000000;77943;9;213.20;((77556, 78074), (77685, 77814, 77943));
5;0.984375000000000;77943;0;90.01;((77556, 78074), (77685, 77814, 77943));
5;0.976562500000000;77943;0;93.66;((77556, 78074), (77685, 77814, 77943));
5;0.972656250000000;77943;0;117.02;((77556, 78074), (77685, 77814, 77943));
5;0.970703125000000;77943;3;208.37;((77556, 78074), (77685, 77814, 77943));
5;0.969726562500000;77943;5;211.95;((77556, 78074), (77685, 77814, 77943));
5;0.969238281250000;77943;8;212.87;((77556, 78074), (77685, 77814, 77943));
5;0.969482421875000;77943;7;210.45;((77556, 78074), (77685, 77814, 77943));
5;0.969604492187500;77943;6;208.19;((77556, 78074), (77685, 77814, 77943));
5;0.969665527343750;77943;6;211.32;((77556, 78074), (77685, 77814, 77943));
5;0.969696044921875;77943;6;213.99;((77556, 78074), (77685, 77814, 77943));
5;0.969711303710938;77943;5;209.96;((77556, 78074), (77685, 77814, 77943));
5;0.969703674316406;77943;2;207.89;((77556, 78074), (77685, 77814, 77943));
5;0.969699859619141;77943;6;214.66;((77556, 78074), (77685, 77814, 77943));
5;0.969701766967773;77943;5;209.74;((77556, 78074), (77685, 77814, 77943));
5;0.969700813293457;77943;6;210.62;((77556, 78074), (77685, 77814, 77943));
5;0.500000000000000;77879;11;118.14;((77814, 78074), (77879, 77944, 78009));
5;0.750000000000000;77879;11;173.80;((77814, 78074), (77879, 77944, 78009));
5;0.875000000000000;77879;11;199.47;((77814, 78074), (77879, 77944, 78009));
5;0.937500000000000;77879;11;212.76;((77814, 78074), (77879, 77944, 78009));
5;0.968750000000000;77879;11;219.81;((77814, 78074), (77879, 77944, 78009));
5;0.984375000000000;77879;0;90.62;((77814, 78074), (77879, 77944, 78009));
5;0.976562500000000;77879;0;92.86;((77814, 78074), (77879, 77944, 78009));
5;0.972656250000000;77879;0;110.55;((77814, 78074), (77879, 77944, 78009));
5;0.970703125000000;77879;1;206.16;((77814, 78074), (77879, 77944, 78009));
5;0.969726562500000;77879;4;209.78;((77814, 78074), (77879, 77944, 78009));
5;0.969238281250000;77879;6;211.74;((77814, 78074), (77879, 77944, 78009));
5;0.969482421875000;77879;3;207.08;((77814, 78074), (77879, 77944, 78009));
5;0.969360351562500;77879;7;210.33;((77814, 78074), (77879, 77944, 78009));
5;0.969421386718750;77879;8;210.61;((77814, 78074), (77879, 77944, 78009));
5;0.969451904296875;77879;6;211.15;((77814, 78074), (77879, 77944, 78009));
5;0.969467163085938;77879;6;212.51;((77814, 78074), (77879, 77944, 78009));
5;0.969474792480469;77879;6;212.14;((77814, 78074), (77879, 77944, 78009));
5;0.969478607177734;77879;8;216.31;((77814, 78074), (77879, 77944, 78009));
5;0.969480514526367;77879;8;212.52;((77814, 78074), (77879, 77944, 78009));
5;0.969481468200684;77879;7;213.35;((77814, 78074), (77879, 77944, 78009));
5;0.500000000000000;77944;11;119.08;((77814, 78074), (77879, 77944, 78009));
5;0.750000000000000;77944;11;172.88;((77814, 78074), (77879, 77944, 78009));
5;0.875000000000000;77944;11;203.72;((77814, 78074), (77879, 77944, 78009));
5;0.937500000000000;77944;11;213.57;((77814, 78074), (77879, 77944, 78009));
5;0.968750000000000;77944;0;105.71;((77814, 78074), (77879, 77944, 78009));
5;0.953125000000000;77944;11;217.06;((77814, 78074), (77879, 77944, 78009));
5;0.960937500000000;77944;11;217.81;((77814, 78074), (77879, 77944, 78009));
5;0.964843750000000;77944;6;258.66;((77814, 78074), (77879, 77944, 78009));
5;0.966796875000000;77944;0;140.23;((77814, 78074), (77879, 77944, 78009));
5;0.965820312500000;77944;1;206.12;((77814, 78074), (77879, 77944, 78009));
5;0.965332031250000;77944;3;207.73;((77814, 78074), (77879, 77944, 78009));
5;0.965087890625000;77944;3;208.11;((77814, 78074), (77879, 77944, 78009));
5;0.964965820312500;77944;2;207.98;((77814, 78074), (77879, 77944, 78009));
5;0.964904785156250;77944;2;206.59;((77814, 78074), (77879, 77944, 78009));
5;0.964874267578125;77944;6;209.68;((77814, 78074), (77879, 77944, 78009));
5;0.964889526367188;77944;4;207.74;((77814, 78074), (77879, 77944, 78009));
5;0.964881896972656;77944;5;208.37;((77814, 78074), (77879, 77944, 78009));
5;0.964878082275391;77944;5;209.35;((77814, 78074), (77879, 77944, 78009));
5;0.964876174926758;77944;6;209.71;((77814, 78074), (77879, 77944, 78009));
5;0.964877128601074;77944;3;207.88;((77814, 78074), (77879, 77944, 78009));
5;0.500000000000000;78009;11;118.12;((77814, 78074), (77879, 77944, 78009));
5;0.750000000000000;78009;11;172.93;((77814, 78074), (77879, 77944, 78009));
5;0.875000000000000;78009;11;199.04;((77814, 78074), (77879, 77944, 78009));
5;0.937500000000000;78009;11;211.49;((77814, 78074), (77879, 77944, 78009));
5;0.968750000000000;78009;7;221.66;((77814, 78074), (77879, 77944, 78009));
5;0.984375000000000;78009;0;89.71;((77814, 78074), (77879, 77944, 78009));
5;0.976562500000000;78009;0;94.20;((77814, 78074), (77879, 77944, 78009));
5;0.972656250000000;78009;0;112.66;((77814, 78074), (77879, 77944, 78009));
5;0.970703125000000;78009;1;206.98;((77814, 78074), (77879, 77944, 78009));
5;0.969726562500000;78009;7;210.77;((77814, 78074), (77879, 77944, 78009));
5;0.970214843750000;78009;3;208.35;((77814, 78074), (77879, 77944, 78009));
5;0.969970703125000;78009;5;213.25;((77814, 78074), (77879, 77944, 78009));
5;0.969848632812500;78009;7;210.62;((77814, 78074), (77879, 77944, 78009));
5;0.969909667968750;78009;5;209.87;((77814, 78074), (77879, 77944, 78009));
5;0.969879150390625;78009;2;209.18;((77814, 78074), (77879, 77944, 78009));
5;0.969863891601562;78009;5;211.78;((77814, 78074), (77879, 77944, 78009));
5;0.969856262207031;78009;5;209.20;((77814, 78074), (77879, 77944, 78009));
5;0.969852447509766;78009;7;211.05;((77814, 78074), (77879, 77944, 78009));
5;0.969854354858398;78009;4;215.11;((77814, 78074), (77879, 77944, 78009));
5;0.969853401184082;78009;5;209.64;((77814, 78074), (77879, 77944, 78009));
5;0.500000000000000;77976;11;117.67;((77944, 78074), (77976, 78008, 78040));
5;0.750000000000000;77976;11;171.85;((77944, 78074), (77976, 78008, 78040));
5;0.875000000000000;77976;11;198.39;((77944, 78074), (77976, 78008, 78040));
5;0.937500000000000;77976;11;212.69;((77944, 78074), (77976, 78008, 78040));
5;0.968750000000000;77976;9;213.57;((77944, 78074), (77976, 78008, 78040));
5;0.984375000000000;77976;0;89.70;((77944, 78074), (77976, 78008, 78040));
5;0.976562500000000;77976;0;93.92;((77944, 78074), (77976, 78008, 78040));
5;0.972656250000000;77976;0;125.36;((77944, 78074), (77976, 78008, 78040));
5;0.970703125000000;77976;1;206.60;((77944, 78074), (77976, 78008, 78040));
5;0.969726562500000;77976;7;210.93;((77944, 78074), (77976, 78008, 78040));
5;0.970214843750000;77976;3;208.21;((77944, 78074), (77976, 78008, 78040));
5;0.969970703125000;77976;6;208.99;((77944, 78074), (77976, 78008, 78040));
5;0.970092773437500;77976;5;208.68;((77944, 78074), (77976, 78008, 78040));
5;0.970031738281250;77976;3;207.41;((77944, 78074), (77976, 78008, 78040));
5;0.970001220703125;77976;4;208.81;((77944, 78074), (77976, 78008, 78040));
5;0.969985961914062;77976;3;209.53;((77944, 78074), (77976, 78008, 78040));
5;0.969978332519531;77976;3;208.74;((77944, 78074), (77976, 78008, 78040));
5;0.969974517822266;77976;4;208.52;((77944, 78074), (77976, 78008, 78040));
5;0.969972610473633;77976;4;211.04;((77944, 78074), (77976, 78008, 78040));
5;0.969971656799316;77976;4;209.27;((77944, 78074), (77976, 78008, 78040));
5;0.500000000000000;78008;11;117.63;((77944, 78074), (77976, 78008, 78040));
5;0.750000000000000;78008;11;171.12;((77944, 78074), (77976, 78008, 78040));
5;0.875000000000000;78008;11;198.93;((77944, 78074), (77976, 78008, 78040));
5;0.937500000000000;78008;11;212.94;((77944, 78074), (77976, 78008, 78040));
5;0.968750000000000;78008;7;211.84;((77944, 78074), (77976, 78008, 78040));
5;0.984375000000000;78008;0;91.38;((77944, 78074), (77976, 78008, 78040));
5;0.976562500000000;78008;0;95.27;((77944, 78074), (77976, 78008, 78040));
5;0.972656250000000;78008;0;120.87;((77944, 78074), (77976, 78008, 78040));
5;0.970703125000000;78008;4;208.94;((77944, 78074), (77976, 78008, 78040));
5;0.969726562500000;78008;6;210.27;((77944, 78074), (77976, 78008, 78040));
5;0.970214843750000;78008;1;206.67;((77944, 78074), (77976, 78008, 78040));
5;0.969970703125000;78008;4;210.66;((77944, 78074), (77976, 78008, 78040));
5;0.969848632812500;78008;6;210.78;((77944, 78074), (77976, 78008, 78040));
5;0.969909667968750;78008;6;214.76;((77944, 78074), (77976, 78008, 78040));
5;0.969940185546875;78008;4;210.42;((77944, 78074), (77976, 78008, 78040));
5;0.969924926757812;78008;4;209.56;((77944, 78074), (77976, 78008, 78040));
5;0.969917297363281;78008;1;208.73;((77944, 78074), (77976, 78008, 78040));
5;0.969913482666016;78008;5;208.04;((77944, 78074), (77976, 78008, 78040));
5;0.969911575317383;78008;4;209.46;((77944, 78074), (77976, 78008, 78040));
5;0.969910621643066;78008;6;211.04;((77944, 78074), (77976, 78008, 78040));
5;0.500000000000000;78040;11;118.80;((77944, 78074), (77976, 78008, 78040));
5;0.750000000000000;78040;11;174.26;((77944, 78074), (77976, 78008, 78040));
5;0.875000000000000;78040;11;201.23;((77944, 78074), (77976, 78008, 78040));
5;0.937500000000000;78040;11;212.03;((77944, 78074), (77976, 78008, 78040));
5;0.968750000000000;78040;0;107.37;((77944, 78074), (77976, 78008, 78040));
5;0.953125000000000;78040;11;216.24;((77944, 78074), (77976, 78008, 78040));
5;0.960937500000000;78040;11;216.23;((77944, 78074), (77976, 78008, 78040));
5;0.964843750000000;78040;4;209.22;((77944, 78074), (77976, 78008, 78040));
5;0.962890625000000;78040;10;212.98;((77944, 78074), (77976, 78008, 78040));
5;0.963867187500000;78040;6;209.64;((77944, 78074), (77976, 78008, 78040));
5;0.964355468750000;78040;4;207.44;((77944, 78074), (77976, 78008, 78040));
5;0.964111328125000;78040;7;211.76;((77944, 78074), (77976, 78008, 78040));
5;0.964233398437500;78040;9;213.14;((77944, 78074), (77976, 78008, 78040));
5;0.964294433593750;78040;10;217.14;((77944, 78074), (77976, 78008, 78040));
5;0.964324951171875;78040;7;212.79;((77944, 78074), (77976, 78008, 78040));
5;0.964340209960938;78040;5;211.16;((77944, 78074), (77976, 78008, 78040));
5;0.964332580566406;78040;5;210.40;((77944, 78074), (77976, 78008, 78040));
5;0.964328765869141;78040;8;209.84;((77944, 78074), (77976, 78008, 78040));
5;0.964330673217773;78040;6;210.77;((77944, 78074), (77976, 78008, 78040));
5;0.964331626892090;78040;5;212.85;((77944, 78074), (77976, 78008, 78040));
5;0.500000000000000;77960;11;118.13;((77944, 78008), (77960, 77976, 77992));
5;0.750000000000000;77960;11;171.37;((77944, 78008), (77960, 77976, 77992));
5;0.875000000000000;77960;11;199.77;((77944, 78008), (77960, 77976, 77992));
5;0.937500000000000;77960;11;217.61;((77944, 78008), (77960, 77976, 77992));
5;0.968750000000000;77960;0;109.85;((77944, 78008), (77960, 77976, 77992));
5;0.953125000000000;77960;11;216.35;((77944, 78008), (77960, 77976, 77992));
5;0.960937500000000;77960;11;219.47;((77944, 78008), (77960, 77976, 77992));
5;0.964843750000000;77960;6;209.78;((77944, 78008), (77960, 77976, 77992));
5;0.966796875000000;77960;0;147.78;((77944, 78008), (77960, 77976, 77992));
5;0.965820312500000;77960;0;144.06;((77944, 78008), (77960, 77976, 77992));
5;0.965332031250000;77960;0;140.47;((77944, 78008), (77960, 77976, 77992));
5;0.965087890625000;77960;1;204.77;((77944, 78008), (77960, 77976, 77992));
5;0.964965820312500;77960;1;206.46;((77944, 78008), (77960, 77976, 77992));
5;0.964904785156250;77960;6;211.56;((77944, 78008), (77960, 77976, 77992));
5;0.964935302734375;77960;5;209.28;((77944, 78008), (77960, 77976, 77992));
5;0.964920043945312;77960;5;209.00;((77944, 78008), (77960, 77976, 77992));
5;0.964912414550781;77960;1;206.73;((77944, 78008), (77960, 77976, 77992));
5;0.964908599853516;77960;3;210.64;((77944, 78008), (77960, 77976, 77992));
5;0.964906692504883;77960;6;210.11;((77944, 78008), (77960, 77976, 77992));
5;0.964907646179199;77960;4;210.70;((77944, 78008), (77960, 77976, 77992));
5;0.500000000000000;77992;11;118.96;((77944, 78008), (77960, 77976, 77992));
5;0.750000000000000;77992;11;173.38;((77944, 78008), (77960, 77976, 77992));
5;0.875000000000000;77992;11;198.29;((77944, 78008), (77960, 77976, 77992));
5;0.937500000000000;77992;11;213.04;((77944, 78008), (77960, 77976, 77992));
5;0.968750000000000;77992;0;107.48;((77944, 78008), (77960, 77976, 77992));
5;0.953125000000000;77992;11;217.99;((77944, 78008), (77960, 77976, 77992));
5;0.960937500000000;77992;11;217.06;((77944, 78008), (77960, 77976, 77992));
5;0.964843750000000;77992;4;207.77;((77944, 78008), (77960, 77976, 77992));
5;0.962890625000000;77992;11;218.52;((77944, 78008), (77960, 77976, 77992));
5;0.963867187500000;77992;7;210.75;((77944, 78008), (77960, 77976, 77992));
5;0.964355468750000;77992;8;210.37;((77944, 78008), (77960, 77976, 77992));
5;0.964599609375000;77992;5;210.79;((77944, 78008), (77960, 77976, 77992));
5;0.964477539062500;77992;6;212.38;((77944, 78008), (77960, 77976, 77992));
5;0.964538574218750;77992;6;210.03;((77944, 78008), (77960, 77976, 77992));
5;0.964569091796875;77992;3;206.96;((77944, 78008), (77960, 77976, 77992));
5;0.964553833007812;77992;7;208.98;((77944, 78008), (77960, 77976, 77992));
5;0.964561462402344;77992;1;207.53;((77944, 78008), (77960, 77976, 77992));
5;0.964557647705078;77992;6;209.85;((77944, 78008), (77960, 77976, 77992));
5;0.964559555053711;77992;4;207.72;((77944, 78008), (77960, 77976, 77992));
5;0.964558601379395;77992;5;207.86;((77944, 78008), (77960, 77976, 77992));
