5;0.500000000000000;3125;11;0.33;((0, 12500), (3125, 6250, 9375));
5;0.750000000000000;3125;0;0.29;((0, 12500), (3125, 6250, 9375));
5;0.625000000000000;3125;11;0.37;((0, 12500), (3125, 6250, 9375));
5;0.687500000000000;3125;11;0.43;((0, 12500), (3125, 6250, 9375));
5;0.718750000000000;3125;11;0.43;((0, 12500), (3125, 6250, 9375));
5;0.734375000000000;3125;6;0.40;((0, 12500), (3125, 6250, 9375));
5;0.742187500000000;3125;1;0.39;((0, 12500), (3125, 6250, 9375));
5;0.738281250000000;3125;5;0.38;((0, 12500), (3125, 6250, 9375));
5;0.736328125000000;3125;4;0.43;((0, 12500), (3125, 6250, 9375));
5;0.735351562500000;3125;4;0.37;((0, 12500), (3125, 6250, 9375));
5;0.734863281250000;3125;7;0.39;((0, 12500), (3125, 6250, 9375));
5;0.735107421875000;3125;4;0.42;((0, 12500), (3125, 6250, 9375));
5;0.734985351562500;3125;7;0.38;((0, 12500), (3125, 6250, 9375));
5;0.735046386718750;3125;5;0.41;((0, 12500), (3125, 6250, 9375));
5;0.735015869140625;3125;4;0.40;((0, 12500), (3125, 6250, 9375));
5;0.735000610351562;3125;5;0.40;((0, 12500), (3125, 6250, 9375));
5;0.734992980957031;3125;5;0.41;((0, 12500), (3125, 6250, 9375));
5;0.734989166259766;3125;3;0.36;((0, 12500), (3125, 6250, 9375));
5;0.734987258911133;3125;5;0.40;((0, 12500), (3125, 6250, 9375));
5;0.734986305236816;3125;3;0.37;((0, 12500), (3125, 6250, 9375));
5;0.500000000000000;6250;11;0.33;((0, 12500), (3125, 6250, 9375));
5;0.750000000000000;6250;0;0.28;((0, 12500), (3125, 6250, 9375));
5;0.625000000000000;6250;0;0.29;((0, 12500), (3125, 6250, 9375));
5;0.562500000000000;6250;11;0.35;((0, 12500), (3125, 6250, 9375));
5;0.593750000000000;6250;11;0.39;((0, 12500), (3125, 6250, 9375));
5;0.609375000000000;6250;11;0.36;((0, 12500), (3125, 6250, 9375));
5;0.617187500000000;6250;5;0.37;((0, 12500), (3125, 6250, 9375));
5;0.613281250000000;6250;7;0.38;((0, 12500), (3125, 6250, 9375));
5;0.615234375000000;6250;0;0.28;((0, 12500), (3125, 6250, 9375));
5;0.614257812500000;6250;4;0.34;((0, 12500), (3125, 6250, 9375));
5;0.613769531250000;6250;5;0.40;((0, 12500), (3125, 6250, 9375));
5;0.613525390625000;6250;7;0.34;((0, 12500), (3125, 6250, 9375));
5;0.613647460937500;6250;6;0.36;((0, 12500), (3125, 6250, 9375));
5;0.613708496093750;6250;3;0.36;((0, 12500), (3125, 6250, 9375));
5;0.613677978515625;6250;6;0.33;((0, 12500), (3125, 6250, 9375));
5;0.613693237304688;6250;7;0.35;((0, 12500), (3125, 6250, 9375));
5;0.613700866699219;6250;8;0.38;((0, 12500), (3125, 6250, 9375));
5;0.613704681396484;6250;8;0.34;((0, 12500), (3125, 6250, 9375));
5;0.613706588745117;6250;6;0.38;((0, 12500), (3125, 6250, 9375));
5;0.613707542419434;6250;4;0.36;((0, 12500), (3125, 6250, 9375));
5;0.500000000000000;9375;11;0.31;((0, 12500), (3125, 6250, 9375));
5;0.750000000000000;9375;0;0.29;((0, 12500), (3125, 6250, 9375));
5;0.625000000000000;9375;11;0.39;((0, 12500), (3125, 6250, 9375));
5;0.687500000000000;9375;0;0.28;((0, 12500), (3125, 6250, 9375));
5;0.656250000000000;9375;0;0.27;((0, 12500), (3125, 6250, 9375));
5;0.640625000000000;9375;11;0.41;((0, 12500), (3125, 6250, 9375));
5;0.648437500000000;9375;3;0.36;((0, 12500), (3125, 6250, 9375));
5;0.644531250000000;9375;6;0.40;((0, 12500), (3125, 6250, 9375));
5;0.646484375000000;9375;6;0.34;((0, 12500), (3125, 6250, 9375));
5;0.647460937500000;9375;4;0.38;((0, 12500), (3125, 6250, 9375));
5;0.646972656250000;9375;6;0.37;((0, 12500), (3125, 6250, 9375));
5;0.647216796875000;9375;6;0.37;((0, 12500), (3125, 6250, 9375));
5;0.647338867187500;9375;5;0.36;((0, 12500), (3125, 6250, 9375));
5;0.647277832031250;9375;5;0.38;((0, 12500), (3125, 6250, 9375));
5;0.647247314453125;9375;6;0.37;((0, 12500), (3125, 6250, 9375));
5;0.647262573242188;9375;6;0.41;((0, 12500), (3125, 6250, 9375));
5;0.647270202636719;9375;6;0.35;((0, 12500), (3125, 6250, 9375));
5;0.647274017333984;9375;3;0.36;((0, 12500), (3125, 6250, 9375));
5;0.647272109985352;9375;4;0.39;((0, 12500), (3125, 6250, 9375));
5;0.647271156311035;9375;5;0.35;((0, 12500), (3125, 6250, 9375));
5;0.500000000000000;1562;11;0.35;((0, 6250), (1562, 3124, 4686));
5;0.750000000000000;1562;11;0.46;((0, 6250), (1562, 3124, 4686));
5;0.875000000000000;1562;0;0.29;((0, 6250), (1562, 3124, 4686));
5;0.812500000000000;1562;9;0.44;((0, 6250), (1562, 3124, 4686));
5;0.843750000000000;1562;0;0.33;((0, 6250), (1562, 3124, 4686));
5;0.828125000000000;1562;0;0.32;((0, 6250), (1562, 3124, 4686));
5;0.820312500000000;1562;2;0.44;((0, 6250), (1562, 3124, 4686));
5;0.816406250000000;1562;3;0.39;((0, 6250), (1562, 3124, 4686));
5;0.814453125000000;1562;6;0.47;((0, 6250), (1562, 3124, 4686));
5;0.815429687500000;1562;6;0.42;((0, 6250), (1562, 3124, 4686));
5;0.815917968750000;1562;3;0.43;((0, 6250), (1562, 3124, 4686));
5;0.815673828125000;1562;7;0.42;((0, 6250), (1562, 3124, 4686));
5;0.815795898437500;1562;3;0.41;((0, 6250), (1562, 3124, 4686));
5;0.815734863281250;1562;5;0.44;((0, 6250), (1562, 3124, 4686));
5;0.815704345703125;1562;4;0.43;((0, 6250), (1562, 3124, 4686));
5;0.815689086914062;1562;5;0.44;((0, 6250), (1562, 3124, 4686));
5;0.815681457519531;1562;5;0.42;((0, 6250), (1562, 3124, 4686));
5;0.815677642822266;1562;5;0.42;((0, 6250), (1562, 3124, 4686));
5;0.815675735473633;1562;6;0.45;((0, 6250), (1562, 3124, 4686));
5;0.815676689147949;1562;6;0.42;((0, 6250), (1562, 3124, 4686));
5;0.500000000000000;3124;11;0.37;((0, 6250), (1562, 3124, 4686));
5;0.750000000000000;3124;0;0.30;((0, 6250), (1562, 3124, 4686));
5;0.625000000000000;3124;11;0.36;((0, 6250), (1562, 3124, 4686));
5;0.687500000000000;3124;11;0.43;((0, 6250), (1562, 3124, 4686));
5;0.718750000000000;3124;9;0.40;((0, 6250), (1562, 3124, 4686));
5;0.734375000000000;3124;2;0.39;((0, 6250), (1562, 3124, 4686));
5;0.726562500000000;3124;5;0.39;((0, 6250), (1562, 3124, 4686));
5;0.722656250000000;3124;11;0.40;((0, 6250), (1562, 3124, 4686));
5;0.724609375000000;3124;9;0.43;((0, 6250), (1562, 3124, 4686));
5;0.725585937500000;3124;4;0.38;((0, 6250), (1562, 3124, 4686));
5;0.725097656250000;3124;7;0.40;((0, 6250), (1562, 3124, 4686));
5;0.725341796875000;3124;4;0.40;((0, 6250), (1562, 3124, 4686));
5;0.725219726562500;3124;8;0.41;((0, 6250), (1562, 3124, 4686));
5;0.725280761718750;3124;5;0.41;((0, 6250), (1562, 3124, 4686));
5;0.725250244140625;3124;8;0.38;((0, 6250), (1562, 3124, 4686));
5;0.725265502929688;3124;7;0.44;((0, 6250), (1562, 3124, 4686));
5;0.725273132324219;3124;9;0.41;((0, 6250), (1562, 3124, 4686));
5;0.725276947021484;3124;9;0.42;((0, 6250), (1562, 3124, 4686));
5;0.725278854370117;3124;10;0.40;((0, 6250), (1562, 3124, 4686));
5;0.725279808044434;3124;9;0.40;((0, 6250), (1562, 3124, 4686));
5;0.500000000000000;4686;11;0.33;((0, 6250), (1562, 3124, 4686));
5;0.750000000000000;4686;0;0.29;((0, 6250), (1562, 3124, 4686));
5;0.625000000000000;4686;11;0.39;((0, 6250), (1562, 3124, 4686));
5;0.687500000000000;4686;0;0.26;((0, 6250), (1562, 3124, 4686));
5;0.656250000000000;4686;10;0.38;((0, 6250), (1562, 3124, 4686));
5;0.671875000000000;4686;0;0.28;((0, 6250), (1562, 3124, 4686));
5;0.664062500000000;4686;3;0.33;((0, 6250), (1562, 3124, 4686));
5;0.660156250000000;4686;4;0.40;((0, 6250), (1562, 3124, 4686));
5;0.658203125000000;4686;10;0.38;((0, 6250), (1562, 3124, 4686));
5;0.659179687500000;4686;6;0.41;((0, 6250), (1562, 3124, 4686));
5;0.659667968750000;4686;7;0.37;((0, 6250), (1562, 3124, 4686));
5;0.659912109375000;4686;7;0.39;((0, 6250), (1562, 3124, 4686));
5;0.660034179687500;4686;4;0.38;((0, 6250), (1562, 3124, 4686));
5;0.659973144531250;4686;6;0.40;((0, 6250), (1562, 3124, 4686));
5;0.660003662109375;4686;6;0.39;((0, 6250), (1562, 3124, 4686));
5;0.660018920898438;4686;8;0.39;((0, 6250), (1562, 3124, 4686));
5;0.660026550292969;4686;8;0.38;((0, 6250), (1562, 3124, 4686));
5;0.660030364990234;4686;7;0.39;((0, 6250), (1562, 3124, 4686));
5;0.660032272338867;4686;4;0.35;((0, 6250), (1562, 3124, 4686));
5;0.660031318664551;4686;10;0.37;((0, 6250), (1562, 3124, 4686));
5;0.500000000000000;781;11;0.37;((0, 3124), (781, 1562, 2343));
5;0.750000000000000;781;11;0.41;((0, 3124), (781, 1562, 2343));
5;0.875000000000000;781;0;0.32;((0, 3124), (781, 1562, 2343));
5;0.812500000000000;781;10;0.43;((0, 3124), (781, 1562, 2343));
5;0.843750000000000;781;4;0.41;((0, 3124), (781, 1562, 2343));
5;0.828125000000000;781;10;0.43;((0, 3124), (781, 1562, 2343));
5;0.835937500000000;781;9;0.43;((0, 3124), (781, 1562, 2343));
5;0.839843750000000;781;5;0.48;((0, 3124), (781, 1562, 2343));
5;0.837890625000000;781;8;0.42;((0, 3124), (781, 1562, 2343));
5;0.838867187500000;781;8;0.45;((0, 3124), (781, 1562, 2343));
5;0.839355468750000;781;7;0.41;((0, 3124), (781, 1562, 2343));
5;0.839599609375000;781;6;0.44;((0, 3124), (781, 1562, 2343));
5;0.839721679687500;781;5;0.43;((0, 3124), (781, 1562, 2343));
5;0.839660644531250;781;8;0.42;((0, 3124), (781, 1562, 2343));
5;0.839691162109375;781;4;0.42;((0, 3124), (781, 1562, 2343));
5;0.839675903320312;781;7;0.41;((0, 3124), (781, 1562, 2343));
5;0.839683532714844;781;6;0.44;((0, 3124), (781, 1562, 2343));
5;0.839687347412109;781;7;0.43;((0, 3124), (781, 1562, 2343));
5;0.839689254760742;781;6;0.43;((0, 3124), (781, 1562, 2343));
5;0.839690208435059;781;9;0.44;((0, 3124), (781, 1562, 2343));
5;0.500000000000000;2343;11;0.34;((0, 3124), (781, 1562, 2343));
5;0.750000000000000;2343;11;0.43;((0, 3124), (781, 1562, 2343));
5;0.875000000000000;2343;0;0.28;((0, 3124), (781, 1562, 2343));
5;0.812500000000000;2343;0;0.30;((0, 3124), (781, 1562, 2343));
5;0.781250000000000;2343;8;0.45;((0, 3124), (781, 1562, 2343));
5;0.796875000000000;2343;0;0.29;((0, 3124), (781, 1562, 2343));
5;0.789062500000000;2343;4;0.39;((0, 3124), (781, 1562, 2343));
5;0.785156250000000;2343;4;0.39;((0, 3124), (781, 1562, 2343));
5;0.783203125000000;2343;7;0.39;((0, 3124), (781, 1562, 2343));
5;0.784179687500000;2343;4;0.40;((0, 3124), (781, 1562, 2343));
5;0.783691406250000;2343;4;0.40;((0, 3124), (781, 1562, 2343));
5;0.783447265625000;2343;5;0.39;((0, 3124), (781, 1562, 2343));
5;0.783325195312500;2343;4;0.42;((0, 3124), (781, 1562, 2343));
5;0.783264160156250;2343;4;0.39;((0, 3124), (781, 1562, 2343));
5;0.783233642578125;2343;7;0.43;((0, 3124), (781, 1562, 2343));
5;0.783248901367188;2343;4;0.40;((0, 3124), (781, 1562, 2343));
5;0.783241271972656;2343;5;0.38;((0, 3124), (781, 1562, 2343));
5;0.783237457275391;2343;4;0.41;((0, 3124), (781, 1562, 2343));
5;0.783235549926758;2343;5;0.38;((0, 3124), (781, 1562, 2343));
5;0.783234596252441;2343;3;0.41;((0, 3124), (781, 1562, 2343));
5;0.500000000000000;390;11;0.33;((0, 1562), (390, 780, 1170));
5;0.750000000000000;390;11;0.42;((0, 1562), (390, 780, 1170));
5;0.875000000000000;390;0;0.29;((0, 1562), (390, 780, 1170));
5;0.812500000000000;390;3;0.41;((0, 1562), (390, 780, 1170));
5;0.781250000000000;390;11;0.41;((0, 1562), (390, 780, 1170));
5;0.796875000000000;390;8;0.43;((0, 1562), (390, 780, 1170));
5;0.804687500000000;390;4;0.38;((0, 1562), (390, 780, 1170));
5;0.800781250000000;390;2;0.39;((0, 1562), (390, 780, 1170));
5;0.798828125000000;390;4;0.36;((0, 1562), (390, 780, 1170));
5;0.797851562500000;390;9;0.42;((0, 1562), (390, 780, 1170));
5;0.798339843750000;390;8;0.43;((0, 1562), (390, 780, 1170));
5;0.798583984375000;390;6;0.39;((0, 1562), (390, 780, 1170));
5;0.798706054687500;390;10;0.43;((0, 1562), (390, 780, 1170));
5;0.798767089843750;390;8;0.39;((0, 1562), (390, 780, 1170));
5;0.798797607421875;390;9;0.39;((0, 1562), (390, 780, 1170));
5;0.798812866210938;390;6;0.38;((0, 1562), (390, 780, 1170));
5;0.798820495605469;390;7;0.40;((0, 1562), (390, 780, 1170));
5;0.798824310302734;390;6;0.40;((0, 1562), (390, 780, 1170));
5;0.798826217651367;390;7;0.41;((0, 1562), (390, 780, 1170));
5;0.798827171325684;390;8;0.38;((0, 1562), (390, 780, 1170));
5;0.500000000000000;780;11;0.37;((0, 1562), (390, 780, 1170));
5;0.750000000000000;780;11;0.40;((0, 1562), (390, 780, 1170));
5;0.875000000000000;780;0;0.30;((0, 1562), (390, 780, 1170));
5;0.812500000000000;780;11;0.45;((0, 1562), (390, 780, 1170));
5;0.843750000000000;780;0;0.29;((0, 1562), (390, 780, 1170));
5;0.828125000000000;780;9;0.46;((0, 1562), (390, 780, 1170));
5;0.835937500000000;780;5;0.38;((0, 1562), (390, 780, 1170));
5;0.832031250000000;780;5;0.42;((0, 1562), (390, 780, 1170));
5;0.830078125000000;780;8;0.48;((0, 1562), (390, 780, 1170));
5;0.831054687500000;780;7;0.40;((0, 1562), (390, 780, 1170));
5;0.831542968750000;780;6;0.41;((0, 1562), (390, 780, 1170));
5;0.831787109375000;780;6;0.40;((0, 1562), (390, 780, 1170));
5;0.831909179687500;780;5;0.44;((0, 1562), (390, 780, 1170));
5;0.831848144531250;780;6;0.41;((0, 1562), (390, 780, 1170));
5;0.831878662109375;780;4;0.39;((0, 1562), (390, 780, 1170));
5;0.831863403320312;780;7;0.41;((0, 1562), (390, 780, 1170));
5;0.831871032714844;780;7;0.42;((0, 1562), (390, 780, 1170));
5;0.831874847412109;780;6;0.43;((0, 1562), (390, 780, 1170));
5;0.831876754760742;780;7;0.43;((0, 1562), (390, 780, 1170));
5;0.831877708435059;780;6;0.40;((0, 1562), (390, 780, 1170));
5;0.500000000000000;1170;11;0.33;((0, 1562), (390, 780, 1170));
5;0.750000000000000;1170;11;0.39;((0, 1562), (390, 780, 1170));
5;0.875000000000000;1170;0;0.29;((0, 1562), (390, 780, 1170));
5;0.812500000000000;1170;10;0.42;((0, 1562), (390, 780, 1170));
5;0.843750000000000;1170;2;0.40;((0, 1562), (390, 780, 1170));
5;0.828125000000000;1170;4;0.43;((0, 1562), (390, 780, 1170));
5;0.820312500000000;1170;9;0.38;((0, 1562), (390, 780, 1170));
5;0.824218750000000;1170;3;0.43;((0, 1562), (390, 780, 1170));
5;0.822265625000000;1170;7;0.39;((0, 1562), (390, 780, 1170));
5;0.823242187500000;1170;6;0.40;((0, 1562), (390, 780, 1170));
5;0.823730468750000;1170;10;0.43;((0, 1562), (390, 780, 1170));
5;0.823974609375000;1170;7;0.40;((0, 1562), (390, 780, 1170));
5;0.824096679687500;1170;9;0.43;((0, 1562), (390, 780, 1170));
5;0.824157714843750;1170;8;0.42;((0, 1562), (390, 780, 1170));
5;0.824188232421875;1170;6;0.38;((0, 1562), (390, 780, 1170));
5;0.824203491210938;1170;5;0.43;((0, 1562), (390, 780, 1170));
5;0.824195861816406;1170;8;0.40;((0, 1562), (390, 780, 1170));
5;0.824199676513672;1170;10;0.45;((0, 1562), (390, 780, 1170));
5;0.824201583862305;1170;9;0.40;((0, 1562), (390, 780, 1170));
5;0.824202537536621;1170;8;0.45;((0, 1562), (390, 780, 1170));
5;0.500000000000000;585;11;0.34;((390, 1170), (585, 780, 975));
5;0.750000000000000;585;11;0.41;((390, 1170), (585, 780, 975));
5;0.875000000000000;585;0;0.33;((390, 1170), (585, 780, 975));
5;0.812500000000000;585;10;0.40;((390, 1170), (585, 780, 975));
5;0.843750000000000;585;3;0.40;((390, 1170), (585, 780, 975));
5;0.828125000000000;585;8;0.48;((390, 1170), (585, 780, 975));
5;0.835937500000000;585;9;0.40;((390, 1170), (585, 780, 975));
5;0.839843750000000;585;6;0.44;((390, 1170), (585, 780, 975));
5;0.841796875000000;585;4;0.41;((390, 1170), (585, 780, 975));
5;0.840820312500000;585;5;0.45;((390, 1170), (585, 780, 975));
5;0.840332031250000;585;6;0.41;((390, 1170), (585, 780, 975));
5;0.840576171875000;585;7;0.41;((390, 1170), (585, 780, 975));
5;0.840698242187500;585;8;0.42;((390, 1170), (585, 780, 975));
5;0.840759277343750;585;3;0.38;((390, 1170), (585, 780, 975));
5;0.840728759765625;585;2;0.44;((390, 1170), (585, 780, 975));
5;0.840713500976562;585;3;0.40;((390, 1170), (585, 780, 975));
5;0.840705871582031;585;4;0.41;((390, 1170), (585, 780, 975));
5;0.840702056884766;585;5;0.42;((390, 1170), (585, 780, 975));
5;0.840700149536133;585;1;0.39;((390, 1170), (585, 780, 975));
5;0.840699195861816;585;4;0.44;((390, 1170), (585, 780, 975));
5;0.500000000000000;975;11;0.33;((390, 1170), (585, 780, 975));
5;0.750000000000000;975;11;0.41;((390, 1170), (585, 780, 975));
5;0.875000000000000;975;0;0.31;((390, 1170), (585, 780, 975));
5;0.812500000000000;975;11;0.43;((390, 1170), (585, 780, 975));
5;0.843750000000000;975;6;0.43;((390, 1170), (585, 780, 975));
5;0.859375000000000;975;1;0.37;((390, 1170), (585, 780, 975));
5;0.851562500000000;975;1;0.38;((390, 1170), (585, 780, 975));
5;0.847656250000000;975;3;0.43;((390, 1170), (585, 780, 975));
5;0.845703125000000;975;7;0.41;((390, 1170), (585, 780, 975));
5;0.846679687500000;975;2;0.43;((390, 1170), (585, 780, 975));
5;0.846191406250000;975;6;0.40;((390, 1170), (585, 780, 975));
5;0.846435546875000;975;2;0.37;((390, 1170), (585, 780, 975));
5;0.846313476562500;975;6;0.41;((390, 1170), (585, 780, 975));
5;0.846374511718750;975;3;0.38;((390, 1170), (585, 780, 975));
5;0.846343994140625;975;6;0.45;((390, 1170), (585, 780, 975));
5;0.846359252929688;975;3;0.39;((390, 1170), (585, 780, 975));
5;0.846351623535156;975;4;0.46;((390, 1170), (585, 780, 975));
5;0.846347808837891;975;3;0.41;((390, 1170), (585, 780, 975));
5;0.846345901489258;975;6;0.41;((390, 1170), (585, 780, 975));
5;0.846346855163574;975;6;0.45;((390, 1170), (585, 780, 975));
5;0.500000000000000;877;11;0.32;((780, 1170), (877, 974, 1071));
5;0.750000000000000;877;11;0.43;((780, 1170), (877, 974, 1071));
5;0.875000000000000;877;0;0.33;((780, 1170), (877, 974, 1071));
5;0.812500000000000;877;11;0.42;((780, 1170), (877, 974, 1071));
5;0.843750000000000;877;3;0.43;((780, 1170), (877, 974, 1071));
5;0.828125000000000;877;11;0.42;((780, 1170), (877, 974, 1071));
5;0.835937500000000;877;8;0.42;((780, 1170), (877, 974, 1071));
5;0.839843750000000;877;8;0.40;((780, 1170), (877, 974, 1071));
5;0.841796875000000;877;7;0.38;((780, 1170), (877, 974, 1071));
5;0.842773437500000;877;5;0.42;((780, 1170), (877, 974, 1071));
5;0.842285156250000;877;7;0.41;((780, 1170), (877, 974, 1071));
5;0.842529296875000;877;4;0.46;((780, 1170), (877, 974, 1071));
5;0.842407226562500;877;7;0.39;((780, 1170), (877, 974, 1071));
5;0.842468261718750;877;6;0.39;((780, 1170), (877, 974, 1071));
5;0.842498779296875;877;4;0.44;((780, 1170), (877, 974, 1071));
5;0.842483520507812;877;7;0.40;((780, 1170), (877, 974, 1071));
5;0.842491149902344;877;4;0.43;((780, 1170), (877, 974, 1071));
5;0.842487335205078;877;7;0.41;((780, 1170), (877, 974, 1071));
5;0.842489242553711;877;9;0.42;((780, 1170), (877, 974, 1071));
5;0.842490196228027;877;5;0.40;((780, 1170), (877, 974, 1071));
5;0.500000000000000;974;11;0.34;((780, 1170), (877, 974, 1071));
5;0.750000000000000;974;11;0.41;((780, 1170), (877, 974, 1071));
5;0.875000000000000;974;0;0.28;((780, 1170), (877, 974, 1071));
5;0.812500000000000;974;10;0.41;((780, 1170), (877, 974, 1071));
5;0.843750000000000;974;4;0.43;((780, 1170), (877, 974, 1071));
5;0.828125000000000;974;8;0.41;((780, 1170), (877, 974, 1071));
5;0.835937500000000;974;2;0.41;((780, 1170), (877, 974, 1071));
5;0.832031250000000;974;4;0.40;((780, 1170), (877, 974, 1071));
5;0.830078125000000;974;7;0.42;((780, 1170), (877, 974, 1071));
5;0.831054687500000;974;6;0.41;((780, 1170), (877, 974, 1071));
5;0.831542968750000;974;6;0.40;((780, 1170), (877, 974, 1071));
5;0.831787109375000;974;4;0.41;((780, 1170), (877, 974, 1071));
5;0.831665039062500;974;5;0.40;((780, 1170), (877, 974, 1071));
5;0.831604003906250;974;6;0.43;((780, 1170), (877, 974, 1071));
5;0.831634521484375;974;3;0.41;((780, 1170), (877, 974, 1071));
5;0.831619262695312;974;7;0.42;((780, 1170), (877, 974, 1071));
5;0.831626892089844;974;6;0.42;((780, 1170), (877, 974, 1071));
5;0.831630706787109;974;5;0.40;((780, 1170), (877, 974, 1071));
5;0.831628799438477;974;6;0.45;((780, 1170), (877, 974, 1071));
5;0.831629753112793;974;5;0.38;((780, 1170), (877, 974, 1071));
5;0.500000000000000;1071;11;0.31;((780, 1170), (877, 974, 1071));
5;0.750000000000000;1071;11;0.46;((780, 1170), (877, 974, 1071));
5;0.875000000000000;1071;0;0.28;((780, 1170), (877, 974, 1071));
5;0.812500000000000;1071;10;0.41;((780, 1170), (877, 974, 1071));
5;0.843750000000000;1071;2;0.39;((780, 1170), (877, 974, 1071));
5;0.828125000000000;1071;11;0.44;((780, 1170), (877, 974, 1071));
5;0.835937500000000;1071;8;0.44;((780, 1170), (877, 974, 1071));
5;0.839843750000000;1071;8;0.41;((780, 1170), (877, 974, 1071));
5;0.841796875000000;1071;8;0.46;((780, 1170), (877, 974, 1071));
5;0.842773437500000;1071;6;0.41;((780, 1170), (877, 974, 1071));
5;0.843261718750000;1071;4;0.42;((780, 1170), (877, 974, 1071));
5;0.843017578125000;1071;8;0.44;((780, 1170), (877, 974, 1071));
5;0.843139648437500;1071;5;0.39;((780, 1170), (877, 974, 1071));
5;0.843078613281250;1071;3;0.43;((780, 1170), (877, 974, 1071));
5;0.843048095703125;1071;6;0.44;((780, 1170), (877, 974, 1071));
5;0.843063354492188;1071;2;0.42;((780, 1170), (877, 974, 1071));
5;0.843055725097656;1071;1;0.37;((780, 1170), (877, 974, 1071));
5;0.843051910400391;1071;5;0.40;((780, 1170), (877, 974, 1071));
5;0.843050003051758;1071;3;0.46;((780, 1170), (877, 974, 1071));
5;0.843049049377441;1071;4;0.40;((780, 1170), (877, 974, 1071));
5;0.500000000000000;1023;11;0.35;((974, 1170), (1023, 1072, 1121));
5;0.750000000000000;1023;11;0.41;((974, 1170), (1023, 1072, 1121));
5;0.875000000000000;1023;0;0.31;((974, 1170), (1023, 1072, 1121));
5;0.812500000000000;1023;11;0.46;((974, 1170), (1023, 1072, 1121));
5;0.843750000000000;1023;4;0.42;((974, 1170), (1023, 1072, 1121));
5;0.828125000000000;1023;6;0.45;((974, 1170), (1023, 1072, 1121));
5;0.835937500000000;1023;9;0.45;((974, 1170), (1023, 1072, 1121));
5;0.839843750000000;1023;8;0.42;((974, 1170), (1023, 1072, 1121));
5;0.841796875000000;1023;3;0.41;((974, 1170), (1023, 1072, 1121));
5;0.840820312500000;1023;2;0.41;((974, 1170), (1023, 1072, 1121));
5;0.840332031250000;1023;9;0.46;((974, 1170), (1023, 1072, 1121));
5;0.840576171875000;1023;5;0.44;((974, 1170), (1023, 1072, 1121));
5;0.840454101562500;1023;5;0.44;((974, 1170), (1023, 1072, 1121));
5;0.840393066406250;1023;5;0.39;((974, 1170), (1023, 1072, 1121));
5;0.840362548828125;1023;4;0.39;((974, 1170), (1023, 1072, 1121));
5;0.840347290039062;1023;6;0.43;((974, 1170), (1023, 1072, 1121));
5;0.840354919433594;1023;6;0.41;((974, 1170), (1023, 1072, 1121));
5;0.840358734130859;1023;3;0.44;((974, 1170), (1023, 1072, 1121));
5;0.840356826782227;1023;6;0.42;((974, 1170), (1023, 1072, 1121));
5;0.840357780456543;1023;2;0.43;((974, 1170), (1023, 1072, 1121));
5;0.500000000000000;1072;11;0.35;((974, 1170), (1023, 1072, 1121));
5;0.750000000000000;1072;11;0.43;((974, 1170), (1023, 1072, 1121));
5;0.875000000000000;1072;0;0.32;((974, 1170), (1023, 1072, 1121));
5;0.812500000000000;1072;11;0.42;((974, 1170), (1023, 1072, 1121));
5;0.843750000000000;1072;1;0.39;((974, 1170), (1023, 1072, 1121));
5;0.828125000000000;1072;8;0.44;((974, 1170), (1023, 1072, 1121));
5;0.835937500000000;1072;0;0.33;((974, 1170), (1023, 1072, 1121));
5;0.832031250000000;1072;5;0.44;((974, 1170), (1023, 1072, 1121));
5;0.830078125000000;1072;5;0.40;((974, 1170), (1023, 1072, 1121));
5;0.829101562500000;1072;5;0.40;((974, 1170), (1023, 1072, 1121));
5;0.828613281250000;1072;5;0.40;((974, 1170), (1023, 1072, 1121));
5;0.828369140625000;1072;8;0.41;((974, 1170), (1023, 1072, 1121));
5;0.828491210937500;1072;8;0.44;((974, 1170), (1023, 1072, 1121));
5;0.828552246093750;1072;8;0.40;((974, 1170), (1023, 1072, 1121));
5;0.828582763671875;1072;6;0.40;((974, 1170), (1023, 1072, 1121));
5;0.828598022460938;1072;8;0.44;((974, 1170), (1023, 1072, 1121));
5;0.828605651855469;1072;6;0.40;((974, 1170), (1023, 1072, 1121));
5;0.828609466552734;1072;9;0.43;((974, 1170), (1023, 1072, 1121));
5;0.828611373901367;1072;6;0.40;((974, 1170), (1023, 1072, 1121));
5;0.828612327575684;1072;7;0.43;((974, 1170), (1023, 1072, 1121));
5;0.500000000000000;1121;11;0.31;((974, 1170), (1023, 1072, 1121));
5;0.750000000000000;1121;11;0.42;((974, 1170), (1023, 1072, 1121));
5;0.875000000000000;1121;0;0.33;((974, 1170), (1023, 1072, 1121));
5;0.812500000000000;1121;10;0.40;((974, 1170), (1023, 1072, 1121));
5;0.843750000000000;1121;5;0.40;((974, 1170), (1023, 1072, 1121));
5;0.828125000000000;1121;8;0.43;((974, 1170), (1023, 1072, 1121));
5;0.835937500000000;1121;5;0.39;((974, 1170), (1023, 1072, 1121));
5;0.832031250000000;1121;7;0.43;((974, 1170), (1023, 1072, 1121));
5;0.833984375000000;1121;9;0.40;((974, 1170), (1023, 1072, 1121));
5;0.834960937500000;1121;9;0.47;((974, 1170), (1023, 1072, 1121));
5;0.835449218750000;1121;6;0.40;((974, 1170), (1023, 1072, 1121));
5;0.835693359375000;1121;7;0.41;((974, 1170), (1023, 1072, 1121));
5;0.835815429687500;1121;5;0.43;((974, 1170), (1023, 1072, 1121));
5;0.835754394531250;1121;9;0.41;((974, 1170), (1023, 1072, 1121));
5;0.835784912109375;1121;6;0.44;((974, 1170), (1023, 1072, 1121));
5;0.835800170898438;1121;7;0.40;((974, 1170), (1023, 1072, 1121));
5;0.835807800292969;1121;7;0.46;((974, 1170), (1023, 1072, 1121));
5;0.835811614990234;1121;7;0.43;((974, 1170), (1023, 1072, 1121));
5;0.835813522338867;1121;6;0.42;((974, 1170), (1023, 1072, 1121));
5;0.835814476013184;1121;5;0.40;((974, 1170), (1023, 1072, 1121));
5;0.500000000000000;998;11;0.35;((974, 1072), (998, 1022, 1046));
5;0.750000000000000;998;11;0.42;((974, 1072), (998, 1022, 1046));
5;0.875000000000000;998;0;0.30;((974, 1072), (998, 1022, 1046));
5;0.812500000000000;998;10;0.42;((974, 1072), (998, 1022, 1046));
5;0.843750000000000;998;3;0.45;((974, 1072), (998, 1022, 1046));
5;0.828125000000000;998;10;0.44;((974, 1072), (998, 1022, 1046));
5;0.835937500000000;998;3;0.41;((974, 1072), (998, 1022, 1046));
5;0.832031250000000;998;8;0.43;((974, 1072), (998, 1022, 1046));
5;0.833984375000000;998;10;0.47;((974, 1072), (998, 1022, 1046));
5;0.834960937500000;998;7;0.44;((974, 1072), (998, 1022, 1046));
5;0.835449218750000;998;8;0.43;((974, 1072), (998, 1022, 1046));
5;0.835693359375000;998;10;0.45;((974, 1072), (998, 1022, 1046));
5;0.835815429687500;998;7;0.44;((974, 1072), (998, 1022, 1046));
5;0.835876464843750;998;10;0.46;((974, 1072), (998, 1022, 1046));
5;0.835906982421875;998;10;0.43;((974, 1072), (998, 1022, 1046));
5;0.835922241210938;998;7;0.44;((974, 1072), (998, 1022, 1046));
5;0.835929870605469;998;5;0.42;((974, 1072), (998, 1022, 1046));
5;0.835926055908203;998;9;0.42;((974, 1072), (998, 1022, 1046));
5;0.835927963256836;998;7;0.42;((974, 1072), (998, 1022, 1046));
5;0.835928916931152;998;6;0.40;((974, 1072), (998, 1022, 1046));
5;0.500000000000000;1022;11;0.37;((974, 1072), (998, 1022, 1046));
5;0.750000000000000;1022;11;0.42;((974, 1072), (998, 1022, 1046));
5;0.875000000000000;1022;0;0.29;((974, 1072), (998, 1022, 1046));
5;0.812500000000000;1022;10;0.46;((974, 1072), (998, 1022, 1046));
5;0.843750000000000;1022;3;0.40;((974, 1072), (998, 1022, 1046));
5;0.828125000000000;1022;10;0.46;((974, 1072), (998, 1022, 1046));
5;0.835937500000000;1022;1;0.38;((974, 1072), (998, 1022, 1046));
5;0.832031250000000;1022;7;0.44;((974, 1072), (998, 1022, 1046));
5;0.833984375000000;1022;8;0.43;((974, 1072), (998, 1022, 1046));
5;0.834960937500000;1022;4;0.40;((974, 1072), (998, 1022, 1046));
5;0.834472656250000;1022;3;0.43;((974, 1072), (998, 1022, 1046));
5;0.834228515625000;1022;4;0.40;((974, 1072), (998, 1022, 1046));
5;0.834106445312500;1022;4;0.47;((974, 1072), (998, 1022, 1046));
5;0.834045410156250;1022;6;0.44;((974, 1072), (998, 1022, 1046));
5;0.834075927734375;1022;3;0.42;((974, 1072), (998, 1022, 1046));
5;0.834060668945312;1022;4;0.42;((974, 1072), (998, 1022, 1046));
5;0.834053039550781;1022;4;0.39;((974, 1072), (998, 1022, 1046));
5;0.834049224853516;1022;5;0.42;((974, 1072), (998, 1022, 1046));
5;0.834047317504883;1022;3;0.39;((974, 1072), (998, 1022, 1046));
5;0.834046363830566;1022;4;0.43;((974, 1072), (998, 1022, 1046));
5;0.500000000000000;1046;11;0.34;((974, 1072), (998, 1022, 1046));
5;0.750000000000000;1046;11;0.41;((974, 1072), (998, 1022, 1046));
5;0.875000000000000;1046;0;0.32;((974, 1072), (998, 1022, 1046));
5;0.812500000000000;1046;11;0.42;((974, 1072), (998, 1022, 1046));
5;0.843750000000000;1046;1;0.40;((974, 1072), (998, 1022, 1046));
5;0.828125000000000;1046;11;0.46;((974, 1072), (998, 1022, 1046));
5;0.835937500000000;1046;9;0.44;((974, 1072), (998, 1022, 1046));
5;0.839843750000000;1046;5;0.45;((974, 1072), (998, 1022, 1046));
5;0.837890625000000;1046;8;0.41;((974, 1072), (998, 1022, 1046));
5;0.838867187500000;1046;6;0.42;((974, 1072), (998, 1022, 1046));
5;0.839355468750000;1046;4;0.41;((974, 1072), (998, 1022, 1046));
5;0.839111328125000;1046;6;0.40;((974, 1072), (998, 1022, 1046));
5;0.839233398437500;1046;8;0.45;((974, 1072), (998, 1022, 1046));
5;0.839294433593750;1046;6;0.42;((974, 1072), (998, 1022, 1046));
5;0.839324951171875;1046;6;0.42;((974, 1072), (998, 1022, 1046));
5;0.839340209960938;1046;5;0.39;((974, 1072), (998, 1022, 1046));
5;0.839332580566406;1046;4;0.41;((974, 1072), (998, 1022, 1046));
5;0.839328765869141;1046;7;0.40;((974, 1072), (998, 1022, 1046));
5;0.839330673217773;1046;7;0.43;((974, 1072), (998, 1022, 1046));
5;0.839331626892090;1046;6;0.44;((974, 1072), (998, 1022, 1046));
5;0.500000000000000;1034;11;0.31;((1022, 1072), (1034, 1046, 1058));
5;0.750000000000000;1034;11;0.45;((1022, 1072), (1034, 1046, 1058));
5;0.875000000000000;1034;0;0.30;((1022, 1072), (1034, 1046, 1058));
5;0.812500000000000;1034;11;0.42;((1022, 1072), (1034, 1046, 1058));
5;0.843750000000000;1034;1;0.43;((1022, 1072), (1034, 1046, 1058));
5;0.828125000000000;1034;9;0.41;((1022, 1072), (1034, 1046, 1058));
5;0.835937500000000;1034;3;0.40;((1022, 1072), (1034, 1046, 1058));
5;0.832031250000000;1034;4;0.41;((1022, 1072), (1034, 1046, 1058));
5;0.830078125000000;1034;5;0.39;((1022, 1072), (1034, 1046, 1058));
5;0.829101562500000;1034;6;0.43;((1022, 1072), (1034, 1046, 1058));
5;0.829589843750000;1034;9;0.41;((1022, 1072), (1034, 1046, 1058));
5;0.829833984375000;1034;6;0.45;((1022, 1072), (1034, 1046, 1058));
5;0.829956054687500;1034;9;0.44;((1022, 1072), (1034, 1046, 1058));
5;0.830017089843750;1034;7;0.42;((1022, 1072), (1034, 1046, 1058));
5;0.830047607421875;1034;4;0.44;((1022, 1072), (1034, 1046, 1058));
5;0.830032348632812;1034;6;0.41;((1022, 1072), (1034, 1046, 1058));
5;0.830039978027344;1034;7;0.41;((1022, 1072), (1034, 1046, 1058));
5;0.830043792724609;1034;6;0.40;((1022, 1072), (1034, 1046, 1058));
5;0.830045700073242;1034;7;0.45;((1022, 1072), (1034, 1046, 1058));
5;0.830046653747559;1034;6;0.38;((1022, 1072), (1034, 1046, 1058));
5;0.500000000000000;1058;11;0.34;((1022, 1072), (1034, 1046, 1058));
5;0.750000000000000;1058;11;0.47;((1022, 1072), (1034, 1046, 1058));
5;0.875000000000000;1058;0;0.28;((1022, 1072), (1034, 1046, 1058));
5;0.812500000000000;1058;11;0.44;((1022, 1072), (1034, 1046, 1058));
5;0.843750000000000;1058;5;0.42;((1022, 1072), (1034, 1046, 1058));
5;0.828125000000000;1058;11;0.43;((1022, 1072), (1034, 1046, 1058));
5;0.835937500000000;1058;5;0.45;((1022, 1072), (1034, 1046, 1058));
5;0.832031250000000;1058;8;0.45;((1022, 1072), (1034, 1046, 1058));
5;0.833984375000000;1058;8;0.45;((1022, 1072), (1034, 1046, 1058));
5;0.834960937500000;1058;8;0.42;((1022, 1072), (1034, 1046, 1058));
5;0.835449218750000;1058;9;0.45;((1022, 1072), (1034, 1046, 1058));
5;0.835693359375000;1058;5;0.41;((1022, 1072), (1034, 1046, 1058));
5;0.835571289062500;1058;7;0.40;((1022, 1072), (1034, 1046, 1058));
5;0.835632324218750;1058;6;0.45;((1022, 1072), (1034, 1046, 1058));
5;0.835662841796875;1058;10;0.43;((1022, 1072), (1034, 1046, 1058));
5;0.835678100585938;1058;7;0.49;((1022, 1072), (1034, 1046, 1058));
5;0.835685729980469;1058;6;0.39;((1022, 1072), (1034, 1046, 1058));
5;0.835689544677734;1058;8;0.45;((1022, 1072), (1034, 1046, 1058));
5;0.835691452026367;1058;6;0.41;((1022, 1072), (1034, 1046, 1058));
5;0.835692405700684;1058;6;0.42;((1022, 1072), (1034, 1046, 1058));
