5;0.500000000000000;1375000;11;75.46;((0, 5500000), (1375000, 2750000, 4125000));
5;0.750000000000000;1375000;0;57.10;((0, 5500000), (1375000, 2750000, 4125000));
5;0.625000000000000;1375000;11;92.97;((0, 5500000), (1375000, 2750000, 4125000));
5;0.687500000000000;1375000;11;101.23;((0, 5500000), (1375000, 2750000, 4125000));
5;0.718750000000000;1375000;11;105.55;((0, 5500000), (1375000, 2750000, 4125000));
5;0.734375000000000;1375000;11;107.49;((0, 5500000), (1375000, 2750000, 4125000));
5;0.742187500000000;1375000;0;62.54;((0, 5500000), (1375000, 2750000, 4125000));
5;0.738281250000000;1375000;11;108.34;((0, 5500000), (1375000, 2750000, 4125000));
5;0.740234375000000;1375000;11;108.78;((0, 5500000), (1375000, 2750000, 4125000));
5;0.741210937500000;1375000;8;109.97;((0, 5500000), (1375000, 2750000, 4125000));
5;0.741699218750000;1375000;5;105.32;((0, 5500000), (1375000, 2750000, 4125000));
5;0.741455078125000;1375000;4;105.35;((0, 5500000), (1375000, 2750000, 4125000));
5;0.741333007812500;1375000;8;107.74;((0, 5500000), (1375000, 2750000, 4125000));
5;0.741394042968750;1375000;7;106.75;((0, 5500000), (1375000, 2750000, 4125000));
5;0.741424560546875;1375000;7;106.42;((0, 5500000), (1375000, 2750000, 4125000));
5;0.741439819335938;1375000;7;106.88;((0, 5500000), (1375000, 2750000, 4125000));
5;0.741447448730469;1375000;9;108.42;((0, 5500000), (1375000, 2750000, 4125000));
5;0.741451263427734;1375000;7;106.57;((0, 5500000), (1375000, 2750000, 4125000));
5;0.741453170776367;1375000;2;108.25;((0, 5500000), (1375000, 2750000, 4125000));
5;0.741452217102051;1375000;7;106.12;((0, 5500000), (1375000, 2750000, 4125000));
5;0.500000000000000;2750000;11;75.67;((0, 5500000), (1375000, 2750000, 4125000));
5;0.750000000000000;2750000;0;53.64;((0, 5500000), (1375000, 2750000, 4125000));
5;0.625000000000000;2750000;0;51.25;((0, 5500000), (1375000, 2750000, 4125000));
5;0.562500000000000;2750000;11;86.09;((0, 5500000), (1375000, 2750000, 4125000));
5;0.593750000000000;2750000;11;92.13;((0, 5500000), (1375000, 2750000, 4125000));
5;0.609375000000000;2750000;11;93.23;((0, 5500000), (1375000, 2750000, 4125000));
5;0.617187500000000;2750000;0;59.37;((0, 5500000), (1375000, 2750000, 4125000));
5;0.613281250000000;2750000;11;98.14;((0, 5500000), (1375000, 2750000, 4125000));
5;0.615234375000000;2750000;11;96.82;((0, 5500000), (1375000, 2750000, 4125000));
5;0.616210937500000;2750000;1;91.82;((0, 5500000), (1375000, 2750000, 4125000));
5;0.615722656250000;2750000;9;96.25;((0, 5500000), (1375000, 2750000, 4125000));
5;0.615966796875000;2750000;0;57.59;((0, 5500000), (1375000, 2750000, 4125000));
5;0.615844726562500;2750000;8;100.29;((0, 5500000), (1375000, 2750000, 4125000));
5;0.615905761718750;2750000;4;97.89;((0, 5500000), (1375000, 2750000, 4125000));
5;0.615875244140625;2750000;7;93.77;((0, 5500000), (1375000, 2750000, 4125000));
5;0.615890502929688;2750000;6;92.20;((0, 5500000), (1375000, 2750000, 4125000));
5;0.615898132324219;2750000;6;92.66;((0, 5500000), (1375000, 2750000, 4125000));
5;0.615901947021484;2750000;7;93.29;((0, 5500000), (1375000, 2750000, 4125000));
5;0.615903854370117;2750000;10;94.01;((0, 5500000), (1375000, 2750000, 4125000));
5;0.615904808044434;2750000;7;92.81;((0, 5500000), (1375000, 2750000, 4125000));
5;0.500000000000000;4125000;11;78.17;((0, 5500000), (1375000, 2750000, 4125000));
5;0.750000000000000;4125000;0;51.01;((0, 5500000), (1375000, 2750000, 4125000));
5;0.625000000000000;4125000;0;49.44;((0, 5500000), (1375000, 2750000, 4125000));
5;0.562500000000000;4125000;11;88.49;((0, 5500000), (1375000, 2750000, 4125000));
5;0.593750000000000;4125000;11;91.92;((0, 5500000), (1375000, 2750000, 4125000));
5;0.609375000000000;4125000;0;51.09;((0, 5500000), (1375000, 2750000, 4125000));
5;0.601562500000000;4125000;11;92.85;((0, 5500000), (1375000, 2750000, 4125000));
5;0.605468750000000;4125000;11;93.95;((0, 5500000), (1375000, 2750000, 4125000));
5;0.607421875000000;4125000;3;88.95;((0, 5500000), (1375000, 2750000, 4125000));
5;0.606445312500000;4125000;11;93.53;((0, 5500000), (1375000, 2750000, 4125000));
5;0.606933593750000;4125000;11;93.61;((0, 5500000), (1375000, 2750000, 4125000));
5;0.607177734375000;4125000;7;90.22;((0, 5500000), (1375000, 2750000, 4125000));
5;0.607299804687500;4125000;4;90.87;((0, 5500000), (1375000, 2750000, 4125000));
5;0.607238769531250;4125000;8;90.39;((0, 5500000), (1375000, 2750000, 4125000));
5;0.607269287109375;4125000;5;89.80;((0, 5500000), (1375000, 2750000, 4125000));
5;0.607254028320312;4125000;7;90.56;((0, 5500000), (1375000, 2750000, 4125000));
5;0.607261657714844;4125000;10;92.66;((0, 5500000), (1375000, 2750000, 4125000));
5;0.607265472412109;4125000;9;92.13;((0, 5500000), (1375000, 2750000, 4125000));
5;0.607267379760742;4125000;8;91.76;((0, 5500000), (1375000, 2750000, 4125000));
5;0.607268333435059;4125000;8;90.69;((0, 5500000), (1375000, 2750000, 4125000));
5;0.500000000000000;687500;11;77.94;((0, 2750000), (687500, 1375000, 2062500));
5;0.750000000000000;687500;11;116.20;((0, 2750000), (687500, 1375000, 2062500));
5;0.875000000000000;687500;0;61.60;((0, 2750000), (687500, 1375000, 2062500));
5;0.812500000000000;687500;11;127.47;((0, 2750000), (687500, 1375000, 2062500));
5;0.843750000000000;687500;11;127.33;((0, 2750000), (687500, 1375000, 2062500));
5;0.859375000000000;687500;11;129.40;((0, 2750000), (687500, 1375000, 2062500));
5;0.867187500000000;687500;0;60.09;((0, 2750000), (687500, 1375000, 2062500));
5;0.863281250000000;687500;0;70.22;((0, 2750000), (687500, 1375000, 2062500));
5;0.861328125000000;687500;11;129.75;((0, 2750000), (687500, 1375000, 2062500));
5;0.862304687500000;687500;4;122.99;((0, 2750000), (687500, 1375000, 2062500));
5;0.861816406250000;687500;9;125.82;((0, 2750000), (687500, 1375000, 2062500));
5;0.862060546875000;687500;8;125.00;((0, 2750000), (687500, 1375000, 2062500));
5;0.862182617187500;687500;5;123.09;((0, 2750000), (687500, 1375000, 2062500));
5;0.862121582031250;687500;5;123.11;((0, 2750000), (687500, 1375000, 2062500));
5;0.862091064453125;687500;9;127.64;((0, 2750000), (687500, 1375000, 2062500));
5;0.862106323242188;687500;8;124.72;((0, 2750000), (687500, 1375000, 2062500));
5;0.862113952636719;687500;9;126.01;((0, 2750000), (687500, 1375000, 2062500));
5;0.862117767333984;687500;5;123.61;((0, 2750000), (687500, 1375000, 2062500));
5;0.862115859985352;687500;5;124.22;((0, 2750000), (687500, 1375000, 2062500));
5;0.862114906311035;687500;6;126.01;((0, 2750000), (687500, 1375000, 2062500));
5;0.500000000000000;2062500;11;81.30;((0, 2750000), (687500, 1375000, 2062500));
5;0.750000000000000;2062500;0;54.66;((0, 2750000), (687500, 1375000, 2062500));
5;0.625000000000000;2062500;11;96.68;((0, 2750000), (687500, 1375000, 2062500));
5;0.687500000000000;2062500;0;54.74;((0, 2750000), (687500, 1375000, 2062500));
5;0.656250000000000;2062500;0;55.54;((0, 2750000), (687500, 1375000, 2062500));
5;0.640625000000000;2062500;11;98.96;((0, 2750000), (687500, 1375000, 2062500));
5;0.648437500000000;2062500;8;97.49;((0, 2750000), (687500, 1375000, 2062500));
5;0.652343750000000;2062500;0;57.30;((0, 2750000), (687500, 1375000, 2062500));
5;0.650390625000000;2062500;0;57.21;((0, 2750000), (687500, 1375000, 2062500));
5;0.649414062500000;2062500;0;57.48;((0, 2750000), (687500, 1375000, 2062500));
5;0.648925781250000;2062500;5;95.75;((0, 2750000), (687500, 1375000, 2062500));
5;0.648681640625000;2062500;6;96.47;((0, 2750000), (687500, 1375000, 2062500));
5;0.648803710937500;2062500;7;96.20;((0, 2750000), (687500, 1375000, 2062500));
5;0.648864746093750;2062500;3;94.69;((0, 2750000), (687500, 1375000, 2062500));
5;0.648834228515625;2062500;4;95.17;((0, 2750000), (687500, 1375000, 2062500));
5;0.648818969726562;2062500;6;97.88;((0, 2750000), (687500, 1375000, 2062500));
5;0.648826599121094;2062500;9;97.53;((0, 2750000), (687500, 1375000, 2062500));
5;0.648830413818359;2062500;6;96.07;((0, 2750000), (687500, 1375000, 2062500));
5;0.648832321166992;2062500;5;95.70;((0, 2750000), (687500, 1375000, 2062500));
5;0.648831367492676;2062500;5;95.81;((0, 2750000), (687500, 1375000, 2062500));
5;0.500000000000000;343750;11;77.38;((0, 1375000), (343750, 687500, 1031250));
5;0.750000000000000;343750;11;114.93;((0, 1375000), (343750, 687500, 1031250));
5;0.875000000000000;343750;11;130.47;((0, 1375000), (343750, 687500, 1031250));
5;0.937500000000000;343750;0;59.93;((0, 1375000), (343750, 687500, 1031250));
5;0.906250000000000;343750;11;135.28;((0, 1375000), (343750, 687500, 1031250));
5;0.921875000000000;343750;3;135.07;((0, 1375000), (343750, 687500, 1031250));
5;0.914062500000000;343750;11;142.62;((0, 1375000), (343750, 687500, 1031250));
5;0.917968750000000;343750;11;137.77;((0, 1375000), (343750, 687500, 1031250));
5;0.919921875000000;343750;11;137.04;((0, 1375000), (343750, 687500, 1031250));
5;0.920898437500000;343750;8;133.51;((0, 1375000), (343750, 687500, 1031250));
5;0.921386718750000;343750;6;130.61;((0, 1375000), (343750, 687500, 1031250));
5;0.921630859375000;343750;4;129.86;((0, 1375000), (343750, 687500, 1031250));
5;0.921508789062500;343750;9;133.59;((0, 1375000), (343750, 687500, 1031250));
5;0.921569824218750;343750;4;130.28;((0, 1375000), (343750, 687500, 1031250));
5;0.921539306640625;343750;6;131.51;((0, 1375000), (343750, 687500, 1031250));
5;0.921554565429688;343750;8;132.65;((0, 1375000), (343750, 687500, 1031250));
5;0.921562194824219;343750;7;131.82;((0, 1375000), (343750, 687500, 1031250));
5;0.921566009521484;343750;5;130.73;((0, 1375000), (343750, 687500, 1031250));
5;0.921564102172852;343750;8;132.29;((0, 1375000), (343750, 687500, 1031250));
5;0.921565055847168;343750;6;131.58;((0, 1375000), (343750, 687500, 1031250));
5;0.500000000000000;1031250;11;77.33;((0, 1375000), (343750, 687500, 1031250));
5;0.750000000000000;1031250;11;113.23;((0, 1375000), (343750, 687500, 1031250));
5;0.875000000000000;1031250;0;58.13;((0, 1375000), (343750, 687500, 1031250));
5;0.812500000000000;1031250;0;59.14;((0, 1375000), (343750, 687500, 1031250));
5;0.781250000000000;1031250;11;118.05;((0, 1375000), (343750, 687500, 1031250));
5;0.796875000000000;1031250;11;120.35;((0, 1375000), (343750, 687500, 1031250));
5;0.804687500000000;1031250;0;61.74;((0, 1375000), (343750, 687500, 1031250));
5;0.800781250000000;1031250;10;119.34;((0, 1375000), (343750, 687500, 1031250));
5;0.802734375000000;1031250;0;70.30;((0, 1375000), (343750, 687500, 1031250));
5;0.801757812500000;1031250;2;112.74;((0, 1375000), (343750, 687500, 1031250));
5;0.801269531250000;1031250;9;122.45;((0, 1375000), (343750, 687500, 1031250));
5;0.801513671875000;1031250;10;118.64;((0, 1375000), (343750, 687500, 1031250));
5;0.801635742187500;1031250;5;115.20;((0, 1375000), (343750, 687500, 1031250));
5;0.801574707031250;1031250;3;115.13;((0, 1375000), (343750, 687500, 1031250));
5;0.801544189453125;1031250;8;116.74;((0, 1375000), (343750, 687500, 1031250));
5;0.801559448242188;1031250;8;116.70;((0, 1375000), (343750, 687500, 1031250));
5;0.801567077636719;1031250;8;117.39;((0, 1375000), (343750, 687500, 1031250));
5;0.801570892333984;1031250;7;116.27;((0, 1375000), (343750, 687500, 1031250));
5;0.801572799682617;1031250;7;117.48;((0, 1375000), (343750, 687500, 1031250));
5;0.801573753356934;1031250;8;117.12;((0, 1375000), (343750, 687500, 1031250));
5;0.500000000000000;171875;11;78.72;((0, 687500), (171875, 343750, 515625));
5;0.750000000000000;171875;11;117.17;((0, 687500), (171875, 343750, 515625));
5;0.875000000000000;171875;11;145.03;((0, 687500), (171875, 343750, 515625));
5;0.937500000000000;171875;11;148.99;((0, 687500), (171875, 343750, 515625));
5;0.968750000000000;171875;0;60.95;((0, 687500), (171875, 343750, 515625));
5;0.953125000000000;171875;9;137.46;((0, 687500), (171875, 343750, 515625));
5;0.960937500000000;171875;0;60.90;((0, 687500), (171875, 343750, 515625));
5;0.957031250000000;171875;0;70.52;((0, 687500), (171875, 343750, 515625));
5;0.955078125000000;171875;0;92.30;((0, 687500), (171875, 343750, 515625));
5;0.954101562500000;171875;4;133.80;((0, 687500), (171875, 343750, 515625));
5;0.953613281250000;171875;7;134.45;((0, 687500), (171875, 343750, 515625));
5;0.953857421875000;171875;1;131.27;((0, 687500), (171875, 343750, 515625));
5;0.953735351562500;171875;6;137.61;((0, 687500), (171875, 343750, 515625));
5;0.953796386718750;171875;4;133.17;((0, 687500), (171875, 343750, 515625));
5;0.953765869140625;171875;9;142.81;((0, 687500), (171875, 343750, 515625));
5;0.953781127929688;171875;5;132.48;((0, 687500), (171875, 343750, 515625));
5;0.953773498535156;171875;5;134.20;((0, 687500), (171875, 343750, 515625));
5;0.953769683837891;171875;5;133.37;((0, 687500), (171875, 343750, 515625));
5;0.953767776489258;171875;5;134.74;((0, 687500), (171875, 343750, 515625));
5;0.953766822814941;171875;5;134.49;((0, 687500), (171875, 343750, 515625));
5;0.500000000000000;515625;11;79.00;((0, 687500), (171875, 343750, 515625));
5;0.750000000000000;515625;11;113.81;((0, 687500), (171875, 343750, 515625));
5;0.875000000000000;515625;11;130.82;((0, 687500), (171875, 343750, 515625));
5;0.937500000000000;515625;0;59.34;((0, 687500), (171875, 343750, 515625));
5;0.906250000000000;515625;0;59.67;((0, 687500), (171875, 343750, 515625));
5;0.890625000000000;515625;11;132.99;((0, 687500), (171875, 343750, 515625));
5;0.898437500000000;515625;0;65.92;((0, 687500), (171875, 343750, 515625));
5;0.894531250000000;515625;11;133.36;((0, 687500), (171875, 343750, 515625));
5;0.896484375000000;515625;5;128.32;((0, 687500), (171875, 343750, 515625));
5;0.895507812500000;515625;9;139.45;((0, 687500), (171875, 343750, 515625));
5;0.895996093750000;515625;8;130.19;((0, 687500), (171875, 343750, 515625));
5;0.896240234375000;515625;5;138.89;((0, 687500), (171875, 343750, 515625));
5;0.896118164062500;515625;5;127.22;((0, 687500), (171875, 343750, 515625));
5;0.896057128906250;515625;8;132.02;((0, 687500), (171875, 343750, 515625));
5;0.896087646484375;515625;8;129.52;((0, 687500), (171875, 343750, 515625));
5;0.896102905273438;515625;6;129.12;((0, 687500), (171875, 343750, 515625));
5;0.896110534667969;515625;8;130.34;((0, 687500), (171875, 343750, 515625));
5;0.896114349365234;515625;6;128.97;((0, 687500), (171875, 343750, 515625));
5;0.896116256713867;515625;7;129.36;((0, 687500), (171875, 343750, 515625));
5;0.896117210388184;515625;5;127.48;((0, 687500), (171875, 343750, 515625));
5;0.500000000000000;85937;11;77.84;((0, 343750), (85937, 171874, 257811));
5;0.750000000000000;85937;11;110.95;((0, 343750), (85937, 171874, 257811));
5;0.875000000000000;85937;11;131.37;((0, 343750), (85937, 171874, 257811));
5;0.937500000000000;85937;11;144.09;((0, 343750), (85937, 171874, 257811));
5;0.968750000000000;85937;0;69.99;((0, 343750), (85937, 171874, 257811));
5;0.953125000000000;85937;11;138.93;((0, 343750), (85937, 171874, 257811));
5;0.960937500000000;85937;11;140.30;((0, 343750), (85937, 171874, 257811));
5;0.964843750000000;85937;7;135.01;((0, 343750), (85937, 171874, 257811));
5;0.966796875000000;85937;0;87.17;((0, 343750), (85937, 171874, 257811));
5;0.965820312500000;85937;5;133.09;((0, 343750), (85937, 171874, 257811));
5;0.965332031250000;85937;2;130.62;((0, 343750), (85937, 171874, 257811));
5;0.965087890625000;85937;4;134.54;((0, 343750), (85937, 171874, 257811));
5;0.964965820312500;85937;5;133.44;((0, 343750), (85937, 171874, 257811));
5;0.964904785156250;85937;6;135.24;((0, 343750), (85937, 171874, 257811));
5;0.964935302734375;85937;4;133.69;((0, 343750), (85937, 171874, 257811));
5;0.964920043945312;85937;5;134.61;((0, 343750), (85937, 171874, 257811));
5;0.964912414550781;85937;2;132.18;((0, 343750), (85937, 171874, 257811));
5;0.964908599853516;85937;4;132.60;((0, 343750), (85937, 171874, 257811));
5;0.964906692504883;85937;2;131.69;((0, 343750), (85937, 171874, 257811));
5;0.964905738830566;85937;5;133.15;((0, 343750), (85937, 171874, 257811));
5;0.500000000000000;171874;11;78.32;((0, 343750), (85937, 171874, 257811));
5;0.750000000000000;171874;11;111.48;((0, 343750), (85937, 171874, 257811));
5;0.875000000000000;171874;11;128.92;((0, 343750), (85937, 171874, 257811));
5;0.937500000000000;171874;11;139.70;((0, 343750), (85937, 171874, 257811));
5;0.968750000000000;171874;0;59.04;((0, 343750), (85937, 171874, 257811));
5;0.953125000000000;171874;0;66.77;((0, 343750), (85937, 171874, 257811));
5;0.945312500000000;171874;11;139.92;((0, 343750), (85937, 171874, 257811));
5;0.949218750000000;171874;2;137.31;((0, 343750), (85937, 171874, 257811));
5;0.947265625000000;171874;11;146.31;((0, 343750), (85937, 171874, 257811));
5;0.948242187500000;171874;10;141.37;((0, 343750), (85937, 171874, 257811));
5;0.948730468750000;171874;7;135.84;((0, 343750), (85937, 171874, 257811));
5;0.948974609375000;171874;7;138.49;((0, 343750), (85937, 171874, 257811));
5;0.949096679687500;171874;5;143.68;((0, 343750), (85937, 171874, 257811));
5;0.949035644531250;171874;5;138.91;((0, 343750), (85937, 171874, 257811));
5;0.949005126953125;171874;5;138.79;((0, 343750), (85937, 171874, 257811));
5;0.948989868164062;171874;6;141.86;((0, 343750), (85937, 171874, 257811));
5;0.948997497558594;171874;5;143.52;((0, 343750), (85937, 171874, 257811));
5;0.948993682861328;171874;5;151.44;((0, 343750), (85937, 171874, 257811));
5;0.948991775512695;171874;4;146.13;((0, 343750), (85937, 171874, 257811));
5;0.948990821838379;171874;6;143.52;((0, 343750), (85937, 171874, 257811));
5;0.500000000000000;257811;11;82.04;((0, 343750), (85937, 171874, 257811));
5;0.750000000000000;257811;11;116.63;((0, 343750), (85937, 171874, 257811));
5;0.875000000000000;257811;11;139.83;((0, 343750), (85937, 171874, 257811));
5;0.937500000000000;257811;11;138.37;((0, 343750), (85937, 171874, 257811));
5;0.968750000000000;257811;0;59.45;((0, 343750), (85937, 171874, 257811));
5;0.953125000000000;257811;0;59.15;((0, 343750), (85937, 171874, 257811));
5;0.945312500000000;257811;0;60.68;((0, 343750), (85937, 171874, 257811));
5;0.941406250000000;257811;0;87.67;((0, 343750), (85937, 171874, 257811));
5;0.939453125000000;257811;10;136.62;((0, 343750), (85937, 171874, 257811));
5;0.940429687500000;257811;2;133.10;((0, 343750), (85937, 171874, 257811));
5;0.939941406250000;257811;5;133.71;((0, 343750), (85937, 171874, 257811));
5;0.939697265625000;257811;11;138.38;((0, 343750), (85937, 171874, 257811));
5;0.939819335937500;257811;5;135.95;((0, 343750), (85937, 171874, 257811));
5;0.939758300781250;257811;7;137.68;((0, 343750), (85937, 171874, 257811));
5;0.939788818359375;257811;9;142.38;((0, 343750), (85937, 171874, 257811));
5;0.939804077148438;257811;8;137.66;((0, 343750), (85937, 171874, 257811));
5;0.939811706542969;257811;9;135.69;((0, 343750), (85937, 171874, 257811));
5;0.939815521240234;257811;9;135.12;((0, 343750), (85937, 171874, 257811));
5;0.939817428588867;257811;8;135.19;((0, 343750), (85937, 171874, 257811));
5;0.939818382263184;257811;7;133.46;((0, 343750), (85937, 171874, 257811));
5;0.500000000000000;42968;11;75.81;((0, 171874), (42968, 85936, 128904));
5;0.750000000000000;42968;11;109.98;((0, 171874), (42968, 85936, 128904));
5;0.875000000000000;42968;11;126.70;((0, 171874), (42968, 85936, 128904));
5;0.937500000000000;42968;11;135.90;((0, 171874), (42968, 85936, 128904));
5;0.968750000000000;42968;0;76.33;((0, 171874), (42968, 85936, 128904));
5;0.953125000000000;42968;11;137.93;((0, 171874), (42968, 85936, 128904));
5;0.960937500000000;42968;11;144.25;((0, 171874), (42968, 85936, 128904));
5;0.964843750000000;42968;7;136.21;((0, 171874), (42968, 85936, 128904));
5;0.966796875000000;42968;3;132.16;((0, 171874), (42968, 85936, 128904));
5;0.965820312500000;42968;4;142.53;((0, 171874), (42968, 85936, 128904));
5;0.965332031250000;42968;9;137.92;((0, 171874), (42968, 85936, 128904));
5;0.965576171875000;42968;7;135.12;((0, 171874), (42968, 85936, 128904));
5;0.965698242187500;42968;6;133.75;((0, 171874), (42968, 85936, 128904));
5;0.965759277343750;42968;6;134.29;((0, 171874), (42968, 85936, 128904));
5;0.965789794921875;42968;5;132.61;((0, 171874), (42968, 85936, 128904));
5;0.965774536132812;42968;8;136.05;((0, 171874), (42968, 85936, 128904));
5;0.965782165527344;42968;5;132.60;((0, 171874), (42968, 85936, 128904));
5;0.965778350830078;42968;7;135.23;((0, 171874), (42968, 85936, 128904));
5;0.965780258178711;42968;5;133.03;((0, 171874), (42968, 85936, 128904));
5;0.965779304504395;42968;3;132.46;((0, 171874), (42968, 85936, 128904));
5;0.500000000000000;85936;11;77.24;((0, 171874), (42968, 85936, 128904));
5;0.750000000000000;85936;11;111.51;((0, 171874), (42968, 85936, 128904));
5;0.875000000000000;85936;11;131.05;((0, 171874), (42968, 85936, 128904));
5;0.937500000000000;85936;11;139.26;((0, 171874), (42968, 85936, 128904));
5;0.968750000000000;85936;0;69.31;((0, 171874), (42968, 85936, 128904));
5;0.953125000000000;85936;11;140.08;((0, 171874), (42968, 85936, 128904));
5;0.960937500000000;85936;11;139.64;((0, 171874), (42968, 85936, 128904));
5;0.964843750000000;85936;8;135.72;((0, 171874), (42968, 85936, 128904));
5;0.966796875000000;85936;0;86.81;((0, 171874), (42968, 85936, 128904));
5;0.965820312500000;85936;0;89.99;((0, 171874), (42968, 85936, 128904));
5;0.965332031250000;85936;2;128.50;((0, 171874), (42968, 85936, 128904));
5;0.965087890625000;85936;2;130.34;((0, 171874), (42968, 85936, 128904));
5;0.964965820312500;85936;5;131.99;((0, 171874), (42968, 85936, 128904));
5;0.964904785156250;85936;3;130.35;((0, 171874), (42968, 85936, 128904));
5;0.964874267578125;85936;8;132.76;((0, 171874), (42968, 85936, 128904));
5;0.964889526367188;85936;4;132.46;((0, 171874), (42968, 85936, 128904));
5;0.964881896972656;85936;6;133.08;((0, 171874), (42968, 85936, 128904));
5;0.964885711669922;85936;6;133.01;((0, 171874), (42968, 85936, 128904));
5;0.964887619018555;85936;6;133.38;((0, 171874), (42968, 85936, 128904));
5;0.964888572692871;85936;3;130.39;((0, 171874), (42968, 85936, 128904));
5;0.500000000000000;128904;11;74.33;((0, 171874), (42968, 85936, 128904));
5;0.750000000000000;128904;11;107.37;((0, 171874), (42968, 85936, 128904));
5;0.875000000000000;128904;11;124.62;((0, 171874), (42968, 85936, 128904));
5;0.937500000000000;128904;11;134.08;((0, 171874), (42968, 85936, 128904));
5;0.968750000000000;128904;0;57.35;((0, 171874), (42968, 85936, 128904));
5;0.953125000000000;128904;10;133.44;((0, 171874), (42968, 85936, 128904));
5;0.960937500000000;128904;0;60.74;((0, 171874), (42968, 85936, 128904));
5;0.957031250000000;128904;0;75.59;((0, 171874), (42968, 85936, 128904));
5;0.955078125000000;128904;4;130.49;((0, 171874), (42968, 85936, 128904));
5;0.954101562500000;128904;9;132.95;((0, 171874), (42968, 85936, 128904));
5;0.954589843750000;128904;8;133.29;((0, 171874), (42968, 85936, 128904));
5;0.954833984375000;128904;6;132.29;((0, 171874), (42968, 85936, 128904));
5;0.954956054687500;128904;4;130.38;((0, 171874), (42968, 85936, 128904));
5;0.954895019531250;128904;8;133.04;((0, 171874), (42968, 85936, 128904));
5;0.954925537109375;128904;7;133.98;((0, 171874), (42968, 85936, 128904));
5;0.954940795898438;128904;5;130.54;((0, 171874), (42968, 85936, 128904));
5;0.954933166503906;128904;7;133.71;((0, 171874), (42968, 85936, 128904));
5;0.954936981201172;128904;6;131.53;((0, 171874), (42968, 85936, 128904));
5;0.954938888549805;128904;5;131.19;((0, 171874), (42968, 85936, 128904));
5;0.954937934875488;128904;7;132.60;((0, 171874), (42968, 85936, 128904));
5;0.500000000000000;21484;11;73.13;((0, 85936), (21484, 42968, 64452));
5;0.750000000000000;21484;11;105.19;((0, 85936), (21484, 42968, 64452));
5;0.875000000000000;21484;11;127.13;((0, 85936), (21484, 42968, 64452));
5;0.937500000000000;21484;11;129.91;((0, 85936), (21484, 42968, 64452));
5;0.968750000000000;21484;0;57.29;((0, 85936), (21484, 42968, 64452));
5;0.953125000000000;21484;6;128.44;((0, 85936), (21484, 42968, 64452));
5;0.960937500000000;21484;0;69.55;((0, 85936), (21484, 42968, 64452));
5;0.957031250000000;21484;2;125.59;((0, 85936), (21484, 42968, 64452));
5;0.955078125000000;21484;2;124.14;((0, 85936), (21484, 42968, 64452));
5;0.954101562500000;21484;8;128.45;((0, 85936), (21484, 42968, 64452));
5;0.954589843750000;21484;8;136.23;((0, 85936), (21484, 42968, 64452));
5;0.954833984375000;21484;3;126.58;((0, 85936), (21484, 42968, 64452));
5;0.954711914062500;21484;4;128.99;((0, 85936), (21484, 42968, 64452));
5;0.954650878906250;21484;6;128.65;((0, 85936), (21484, 42968, 64452));
5;0.954681396484375;21484;2;124.97;((0, 85936), (21484, 42968, 64452));
5;0.954666137695312;21484;6;128.41;((0, 85936), (21484, 42968, 64452));
5;0.954673767089844;21484;1;124.86;((0, 85936), (21484, 42968, 64452));
5;0.954669952392578;21484;7;129.49;((0, 85936), (21484, 42968, 64452));
5;0.954671859741211;21484;6;128.44;((0, 85936), (21484, 42968, 64452));
5;0.954672813415527;21484;7;128.35;((0, 85936), (21484, 42968, 64452));
5;0.500000000000000;64452;11;73.71;((0, 85936), (21484, 42968, 64452));
5;0.750000000000000;64452;11;107.64;((0, 85936), (21484, 42968, 64452));
5;0.875000000000000;64452;11;124.03;((0, 85936), (21484, 42968, 64452));
5;0.937500000000000;64452;11;132.49;((0, 85936), (21484, 42968, 64452));
5;0.968750000000000;64452;0;59.64;((0, 85936), (21484, 42968, 64452));
5;0.953125000000000;64452;11;142.88;((0, 85936), (21484, 42968, 64452));
5;0.960937500000000;64452;10;134.11;((0, 85936), (21484, 42968, 64452));
5;0.964843750000000;64452;0;65.88;((0, 85936), (21484, 42968, 64452));
5;0.962890625000000;64452;0;88.68;((0, 85936), (21484, 42968, 64452));
5;0.961914062500000;64452;2;129.31;((0, 85936), (21484, 42968, 64452));
5;0.961425781250000;64452;3;130.43;((0, 85936), (21484, 42968, 64452));
5;0.961181640625000;64452;6;131.13;((0, 85936), (21484, 42968, 64452));
5;0.961303710937500;64452;3;129.41;((0, 85936), (21484, 42968, 64452));
5;0.961242675781250;64452;1;125.89;((0, 85936), (21484, 42968, 64452));
5;0.961212158203125;64452;10;134.74;((0, 85936), (21484, 42968, 64452));
5;0.961227416992188;64452;6;131.15;((0, 85936), (21484, 42968, 64452));
5;0.961235046386719;64452;7;133.11;((0, 85936), (21484, 42968, 64452));
5;0.961238861083984;64452;6;132.35;((0, 85936), (21484, 42968, 64452));
5;0.961240768432617;64452;5;131.42;((0, 85936), (21484, 42968, 64452));
5;0.961239814758301;64452;5;131.10;((0, 85936), (21484, 42968, 64452));
5;0.500000000000000;32226;11;73.32;((21484, 64452), (32226, 42968, 53710));
5;0.750000000000000;32226;11;106.20;((21484, 64452), (32226, 42968, 53710));
5;0.875000000000000;32226;11;122.75;((21484, 64452), (32226, 42968, 53710));
5;0.937500000000000;32226;11;130.89;((21484, 64452), (32226, 42968, 53710));
5;0.968750000000000;32226;0;75.63;((21484, 64452), (32226, 42968, 53710));
5;0.953125000000000;32226;11;133.80;((21484, 64452), (32226, 42968, 53710));
5;0.960937500000000;32226;10;132.88;((21484, 64452), (32226, 42968, 53710));
5;0.964843750000000;32226;4;129.75;((21484, 64452), (32226, 42968, 53710));
5;0.962890625000000;32226;7;132.83;((21484, 64452), (32226, 42968, 53710));
5;0.963867187500000;32226;6;130.10;((21484, 64452), (32226, 42968, 53710));
5;0.964355468750000;32226;6;131.45;((21484, 64452), (32226, 42968, 53710));
5;0.964599609375000;32226;2;128.16;((21484, 64452), (32226, 42968, 53710));
5;0.964477539062500;32226;5;130.08;((21484, 64452), (32226, 42968, 53710));
5;0.964416503906250;32226;7;131.87;((21484, 64452), (32226, 42968, 53710));
5;0.964447021484375;32226;5;130.43;((21484, 64452), (32226, 42968, 53710));
5;0.964431762695312;32226;4;130.35;((21484, 64452), (32226, 42968, 53710));
5;0.964424133300781;32226;5;129.73;((21484, 64452), (32226, 42968, 53710));
5;0.964420318603516;32226;5;140.96;((21484, 64452), (32226, 42968, 53710));
5;0.964418411254883;32226;6;131.44;((21484, 64452), (32226, 42968, 53710));
5;0.964419364929199;32226;6;131.06;((21484, 64452), (32226, 42968, 53710));
5;0.500000000000000;53710;11;73.63;((21484, 64452), (32226, 42968, 53710));
5;0.750000000000000;53710;11;107.67;((21484, 64452), (32226, 42968, 53710));
5;0.875000000000000;53710;11;124.12;((21484, 64452), (32226, 42968, 53710));
5;0.937500000000000;53710;11;131.57;((21484, 64452), (32226, 42968, 53710));
5;0.968750000000000;53710;0;61.52;((21484, 64452), (32226, 42968, 53710));
5;0.953125000000000;53710;11;133.83;((21484, 64452), (32226, 42968, 53710));
5;0.960937500000000;53710;7;131.70;((21484, 64452), (32226, 42968, 53710));
5;0.964843750000000;53710;0;70.76;((21484, 64452), (32226, 42968, 53710));
5;0.962890625000000;53710;0;79.68;((21484, 64452), (32226, 42968, 53710));
5;0.961914062500000;53710;2;128.32;((21484, 64452), (32226, 42968, 53710));
5;0.961425781250000;53710;6;131.40;((21484, 64452), (32226, 42968, 53710));
5;0.961669921875000;53710;4;130.31;((21484, 64452), (32226, 42968, 53710));
5;0.961547851562500;53710;5;130.89;((21484, 64452), (32226, 42968, 53710));
5;0.961486816406250;53710;2;129.10;((21484, 64452), (32226, 42968, 53710));
5;0.961456298828125;53710;4;130.62;((21484, 64452), (32226, 42968, 53710));
5;0.961441040039062;53710;6;131.72;((21484, 64452), (32226, 42968, 53710));
5;0.961448669433594;53710;5;130.72;((21484, 64452), (32226, 42968, 53710));
5;0.961444854736328;53710;5;130.61;((21484, 64452), (32226, 42968, 53710));
5;0.961442947387695;53710;3;129.43;((21484, 64452), (32226, 42968, 53710));
5;0.961441993713379;53710;2;128.99;((21484, 64452), (32226, 42968, 53710));
5;0.500000000000000;37597;11;75.65;((32226, 53710), (37597, 42968, 48339));
5;0.750000000000000;37597;11;113.52;((32226, 53710), (37597, 42968, 48339));
5;0.875000000000000;37597;11;141.14;((32226, 53710), (37597, 42968, 48339));
5;0.937500000000000;37597;11;141.21;((32226, 53710), (37597, 42968, 48339));
5;0.968750000000000;37597;0;80.87;((32226, 53710), (37597, 42968, 48339));
5;0.953125000000000;37597;11;143.86;((32226, 53710), (37597, 42968, 48339));
5;0.960937500000000;37597;9;137.91;((32226, 53710), (37597, 42968, 48339));
5;0.964843750000000;37597;8;137.17;((32226, 53710), (37597, 42968, 48339));
5;0.966796875000000;37597;4;134.14;((32226, 53710), (37597, 42968, 48339));
5;0.965820312500000;37597;4;134.50;((32226, 53710), (37597, 42968, 48339));
5;0.965332031250000;37597;3;134.89;((32226, 53710), (37597, 42968, 48339));
5;0.965087890625000;37597;5;136.77;((32226, 53710), (37597, 42968, 48339));
5;0.964965820312500;37597;7;131.85;((32226, 53710), (37597, 42968, 48339));
5;0.965026855468750;37597;6;131.57;((32226, 53710), (37597, 42968, 48339));
5;0.965057373046875;37597;6;131.78;((32226, 53710), (37597, 42968, 48339));
5;0.965072631835938;37597;7;131.09;((32226, 53710), (37597, 42968, 48339));
5;0.965080261230469;37597;3;130.19;((32226, 53710), (37597, 42968, 48339));
5;0.965076446533203;37597;4;130.39;((32226, 53710), (37597, 42968, 48339));
5;0.965074539184570;37597;8;132.35;((32226, 53710), (37597, 42968, 48339));
5;0.965075492858887;37597;8;131.86;((32226, 53710), (37597, 42968, 48339));
5;0.500000000000000;48339;11;74.75;((32226, 53710), (37597, 42968, 48339));
5;0.750000000000000;48339;11;106.93;((32226, 53710), (37597, 42968, 48339));
5;0.875000000000000;48339;11;123.52;((32226, 53710), (37597, 42968, 48339));
5;0.937500000000000;48339;11;133.35;((32226, 53710), (37597, 42968, 48339));
5;0.968750000000000;48339;0;79.98;((32226, 53710), (37597, 42968, 48339));
5;0.953125000000000;48339;11;133.84;((32226, 53710), (37597, 42968, 48339));
5;0.960937500000000;48339;11;137.39;((32226, 53710), (37597, 42968, 48339));
5;0.964843750000000;48339;10;136.74;((32226, 53710), (37597, 42968, 48339));
5;0.966796875000000;48339;4;130.71;((32226, 53710), (37597, 42968, 48339));
5;0.965820312500000;48339;5;131.24;((32226, 53710), (37597, 42968, 48339));
5;0.965332031250000;48339;10;135.05;((32226, 53710), (37597, 42968, 48339));
5;0.965576171875000;48339;6;142.07;((32226, 53710), (37597, 42968, 48339));
5;0.965698242187500;48339;6;132.07;((32226, 53710), (37597, 42968, 48339));
5;0.965759277343750;48339;8;132.87;((32226, 53710), (37597, 42968, 48339));
5;0.965789794921875;48339;10;134.23;((32226, 53710), (37597, 42968, 48339));
5;0.965805053710938;48339;9;133.24;((32226, 53710), (37597, 42968, 48339));
5;0.965812683105469;48339;6;131.91;((32226, 53710), (37597, 42968, 48339));
5;0.965816497802734;48339;9;133.36;((32226, 53710), (37597, 42968, 48339));
5;0.965818405151367;48339;7;134.05;((32226, 53710), (37597, 42968, 48339));
5;0.965819358825684;48339;5;131.93;((32226, 53710), (37597, 42968, 48339));
5;0.500000000000000;45653;11;74.02;((42968, 53710), (45653, 48338, 51023));
5;0.750000000000000;45653;11;106.56;((42968, 53710), (45653, 48338, 51023));
5;0.875000000000000;45653;11;122.94;((42968, 53710), (45653, 48338, 51023));
5;0.937500000000000;45653;11;131.51;((42968, 53710), (45653, 48338, 51023));
5;0.968750000000000;45653;0;74.36;((42968, 53710), (45653, 48338, 51023));
5;0.953125000000000;45653;11;144.42;((42968, 53710), (45653, 48338, 51023));
5;0.960937500000000;45653;11;136.90;((42968, 53710), (45653, 48338, 51023));
5;0.964843750000000;45653;10;134.85;((42968, 53710), (45653, 48338, 51023));
5;0.966796875000000;45653;4;130.27;((42968, 53710), (45653, 48338, 51023));
5;0.965820312500000;45653;9;133.22;((42968, 53710), (45653, 48338, 51023));
5;0.966308593750000;45653;3;130.08;((42968, 53710), (45653, 48338, 51023));
5;0.966064453125000;45653;5;130.87;((42968, 53710), (45653, 48338, 51023));
5;0.965942382812500;45653;6;131.28;((42968, 53710), (45653, 48338, 51023));
5;0.966003417968750;45653;3;129.18;((42968, 53710), (45653, 48338, 51023));
5;0.965972900390625;45653;5;131.11;((42968, 53710), (45653, 48338, 51023));
5;0.965957641601562;45653;5;131.44;((42968, 53710), (45653, 48338, 51023));
5;0.965950012207031;45653;6;131.50;((42968, 53710), (45653, 48338, 51023));
5;0.965953826904297;45653;1;128.15;((42968, 53710), (45653, 48338, 51023));
5;0.965951919555664;45653;8;132.74;((42968, 53710), (45653, 48338, 51023));
5;0.965952873229980;45653;6;131.84;((42968, 53710), (45653, 48338, 51023));
5;0.500000000000000;48338;11;73.84;((42968, 53710), (45653, 48338, 51023));
5;0.750000000000000;48338;11;106.43;((42968, 53710), (45653, 48338, 51023));
5;0.875000000000000;48338;11;122.78;((42968, 53710), (45653, 48338, 51023));
5;0.937500000000000;48338;11;131.50;((42968, 53710), (45653, 48338, 51023));
5;0.968750000000000;48338;0;77.49;((42968, 53710), (45653, 48338, 51023));
5;0.953125000000000;48338;11;133.04;((42968, 53710), (45653, 48338, 51023));
5;0.960937500000000;48338;11;136.18;((42968, 53710), (45653, 48338, 51023));
5;0.964843750000000;48338;9;133.90;((42968, 53710), (45653, 48338, 51023));
5;0.966796875000000;48338;4;130.61;((42968, 53710), (45653, 48338, 51023));
5;0.965820312500000;48338;7;133.30;((42968, 53710), (45653, 48338, 51023));
5;0.966308593750000;48338;6;132.03;((42968, 53710), (45653, 48338, 51023));
5;0.966552734375000;48338;1;128.90;((42968, 53710), (45653, 48338, 51023));
5;0.966430664062500;48338;6;131.84;((42968, 53710), (45653, 48338, 51023));
5;0.966491699218750;48338;3;128.84;((42968, 53710), (45653, 48338, 51023));
5;0.966461181640625;48338;6;131.21;((42968, 53710), (45653, 48338, 51023));
5;0.966476440429688;48338;2;135.59;((42968, 53710), (45653, 48338, 51023));
5;0.966468811035156;48338;6;131.38;((42968, 53710), (45653, 48338, 51023));
5;0.966472625732422;48338;4;130.03;((42968, 53710), (45653, 48338, 51023));
5;0.966470718383789;48338;6;131.67;((42968, 53710), (45653, 48338, 51023));
5;0.966471672058105;48338;5;130.79;((42968, 53710), (45653, 48338, 51023));
5;0.500000000000000;51023;11;73.80;((42968, 53710), (45653, 48338, 51023));
5;0.750000000000000;51023;11;107.17;((42968, 53710), (45653, 48338, 51023));
5;0.875000000000000;51023;11;123.21;((42968, 53710), (45653, 48338, 51023));
5;0.937500000000000;51023;11;131.67;((42968, 53710), (45653, 48338, 51023));
5;0.968750000000000;51023;0;74.95;((42968, 53710), (45653, 48338, 51023));
5;0.953125000000000;51023;11;134.16;((42968, 53710), (45653, 48338, 51023));
5;0.960937500000000;51023;11;134.50;((42968, 53710), (45653, 48338, 51023));
5;0.964843750000000;51023;9;134.07;((42968, 53710), (45653, 48338, 51023));
5;0.966796875000000;51023;2;129.06;((42968, 53710), (45653, 48338, 51023));
5;0.965820312500000;51023;10;137.67;((42968, 53710), (45653, 48338, 51023));
5;0.966308593750000;51023;6;133.56;((42968, 53710), (45653, 48338, 51023));
5;0.966552734375000;51023;4;133.35;((42968, 53710), (45653, 48338, 51023));
5;0.966430664062500;51023;6;135.63;((42968, 53710), (45653, 48338, 51023));
5;0.966491699218750;51023;6;134.73;((42968, 53710), (45653, 48338, 51023));
5;0.966522216796875;51023;6;133.17;((42968, 53710), (45653, 48338, 51023));
5;0.966537475585938;51023;5;134.28;((42968, 53710), (45653, 48338, 51023));
5;0.966529846191406;51023;6;134.26;((42968, 53710), (45653, 48338, 51023));
5;0.966533660888672;51023;4;135.97;((42968, 53710), (45653, 48338, 51023));
5;0.966531753540039;51023;8;135.79;((42968, 53710), (45653, 48338, 51023));
5;0.966532707214355;51023;5;136.11;((42968, 53710), (45653, 48338, 51023));
5;0.500000000000000;49681;11;75.45;((48338, 53710), (49681, 51024, 52367));
5;0.750000000000000;49681;11;109.31;((48338, 53710), (49681, 51024, 52367));
5;0.875000000000000;49681;11;127.99;((48338, 53710), (49681, 51024, 52367));
5;0.937500000000000;49681;11;138.14;((48338, 53710), (49681, 51024, 52367));
5;0.968750000000000;49681;0;83.77;((48338, 53710), (49681, 51024, 52367));
5;0.953125000000000;49681;11;137.40;((48338, 53710), (49681, 51024, 52367));
5;0.960937500000000;49681;11;138.05;((48338, 53710), (49681, 51024, 52367));
5;0.964843750000000;49681;10;137.15;((48338, 53710), (49681, 51024, 52367));
5;0.966796875000000;49681;6;133.76;((48338, 53710), (49681, 51024, 52367));
5;0.967773437500000;49681;3;132.30;((48338, 53710), (49681, 51024, 52367));
5;0.967285156250000;49681;3;131.78;((48338, 53710), (49681, 51024, 52367));
5;0.967041015625000;49681;3;137.84;((48338, 53710), (49681, 51024, 52367));
5;0.966918945312500;49681;3;132.59;((48338, 53710), (49681, 51024, 52367));
5;0.966857910156250;49681;5;134.07;((48338, 53710), (49681, 51024, 52367));
5;0.966827392578125;49681;4;137.11;((48338, 53710), (49681, 51024, 52367));
5;0.966812133789062;49681;4;132.74;((48338, 53710), (49681, 51024, 52367));
5;0.966804504394531;49681;6;134.08;((48338, 53710), (49681, 51024, 52367));
5;0.966808319091797;49681;2;131.45;((48338, 53710), (49681, 51024, 52367));
5;0.966806411743164;49681;3;132.31;((48338, 53710), (49681, 51024, 52367));
5;0.966805458068848;49681;2;130.31;((48338, 53710), (49681, 51024, 52367));
5;0.500000000000000;51024;11;76.45;((48338, 53710), (49681, 51024, 52367));
5;0.750000000000000;51024;11;111.26;((48338, 53710), (49681, 51024, 52367));
5;0.875000000000000;51024;11;126.41;((48338, 53710), (49681, 51024, 52367));
5;0.937500000000000;51024;11;136.19;((48338, 53710), (49681, 51024, 52367));
5;0.968750000000000;51024;0;60.79;((48338, 53710), (49681, 51024, 52367));
5;0.953125000000000;51024;11;139.37;((48338, 53710), (49681, 51024, 52367));
5;0.960937500000000;51024;3;133.27;((48338, 53710), (49681, 51024, 52367));
5;0.957031250000000;51024;11;139.16;((48338, 53710), (49681, 51024, 52367));
5;0.958984375000000;51024;10;134.73;((48338, 53710), (49681, 51024, 52367));
5;0.959960937500000;51024;7;133.45;((48338, 53710), (49681, 51024, 52367));
5;0.960449218750000;51024;8;136.15;((48338, 53710), (49681, 51024, 52367));
5;0.960693359375000;51024;6;133.99;((48338, 53710), (49681, 51024, 52367));
5;0.960815429687500;51024;6;134.01;((48338, 53710), (49681, 51024, 52367));
5;0.960876464843750;51024;2;131.44;((48338, 53710), (49681, 51024, 52367));
5;0.960845947265625;51024;8;132.64;((48338, 53710), (49681, 51024, 52367));
5;0.960861206054688;51024;7;134.73;((48338, 53710), (49681, 51024, 52367));
5;0.960868835449219;51024;6;133.81;((48338, 53710), (49681, 51024, 52367));
5;0.960872650146484;51024;6;133.55;((48338, 53710), (49681, 51024, 52367));
5;0.960874557495117;51024;6;132.23;((48338, 53710), (49681, 51024, 52367));
5;0.960875511169434;51024;6;132.82;((48338, 53710), (49681, 51024, 52367));
5;0.500000000000000;52367;11;76.49;((48338, 53710), (49681, 51024, 52367));
5;0.750000000000000;52367;11;110.89;((48338, 53710), (49681, 51024, 52367));
5;0.875000000000000;52367;11;128.77;((48338, 53710), (49681, 51024, 52367));
5;0.937500000000000;52367;11;136.68;((48338, 53710), (49681, 51024, 52367));
5;0.968750000000000;52367;0;82.34;((48338, 53710), (49681, 51024, 52367));
5;0.953125000000000;52367;11;137.85;((48338, 53710), (49681, 51024, 52367));
5;0.960937500000000;52367;11;138.26;((48338, 53710), (49681, 51024, 52367));
5;0.964843750000000;52367;10;135.25;((48338, 53710), (49681, 51024, 52367));
5;0.966796875000000;52367;2;132.22;((48338, 53710), (49681, 51024, 52367));
5;0.965820312500000;52367;8;134.49;((48338, 53710), (49681, 51024, 52367));
5;0.966308593750000;52367;7;134.43;((48338, 53710), (49681, 51024, 52367));
5;0.966552734375000;52367;4;133.16;((48338, 53710), (49681, 51024, 52367));
5;0.966430664062500;52367;6;134.00;((48338, 53710), (49681, 51024, 52367));
5;0.966491699218750;52367;5;133.98;((48338, 53710), (49681, 51024, 52367));
5;0.966461181640625;52367;7;135.02;((48338, 53710), (49681, 51024, 52367));
5;0.966476440429688;52367;8;134.71;((48338, 53710), (49681, 51024, 52367));
5;0.966484069824219;52367;4;134.19;((48338, 53710), (49681, 51024, 52367));
5;0.966480255126953;52367;4;133.78;((48338, 53710), (49681, 51024, 52367));
5;0.966478347778320;52367;4;134.39;((48338, 53710), (49681, 51024, 52367));
5;0.966477394104004;52367;4;132.27;((48338, 53710), (49681, 51024, 52367));
5;0.500000000000000;49009;11;76.30;((48338, 51024), (49009, 49680, 50351));
5;0.750000000000000;49009;11;110.26;((48338, 51024), (49009, 49680, 50351));
5;0.875000000000000;49009;11;129.73;((48338, 51024), (49009, 49680, 50351));
5;0.937500000000000;49009;11;135.39;((48338, 51024), (49009, 49680, 50351));
5;0.968750000000000;49009;0;89.80;((48338, 51024), (49009, 49680, 50351));
5;0.953125000000000;49009;11;137.81;((48338, 51024), (49009, 49680, 50351));
5;0.960937500000000;49009;11;139.78;((48338, 51024), (49009, 49680, 50351));
5;0.964843750000000;49009;8;169.49;((48338, 51024), (49009, 49680, 50351));
5;0.966796875000000;49009;4;133.68;((48338, 51024), (49009, 49680, 50351));
5;0.965820312500000;49009;8;135.21;((48338, 51024), (49009, 49680, 50351));
5;0.966308593750000;49009;6;134.55;((48338, 51024), (49009, 49680, 50351));
5;0.966552734375000;49009;3;132.12;((48338, 51024), (49009, 49680, 50351));
5;0.966430664062500;49009;4;134.58;((48338, 51024), (49009, 49680, 50351));
5;0.966369628906250;49009;5;133.33;((48338, 51024), (49009, 49680, 50351));
5;0.966339111328125;49009;4;132.12;((48338, 51024), (49009, 49680, 50351));
5;0.966323852539062;49009;6;133.93;((48338, 51024), (49009, 49680, 50351));
5;0.966331481933594;49009;3;133.81;((48338, 51024), (49009, 49680, 50351));
5;0.966327667236328;49009;8;136.66;((48338, 51024), (49009, 49680, 50351));
5;0.966329574584961;49009;3;133.70;((48338, 51024), (49009, 49680, 50351));
5;0.966328620910645;49009;7;134.00;((48338, 51024), (49009, 49680, 50351));
5;0.500000000000000;49680;11;79.37;((48338, 51024), (49009, 49680, 50351));
5;0.750000000000000;49680;11;109.95;((48338, 51024), (49009, 49680, 50351));
5;0.875000000000000;49680;11;126.86;((48338, 51024), (49009, 49680, 50351));
5;0.937500000000000;49680;11;136.44;((48338, 51024), (49009, 49680, 50351));
5;0.968750000000000;49680;0;63.21;((48338, 51024), (49009, 49680, 50351));
5;0.953125000000000;49680;11;139.32;((48338, 51024), (49009, 49680, 50351));
5;0.960937500000000;49680;6;134.59;((48338, 51024), (49009, 49680, 50351));
5;0.964843750000000;49680;0;77.77;((48338, 51024), (49009, 49680, 50351));
5;0.962890625000000;49680;0;88.84;((48338, 51024), (49009, 49680, 50351));
5;0.961914062500000;49680;1;130.70;((48338, 51024), (49009, 49680, 50351));
5;0.961425781250000;49680;5;134.33;((48338, 51024), (49009, 49680, 50351));
5;0.961181640625000;49680;3;131.44;((48338, 51024), (49009, 49680, 50351));
5;0.961059570312500;49680;5;130.92;((48338, 51024), (49009, 49680, 50351));
5;0.960998535156250;49680;5;134.40;((48338, 51024), (49009, 49680, 50351));
5;0.960968017578125;49680;8;157.08;((48338, 51024), (49009, 49680, 50351));
5;0.960983276367188;49680;1;130.06;((48338, 51024), (49009, 49680, 50351));
5;0.960975646972656;49680;6;133.71;((48338, 51024), (49009, 49680, 50351));
5;0.960979461669922;49680;7;140.14;((48338, 51024), (49009, 49680, 50351));
5;0.960981369018555;49680;5;134.52;((48338, 51024), (49009, 49680, 50351));
5;0.960980415344238;49680;5;135.44;((48338, 51024), (49009, 49680, 50351));
5;0.500000000000000;50351;11;75.06;((48338, 51024), (49009, 49680, 50351));
5;0.750000000000000;50351;11;110.07;((48338, 51024), (49009, 49680, 50351));
5;0.875000000000000;50351;11;127.52;((48338, 51024), (49009, 49680, 50351));
5;0.937500000000000;50351;11;135.20;((48338, 51024), (49009, 49680, 50351));
5;0.968750000000000;50351;0;83.00;((48338, 51024), (49009, 49680, 50351));
5;0.953125000000000;50351;11;138.99;((48338, 51024), (49009, 49680, 50351));
5;0.960937500000000;50351;11;139.47;((48338, 51024), (49009, 49680, 50351));
5;0.964843750000000;50351;10;136.30;((48338, 51024), (49009, 49680, 50351));
5;0.966796875000000;50351;5;133.44;((48338, 51024), (49009, 49680, 50351));
5;0.965820312500000;50351;6;133.29;((48338, 51024), (49009, 49680, 50351));
5;0.966308593750000;50351;7;136.45;((48338, 51024), (49009, 49680, 50351));
5;0.966552734375000;50351;3;133.63;((48338, 51024), (49009, 49680, 50351));
5;0.966430664062500;50351;6;132.85;((48338, 51024), (49009, 49680, 50351));
5;0.966491699218750;50351;8;133.46;((48338, 51024), (49009, 49680, 50351));
5;0.966522216796875;50351;7;133.89;((48338, 51024), (49009, 49680, 50351));
5;0.966537475585938;50351;3;132.85;((48338, 51024), (49009, 49680, 50351));
5;0.966529846191406;50351;6;133.39;((48338, 51024), (49009, 49680, 50351));
5;0.966533660888672;50351;6;136.08;((48338, 51024), (49009, 49680, 50351));
5;0.966535568237305;50351;4;133.44;((48338, 51024), (49009, 49680, 50351));
5;0.966534614562988;50351;3;132.82;((48338, 51024), (49009, 49680, 50351));
5;0.500000000000000;50016;11;76.30;((49680, 51024), (50016, 50352, 50688));
5;0.750000000000000;50016;11;110.96;((49680, 51024), (50016, 50352, 50688));
5;0.875000000000000;50016;11;127.42;((49680, 51024), (50016, 50352, 50688));
5;0.937500000000000;50016;11;134.44;((49680, 51024), (50016, 50352, 50688));
5;0.968750000000000;50016;0;96.23;((49680, 51024), (50016, 50352, 50688));
5;0.953125000000000;50016;11;137.63;((49680, 51024), (50016, 50352, 50688));
5;0.960937500000000;50016;11;139.66;((49680, 51024), (50016, 50352, 50688));
5;0.964843750000000;50016;9;134.11;((49680, 51024), (50016, 50352, 50688));
5;0.966796875000000;50016;4;133.21;((49680, 51024), (50016, 50352, 50688));
5;0.965820312500000;50016;8;136.18;((49680, 51024), (50016, 50352, 50688));
5;0.966308593750000;50016;6;133.78;((49680, 51024), (50016, 50352, 50688));
5;0.966552734375000;50016;3;132.60;((49680, 51024), (50016, 50352, 50688));
5;0.966430664062500;50016;3;131.72;((49680, 51024), (50016, 50352, 50688));
5;0.966369628906250;50016;6;134.71;((49680, 51024), (50016, 50352, 50688));
5;0.966400146484375;50016;6;134.03;((49680, 51024), (50016, 50352, 50688));
5;0.966415405273438;50016;4;132.92;((49680, 51024), (50016, 50352, 50688));
5;0.966407775878906;50016;5;132.18;((49680, 51024), (50016, 50352, 50688));
5;0.966403961181641;50016;3;134.00;((49680, 51024), (50016, 50352, 50688));
5;0.966402053833008;50016;1;131.75;((49680, 51024), (50016, 50352, 50688));
5;0.966401100158691;50016;6;138.47;((49680, 51024), (50016, 50352, 50688));
5;0.500000000000000;50352;11;77.72;((49680, 51024), (50016, 50352, 50688));
5;0.750000000000000;50352;11;109.75;((49680, 51024), (50016, 50352, 50688));
5;0.875000000000000;50352;11;127.30;((49680, 51024), (50016, 50352, 50688));
5;0.937500000000000;50352;11;134.84;((49680, 51024), (50016, 50352, 50688));
5;0.968750000000000;50352;0;64.00;((49680, 51024), (50016, 50352, 50688));
5;0.953125000000000;50352;11;140.19;((49680, 51024), (50016, 50352, 50688));
5;0.960937500000000;50352;10;135.01;((49680, 51024), (50016, 50352, 50688));
5;0.964843750000000;50352;0;72.73;((49680, 51024), (50016, 50352, 50688));
5;0.962890625000000;50352;0;86.85;((49680, 51024), (50016, 50352, 50688));
5;0.961914062500000;50352;2;130.40;((49680, 51024), (50016, 50352, 50688));
5;0.961425781250000;50352;6;134.35;((49680, 51024), (50016, 50352, 50688));
5;0.961669921875000;50352;4;132.83;((49680, 51024), (50016, 50352, 50688));
5;0.961547851562500;50352;2;131.65;((49680, 51024), (50016, 50352, 50688));
5;0.961486816406250;50352;5;133.22;((49680, 51024), (50016, 50352, 50688));
5;0.961456298828125;50352;5;132.71;((49680, 51024), (50016, 50352, 50688));
5;0.961441040039062;50352;4;133.87;((49680, 51024), (50016, 50352, 50688));
5;0.961433410644531;50352;3;132.06;((49680, 51024), (50016, 50352, 50688));
5;0.961429595947266;50352;9;163.48;((49680, 51024), (50016, 50352, 50688));
5;0.961431503295898;50352;5;132.07;((49680, 51024), (50016, 50352, 50688));
5;0.961430549621582;50352;2;132.90;((49680, 51024), (50016, 50352, 50688));
5;0.500000000000000;50688;11;75.71;((49680, 51024), (50016, 50352, 50688));
5;0.750000000000000;50688;11;110.39;((49680, 51024), (50016, 50352, 50688));
5;0.875000000000000;50688;11;127.28;((49680, 51024), (50016, 50352, 50688));
5;0.937500000000000;50688;11;136.82;((49680, 51024), (50016, 50352, 50688));
5;0.968750000000000;50688;0;74.17;((49680, 51024), (50016, 50352, 50688));
5;0.953125000000000;50688;11;143.02;((49680, 51024), (50016, 50352, 50688));
5;0.960937500000000;50688;11;138.50;((49680, 51024), (50016, 50352, 50688));
5;0.964843750000000;50688;9;136.56;((49680, 51024), (50016, 50352, 50688));
5;0.966796875000000;50688;5;134.17;((49680, 51024), (50016, 50352, 50688));
5;0.965820312500000;50688;8;134.40;((49680, 51024), (50016, 50352, 50688));
5;0.966308593750000;50688;5;132.00;((49680, 51024), (50016, 50352, 50688));
5;0.966064453125000;50688;8;135.35;((49680, 51024), (50016, 50352, 50688));
5;0.966186523437500;50688;7;134.23;((49680, 51024), (50016, 50352, 50688));
5;0.966247558593750;50688;5;133.58;((49680, 51024), (50016, 50352, 50688));
5;0.966217041015625;50688;4;132.62;((49680, 51024), (50016, 50352, 50688));
5;0.966201782226562;50688;5;135.30;((49680, 51024), (50016, 50352, 50688));
5;0.966194152832031;50688;6;134.06;((49680, 51024), (50016, 50352, 50688));
5;0.966197967529297;50688;8;134.41;((49680, 51024), (50016, 50352, 50688));
5;0.966199874877930;50688;5;134.84;((49680, 51024), (50016, 50352, 50688));
5;0.966198921203613;50688;7;134.40;((49680, 51024), (50016, 50352, 50688));
5;0.500000000000000;49848;11;75.56;((49680, 50352), (49848, 50016, 50184));
5;0.750000000000000;49848;11;110.01;((49680, 50352), (49848, 50016, 50184));
5;0.875000000000000;49848;11;126.16;((49680, 50352), (49848, 50016, 50184));
5;0.937500000000000;49848;11;140.77;((49680, 50352), (49848, 50016, 50184));
5;0.968750000000000;49848;0;86.59;((49680, 50352), (49848, 50016, 50184));
5;0.953125000000000;49848;11;137.45;((49680, 50352), (49848, 50016, 50184));
5;0.960937500000000;49848;11;138.87;((49680, 50352), (49848, 50016, 50184));
5;0.964843750000000;49848;9;134.37;((49680, 50352), (49848, 50016, 50184));
5;0.966796875000000;49848;5;132.46;((49680, 50352), (49848, 50016, 50184));
5;0.965820312500000;49848;5;134.24;((49680, 50352), (49848, 50016, 50184));
5;0.965332031250000;49848;7;133.43;((49680, 50352), (49848, 50016, 50184));
5;0.965576171875000;49848;7;136.96;((49680, 50352), (49848, 50016, 50184));
5;0.965698242187500;49848;9;134.38;((49680, 50352), (49848, 50016, 50184));
5;0.965759277343750;49848;7;134.87;((49680, 50352), (49848, 50016, 50184));
5;0.965789794921875;49848;6;134.88;((49680, 50352), (49848, 50016, 50184));
5;0.965805053710938;49848;8;135.39;((49680, 50352), (49848, 50016, 50184));
5;0.965812683105469;49848;6;136.59;((49680, 50352), (49848, 50016, 50184));
5;0.965816497802734;49848;4;134.73;((49680, 50352), (49848, 50016, 50184));
5;0.965814590454102;49848;8;136.35;((49680, 50352), (49848, 50016, 50184));
5;0.965815544128418;49848;7;135.47;((49680, 50352), (49848, 50016, 50184));
5;0.500000000000000;50184;11;75.91;((49680, 50352), (49848, 50016, 50184));
5;0.750000000000000;50184;11;110.15;((49680, 50352), (49848, 50016, 50184));
5;0.875000000000000;50184;11;128.18;((49680, 50352), (49848, 50016, 50184));
5;0.937500000000000;50184;11;135.84;((49680, 50352), (49848, 50016, 50184));
5;0.968750000000000;50184;0;66.62;((49680, 50352), (49848, 50016, 50184));
5;0.953125000000000;50184;11;139.29;((49680, 50352), (49848, 50016, 50184));
5;0.960937500000000;50184;8;137.33;((49680, 50352), (49848, 50016, 50184));
5;0.964843750000000;50184;0;76.53;((49680, 50352), (49848, 50016, 50184));
5;0.962890625000000;50184;0;85.48;((49680, 50352), (49848, 50016, 50184));
5;0.961914062500000;50184;0;98.70;((49680, 50352), (49848, 50016, 50184));
5;0.961425781250000;50184;3;132.94;((49680, 50352), (49848, 50016, 50184));
5;0.961181640625000;50184;6;132.63;((49680, 50352), (49848, 50016, 50184));
5;0.961303710937500;50184;4;133.51;((49680, 50352), (49848, 50016, 50184));
5;0.961242675781250;50184;4;133.24;((49680, 50352), (49848, 50016, 50184));
5;0.961212158203125;50184;5;133.20;((49680, 50352), (49848, 50016, 50184));
5;0.961196899414062;50184;5;133.22;((49680, 50352), (49848, 50016, 50184));
5;0.961189270019531;50184;3;131.96;((49680, 50352), (49848, 50016, 50184));
5;0.961185455322266;50184;6;132.85;((49680, 50352), (49848, 50016, 50184));
5;0.961187362670898;50184;3;134.06;((49680, 50352), (49848, 50016, 50184));
5;0.961186408996582;50184;6;132.28;((49680, 50352), (49848, 50016, 50184));
5;0.500000000000000;49932;11;76.43;((49848, 50184), (49932, 50016, 50100));
5;0.750000000000000;49932;11;109.91;((49848, 50184), (49932, 50016, 50100));
5;0.875000000000000;49932;11;127.79;((49848, 50184), (49932, 50016, 50100));
5;0.937500000000000;49932;11;135.42;((49848, 50184), (49932, 50016, 50100));
5;0.968750000000000;49932;0;63.19;((49848, 50184), (49932, 50016, 50100));
5;0.953125000000000;49932;11;137.20;((49848, 50184), (49932, 50016, 50100));
5;0.960937500000000;49932;7;132.58;((49848, 50184), (49932, 50016, 50100));
5;0.964843750000000;49932;0;82.51;((49848, 50184), (49932, 50016, 50100));
5;0.962890625000000;49932;1;130.13;((49848, 50184), (49932, 50016, 50100));
5;0.961914062500000;49932;5;133.89;((49848, 50184), (49932, 50016, 50100));
5;0.961425781250000;49932;4;134.73;((49848, 50184), (49932, 50016, 50100));
5;0.961181640625000;49932;3;131.32;((49848, 50184), (49932, 50016, 50100));
5;0.961059570312500;49932;4;133.12;((49848, 50184), (49932, 50016, 50100));
5;0.960998535156250;49932;7;132.60;((49848, 50184), (49932, 50016, 50100));
5;0.961029052734375;49932;5;134.98;((49848, 50184), (49932, 50016, 50100));
5;0.961013793945312;49932;5;134.32;((49848, 50184), (49932, 50016, 50100));
5;0.961006164550781;49932;5;132.75;((49848, 50184), (49932, 50016, 50100));
5;0.961002349853516;49932;5;133.38;((49848, 50184), (49932, 50016, 50100));
5;0.961000442504883;49932;8;134.81;((49848, 50184), (49932, 50016, 50100));
5;0.961001396179199;49932;4;132.85;((49848, 50184), (49932, 50016, 50100));
5;0.500000000000000;50100;11;75.40;((49848, 50184), (49932, 50016, 50100));
5;0.750000000000000;50100;11;109.83;((49848, 50184), (49932, 50016, 50100));
5;0.875000000000000;50100;11;127.08;((49848, 50184), (49932, 50016, 50100));
5;0.937500000000000;50100;11;135.59;((49848, 50184), (49932, 50016, 50100));
5;0.968750000000000;50100;0;63.02;((49848, 50184), (49932, 50016, 50100));
5;0.953125000000000;50100;11;136.78;((49848, 50184), (49932, 50016, 50100));
5;0.960937500000000;50100;8;134.66;((49848, 50184), (49932, 50016, 50100));
5;0.964843750000000;50100;0;80.00;((49848, 50184), (49932, 50016, 50100));
5;0.962890625000000;50100;0;72.68;((49848, 50184), (49932, 50016, 50100));
5;0.961914062500000;50100;2;129.71;((49848, 50184), (49932, 50016, 50100));
5;0.961425781250000;50100;6;132.44;((49848, 50184), (49932, 50016, 50100));
5;0.961669921875000;50100;3;130.59;((49848, 50184), (49932, 50016, 50100));
5;0.961547851562500;50100;4;130.95;((49848, 50184), (49932, 50016, 50100));
5;0.961486816406250;50100;5;136.14;((49848, 50184), (49932, 50016, 50100));
5;0.961456298828125;50100;5;132.84;((49848, 50184), (49932, 50016, 50100));
5;0.961441040039062;50100;4;133.86;((49848, 50184), (49932, 50016, 50100));
5;0.961433410644531;50100;3;132.42;((49848, 50184), (49932, 50016, 50100));
5;0.961429595947266;50100;1;131.21;((49848, 50184), (49932, 50016, 50100));
5;0.961427688598633;50100;4;132.10;((49848, 50184), (49932, 50016, 50100));
5;0.961426734924316;50100;4;132.81;((49848, 50184), (49932, 50016, 50100));
5;0.500000000000000;49974;11;75.96;((49932, 50100), (49974, 50016, 50058));
5;0.750000000000000;49974;11;110.47;((49932, 50100), (49974, 50016, 50058));
5;0.875000000000000;49974;11;126.61;((49932, 50100), (49974, 50016, 50058));
5;0.937500000000000;49974;11;136.33;((49932, 50100), (49974, 50016, 50058));
5;0.968750000000000;49974;0;61.54;((49932, 50100), (49974, 50016, 50058));
5;0.953125000000000;49974;11;137.70;((49932, 50100), (49974, 50016, 50058));
5;0.960937500000000;49974;6;133.17;((49932, 50100), (49974, 50016, 50058));
5;0.964843750000000;49974;0;70.01;((49932, 50100), (49974, 50016, 50058));
5;0.962890625000000;49974;0;89.00;((49932, 50100), (49974, 50016, 50058));
5;0.961914062500000;49974;1;130.76;((49932, 50100), (49974, 50016, 50058));
5;0.961425781250000;49974;5;132.00;((49932, 50100), (49974, 50016, 50058));
5;0.961181640625000;49974;3;136.30;((49932, 50100), (49974, 50016, 50058));
5;0.961059570312500;49974;4;134.63;((49932, 50100), (49974, 50016, 50058));
5;0.960998535156250;49974;6;134.66;((49932, 50100), (49974, 50016, 50058));
5;0.961029052734375;49974;6;135.51;((49932, 50100), (49974, 50016, 50058));
5;0.961044311523438;49974;8;133.95;((49932, 50100), (49974, 50016, 50058));
5;0.961051940917969;49974;6;134.36;((49932, 50100), (49974, 50016, 50058));
5;0.961055755615234;49974;5;132.45;((49932, 50100), (49974, 50016, 50058));
5;0.961053848266602;49974;5;133.62;((49932, 50100), (49974, 50016, 50058));
5;0.961052894592285;49974;5;133.54;((49932, 50100), (49974, 50016, 50058));
5;0.500000000000000;50058;11;76.28;((49932, 50100), (49974, 50016, 50058));
5;0.750000000000000;50058;11;112.39;((49932, 50100), (49974, 50016, 50058));
5;0.875000000000000;50058;11;128.09;((49932, 50100), (49974, 50016, 50058));
5;0.937500000000000;50058;11;135.54;((49932, 50100), (49974, 50016, 50058));
5;0.968750000000000;50058;0;94.55;((49932, 50100), (49974, 50016, 50058));
5;0.953125000000000;50058;11;139.27;((49932, 50100), (49974, 50016, 50058));
5;0.960937500000000;50058;11;139.20;((49932, 50100), (49974, 50016, 50058));
5;0.964843750000000;50058;9;136.22;((49932, 50100), (49974, 50016, 50058));
5;0.966796875000000;50058;2;132.69;((49932, 50100), (49974, 50016, 50058));
5;0.965820312500000;50058;7;134.29;((49932, 50100), (49974, 50016, 50058));
5;0.966308593750000;50058;5;134.38;((49932, 50100), (49974, 50016, 50058));
5;0.966064453125000;50058;10;138.05;((49932, 50100), (49974, 50016, 50058));
5;0.966186523437500;50058;5;133.43;((49932, 50100), (49974, 50016, 50058));
5;0.966125488281250;50058;8;135.80;((49932, 50100), (49974, 50016, 50058));
5;0.966156005859375;50058;4;132.71;((49932, 50100), (49974, 50016, 50058));
5;0.966140747070312;50058;3;134.17;((49932, 50100), (49974, 50016, 50058));
5;0.966133117675781;50058;8;134.28;((49932, 50100), (49974, 50016, 50058));
5;0.966136932373047;50058;8;135.25;((49932, 50100), (49974, 50016, 50058));
5;0.966138839721680;50058;4;133.85;((49932, 50100), (49974, 50016, 50058));
5;0.966137886047363;50058;5;133.50;((49932, 50100), (49974, 50016, 50058));
5;0.500000000000000;49995;11;77.84;((49974, 50058), (49995, 50016, 50037));
5;0.750000000000000;49995;11;110.42;((49974, 50058), (49995, 50016, 50037));
5;0.875000000000000;49995;11;127.99;((49974, 50058), (49995, 50016, 50037));
5;0.937500000000000;49995;11;136.25;((49974, 50058), (49995, 50016, 50037));
5;0.968750000000000;49995;0;84.75;((49974, 50058), (49995, 50016, 50037));
5;0.953125000000000;49995;11;137.68;((49974, 50058), (49995, 50016, 50037));
5;0.960937500000000;49995;11;139.86;((49974, 50058), (49995, 50016, 50037));
5;0.964843750000000;49995;9;134.87;((49974, 50058), (49995, 50016, 50037));
5;0.966796875000000;49995;2;131.75;((49974, 50058), (49995, 50016, 50037));
5;0.965820312500000;49995;7;134.30;((49974, 50058), (49995, 50016, 50037));
5;0.966308593750000;49995;6;134.78;((49974, 50058), (49995, 50016, 50037));
5;0.966552734375000;49995;1;131.38;((49974, 50058), (49995, 50016, 50037));
5;0.966430664062500;49995;7;133.89;((49974, 50058), (49995, 50016, 50037));
5;0.966491699218750;49995;3;132.72;((49974, 50058), (49995, 50016, 50037));
5;0.966461181640625;49995;4;134.74;((49974, 50058), (49995, 50016, 50037));
5;0.966445922851562;49995;6;135.01;((49974, 50058), (49995, 50016, 50037));
5;0.966453552246094;49995;6;135.09;((49974, 50058), (49995, 50016, 50037));
5;0.966457366943359;49995;6;134.36;((49974, 50058), (49995, 50016, 50037));
5;0.966459274291992;49995;3;134.12;((49974, 50058), (49995, 50016, 50037));
5;0.966458320617676;49995;4;134.78;((49974, 50058), (49995, 50016, 50037));
5;0.500000000000000;50037;11;77.25;((49974, 50058), (49995, 50016, 50037));
5;0.750000000000000;50037;11;113.15;((49974, 50058), (49995, 50016, 50037));
5;0.875000000000000;50037;11;127.67;((49974, 50058), (49995, 50016, 50037));
5;0.937500000000000;50037;11;137.26;((49974, 50058), (49995, 50016, 50037));
5;0.968750000000000;50037;0;93.93;((49974, 50058), (49995, 50016, 50037));
5;0.953125000000000;50037;11;138.55;((49974, 50058), (49995, 50016, 50037));
5;0.960937500000000;50037;11;138.71;((49974, 50058), (49995, 50016, 50037));
5;0.964843750000000;50037;9;140.30;((49974, 50058), (49995, 50016, 50037));
5;0.966796875000000;50037;3;133.34;((49974, 50058), (49995, 50016, 50037));
5;0.965820312500000;50037;10;135.22;((49974, 50058), (49995, 50016, 50037));
5;0.966308593750000;50037;4;132.73;((49974, 50058), (49995, 50016, 50037));
5;0.966064453125000;50037;4;132.81;((49974, 50058), (49995, 50016, 50037));
5;0.965942382812500;50037;7;133.74;((49974, 50058), (49995, 50016, 50037));
5;0.966003417968750;50037;9;135.06;((49974, 50058), (49995, 50016, 50037));
5;0.966033935546875;50037;6;134.49;((49974, 50058), (49995, 50016, 50037));
5;0.966049194335938;50037;7;134.74;((49974, 50058), (49995, 50016, 50037));
5;0.966056823730469;50037;8;134.84;((49974, 50058), (49995, 50016, 50037));
5;0.966060638427734;50037;6;139.51;((49974, 50058), (49995, 50016, 50037));
5;0.966062545776367;50037;6;134.62;((49974, 50058), (49995, 50016, 50037));
5;0.966063499450684;50037;7;135.63;((49974, 50058), (49995, 50016, 50037));
