5;0.500000000000000;3125000;11;178.64;((0, 12500000), (3125000, 6250000, 9375000));
5;0.750000000000000;3125000;0;134.51;((0, 12500000), (3125000, 6250000, 9375000));
5;0.625000000000000;3125000;11;219.85;((0, 12500000), (3125000, 6250000, 9375000));
5;0.687500000000000;3125000;11;239.55;((0, 12500000), (3125000, 6250000, 9375000));
5;0.718750000000000;3125000;11;256.30;((0, 12500000), (3125000, 6250000, 9375000));
5;0.734375000000000;3125000;11;255.76;((0, 12500000), (3125000, 6250000, 9375000));
5;0.742187500000000;3125000;1;242.29;((0, 12500000), (3125000, 6250000, 9375000));
5;0.738281250000000;3125000;11;257.17;((0, 12500000), (3125000, 6250000, 9375000));
5;0.740234375000000;3125000;11;277.84;((0, 12500000), (3125000, 6250000, 9375000));
5;0.741210937500000;3125000;9;268.37;((0, 12500000), (3125000, 6250000, 9375000));
5;0.741699218750000;3125000;4;250.11;((0, 12500000), (3125000, 6250000, 9375000));
5;0.741455078125000;3125000;6;250.80;((0, 12500000), (3125000, 6250000, 9375000));
5;0.741577148437500;3125000;5;249.22;((0, 12500000), (3125000, 6250000, 9375000));
5;0.741516113281250;3125000;7;250.01;((0, 12500000), (3125000, 6250000, 9375000));
5;0.741546630859375;3125000;4;248.28;((0, 12500000), (3125000, 6250000, 9375000));
5;0.741531372070312;3125000;6;259.37;((0, 12500000), (3125000, 6250000, 9375000));
5;0.741539001464844;3125000;10;255.78;((0, 12500000), (3125000, 6250000, 9375000));
5;0.741542816162109;3125000;7;249.44;((0, 12500000), (3125000, 6250000, 9375000));
5;0.741544723510742;3125000;7;250.22;((0, 12500000), (3125000, 6250000, 9375000));
5;0.741545677185059;3125000;6;250.26;((0, 12500000), (3125000, 6250000, 9375000));
5;0.500000000000000;6250000;11;177.18;((0, 12500000), (3125000, 6250000, 9375000));
5;0.750000000000000;6250000;0;122.48;((0, 12500000), (3125000, 6250000, 9375000));
5;0.625000000000000;6250000;0;120.52;((0, 12500000), (3125000, 6250000, 9375000));
5;0.562500000000000;6250000;11;199.67;((0, 12500000), (3125000, 6250000, 9375000));
5;0.593750000000000;6250000;11;213.01;((0, 12500000), (3125000, 6250000, 9375000));
5;0.609375000000000;6250000;11;215.01;((0, 12500000), (3125000, 6250000, 9375000));
5;0.617187500000000;6250000;0;123.45;((0, 12500000), (3125000, 6250000, 9375000));
5;0.613281250000000;6250000;11;215.63;((0, 12500000), (3125000, 6250000, 9375000));
5;0.615234375000000;6250000;11;217.56;((0, 12500000), (3125000, 6250000, 9375000));
5;0.616210937500000;6250000;0;129.90;((0, 12500000), (3125000, 6250000, 9375000));
5;0.615722656250000;6250000;10;213.89;((0, 12500000), (3125000, 6250000, 9375000));
5;0.615966796875000;6250000;6;211.86;((0, 12500000), (3125000, 6250000, 9375000));
5;0.616088867187500;6250000;1;200.47;((0, 12500000), (3125000, 6250000, 9375000));
5;0.616027832031250;6250000;3;208.07;((0, 12500000), (3125000, 6250000, 9375000));
5;0.615997314453125;6250000;4;208.87;((0, 12500000), (3125000, 6250000, 9375000));
5;0.615982055664062;6250000;5;209.15;((0, 12500000), (3125000, 6250000, 9375000));
5;0.615974426269531;6250000;5;209.46;((0, 12500000), (3125000, 6250000, 9375000));
5;0.615970611572266;6250000;6;211.81;((0, 12500000), (3125000, 6250000, 9375000));
5;0.615972518920898;6250000;6;210.63;((0, 12500000), (3125000, 6250000, 9375000));
5;0.615973472595215;6250000;6;211.68;((0, 12500000), (3125000, 6250000, 9375000));
5;0.500000000000000;9375000;11;179.48;((0, 12500000), (3125000, 6250000, 9375000));
5;0.750000000000000;9375000;0;117.84;((0, 12500000), (3125000, 6250000, 9375000));
5;0.625000000000000;9375000;0;114.27;((0, 12500000), (3125000, 6250000, 9375000));
5;0.562500000000000;9375000;11;202.00;((0, 12500000), (3125000, 6250000, 9375000));
5;0.593750000000000;9375000;11;210.80;((0, 12500000), (3125000, 6250000, 9375000));
5;0.609375000000000;9375000;0;116.66;((0, 12500000), (3125000, 6250000, 9375000));
5;0.601562500000000;9375000;11;213.09;((0, 12500000), (3125000, 6250000, 9375000));
5;0.605468750000000;9375000;11;213.50;((0, 12500000), (3125000, 6250000, 9375000));
5;0.607421875000000;9375000;4;205.44;((0, 12500000), (3125000, 6250000, 9375000));
5;0.606445312500000;9375000;11;214.26;((0, 12500000), (3125000, 6250000, 9375000));
5;0.606933593750000;9375000;11;215.39;((0, 12500000), (3125000, 6250000, 9375000));
5;0.607177734375000;9375000;11;214.76;((0, 12500000), (3125000, 6250000, 9375000));
5;0.607299804687500;9375000;9;210.52;((0, 12500000), (3125000, 6250000, 9375000));
5;0.607360839843750;9375000;6;207.28;((0, 12500000), (3125000, 6250000, 9375000));
5;0.607391357421875;9375000;3;202.38;((0, 12500000), (3125000, 6250000, 9375000));
5;0.607376098632812;9375000;4;204.87;((0, 12500000), (3125000, 6250000, 9375000));
5;0.607368469238281;9375000;8;208.83;((0, 12500000), (3125000, 6250000, 9375000));
5;0.607372283935547;9375000;3;202.56;((0, 12500000), (3125000, 6250000, 9375000));
5;0.607370376586914;9375000;6;207.66;((0, 12500000), (3125000, 6250000, 9375000));
5;0.607371330261230;9375000;8;209.22;((0, 12500000), (3125000, 6250000, 9375000));
5;0.500000000000000;1562500;11;176.68;((0, 6250000), (1562500, 3125000, 4687500));
5;0.750000000000000;1562500;11;265.47;((0, 6250000), (1562500, 3125000, 4687500));
5;0.875000000000000;1562500;0;140.54;((0, 6250000), (1562500, 3125000, 4687500));
5;0.812500000000000;1562500;11;285.80;((0, 6250000), (1562500, 3125000, 4687500));
5;0.843750000000000;1562500;11;293.39;((0, 6250000), (1562500, 3125000, 4687500));
5;0.859375000000000;1562500;11;300.54;((0, 6250000), (1562500, 3125000, 4687500));
5;0.867187500000000;1562500;0;141.97;((0, 6250000), (1562500, 3125000, 4687500));
5;0.863281250000000;1562500;6;287.13;((0, 6250000), (1562500, 3125000, 4687500));
5;0.865234375000000;1562500;0;141.18;((0, 6250000), (1562500, 3125000, 4687500));
5;0.864257812500000;1562500;0;154.45;((0, 6250000), (1562500, 3125000, 4687500));
5;0.863769531250000;1562500;0;177.93;((0, 6250000), (1562500, 3125000, 4687500));
5;0.863525390625000;1562500;1;275.54;((0, 6250000), (1562500, 3125000, 4687500));
5;0.863403320312500;1562500;2;280.61;((0, 6250000), (1562500, 3125000, 4687500));
5;0.863342285156250;1562500;1;276.01;((0, 6250000), (1562500, 3125000, 4687500));
5;0.863311767578125;1562500;1;272.03;((0, 6250000), (1562500, 3125000, 4687500));
5;0.863296508789062;1562500;2;282.51;((0, 6250000), (1562500, 3125000, 4687500));
5;0.863288879394531;1562500;2;293.20;((0, 6250000), (1562500, 3125000, 4687500));
5;0.863285064697266;1562500;3;286.38;((0, 6250000), (1562500, 3125000, 4687500));
5;0.863283157348633;1562500;1;278.95;((0, 6250000), (1562500, 3125000, 4687500));
5;0.863282203674316;1562500;2;280.93;((0, 6250000), (1562500, 3125000, 4687500));
5;0.500000000000000;4687500;11;180.31;((0, 6250000), (1562500, 3125000, 4687500));
5;0.750000000000000;4687500;0;127.14;((0, 6250000), (1562500, 3125000, 4687500));
5;0.625000000000000;4687500;11;221.65;((0, 6250000), (1562500, 3125000, 4687500));
5;0.687500000000000;4687500;0;125.58;((0, 6250000), (1562500, 3125000, 4687500));
5;0.656250000000000;4687500;0;127.16;((0, 6250000), (1562500, 3125000, 4687500));
5;0.640625000000000;4687500;11;225.02;((0, 6250000), (1562500, 3125000, 4687500));
5;0.648437500000000;4687500;11;229.55;((0, 6250000), (1562500, 3125000, 4687500));
5;0.652343750000000;4687500;0;128.84;((0, 6250000), (1562500, 3125000, 4687500));
5;0.650390625000000;4687500;0;131.10;((0, 6250000), (1562500, 3125000, 4687500));
5;0.649414062500000;4687500;0;131.95;((0, 6250000), (1562500, 3125000, 4687500));
5;0.648925781250000;4687500;3;217.34;((0, 6250000), (1562500, 3125000, 4687500));
5;0.648681640625000;4687500;11;229.49;((0, 6250000), (1562500, 3125000, 4687500));
5;0.648803710937500;4687500;7;220.43;((0, 6250000), (1562500, 3125000, 4687500));
5;0.648864746093750;4687500;7;222.69;((0, 6250000), (1562500, 3125000, 4687500));
5;0.648895263671875;4687500;2;215.41;((0, 6250000), (1562500, 3125000, 4687500));
5;0.648880004882812;4687500;6;221.98;((0, 6250000), (1562500, 3125000, 4687500));
5;0.648887634277344;4687500;4;219.47;((0, 6250000), (1562500, 3125000, 4687500));
5;0.648883819580078;4687500;4;222.11;((0, 6250000), (1562500, 3125000, 4687500));
5;0.648881912231445;4687500;6;221.95;((0, 6250000), (1562500, 3125000, 4687500));
5;0.648882865905762;4687500;2;216.46;((0, 6250000), (1562500, 3125000, 4687500));
5;0.500000000000000;781250;11;179.85;((0, 3125000), (781250, 1562500, 2343750));
5;0.750000000000000;781250;11;265.61;((0, 3125000), (781250, 1562500, 2343750));
5;0.875000000000000;781250;11;302.92;((0, 3125000), (781250, 1562500, 2343750));
5;0.937500000000000;781250;0;136.40;((0, 3125000), (781250, 1562500, 2343750));
5;0.906250000000000;781250;11;313.67;((0, 3125000), (781250, 1562500, 2343750));
5;0.921875000000000;781250;11;320.48;((0, 3125000), (781250, 1562500, 2343750));
5;0.929687500000000;781250;0;137.06;((0, 3125000), (781250, 1562500, 2343750));
5;0.925781250000000;781250;0;144.83;((0, 3125000), (781250, 1562500, 2343750));
5;0.923828125000000;781250;0;183.95;((0, 3125000), (781250, 1562500, 2343750));
5;0.922851562500000;781250;9;313.29;((0, 3125000), (781250, 1562500, 2343750));
5;0.923339843750000;781250;4;303.28;((0, 3125000), (781250, 1562500, 2343750));
5;0.923095703125000;781250;8;313.11;((0, 3125000), (781250, 1562500, 2343750));
5;0.923217773437500;781250;3;310.28;((0, 3125000), (781250, 1562500, 2343750));
5;0.923156738281250;781250;3;301.19;((0, 3125000), (781250, 1562500, 2343750));
5;0.923126220703125;781250;5;304.48;((0, 3125000), (781250, 1562500, 2343750));
5;0.923110961914062;781250;7;308.72;((0, 3125000), (781250, 1562500, 2343750));
5;0.923118591308594;781250;7;310.42;((0, 3125000), (781250, 1562500, 2343750));
5;0.923122406005859;781250;2;299.00;((0, 3125000), (781250, 1562500, 2343750));
5;0.923120498657227;781250;7;308.68;((0, 3125000), (781250, 1562500, 2343750));
5;0.923121452331543;781250;4;306.98;((0, 3125000), (781250, 1562500, 2343750));
5;0.500000000000000;2343750;11;179.07;((0, 3125000), (781250, 1562500, 2343750));
5;0.750000000000000;2343750;11;262.27;((0, 3125000), (781250, 1562500, 2343750));
5;0.875000000000000;2343750;0;145.90;((0, 3125000), (781250, 1562500, 2343750));
5;0.812500000000000;2343750;0;145.76;((0, 3125000), (781250, 1562500, 2343750));
5;0.781250000000000;2343750;11;276.24;((0, 3125000), (781250, 1562500, 2343750));
5;0.796875000000000;2343750;11;278.56;((0, 3125000), (781250, 1562500, 2343750));
5;0.804687500000000;2343750;0;139.10;((0, 3125000), (781250, 1562500, 2343750));
5;0.800781250000000;2343750;11;283.58;((0, 3125000), (781250, 1562500, 2343750));
5;0.802734375000000;2343750;0;154.67;((0, 3125000), (781250, 1562500, 2343750));
5;0.801757812500000;2343750;11;281.75;((0, 3125000), (781250, 1562500, 2343750));
5;0.802246093750000;2343750;4;266.46;((0, 3125000), (781250, 1562500, 2343750));
5;0.802001953125000;2343750;8;268.93;((0, 3125000), (781250, 1562500, 2343750));
5;0.802124023437500;2343750;5;265.43;((0, 3125000), (781250, 1562500, 2343750));
5;0.802062988281250;2343750;8;268.91;((0, 3125000), (781250, 1562500, 2343750));
5;0.802093505859375;2343750;7;270.10;((0, 3125000), (781250, 1562500, 2343750));
5;0.802108764648438;2343750;4;265.31;((0, 3125000), (781250, 1562500, 2343750));
5;0.802101135253906;2343750;7;271.86;((0, 3125000), (781250, 1562500, 2343750));
5;0.802104949951172;2343750;5;301.12;((0, 3125000), (781250, 1562500, 2343750));
5;0.802103042602539;2343750;7;274.50;((0, 3125000), (781250, 1562500, 2343750));
5;0.802103996276855;2343750;4;266.30;((0, 3125000), (781250, 1562500, 2343750));
5;0.500000000000000;390625;11;176.56;((0, 1562500), (390625, 781250, 1171875));
5;0.750000000000000;390625;11;258.32;((0, 1562500), (390625, 781250, 1171875));
5;0.875000000000000;390625;11;305.28;((0, 1562500), (390625, 781250, 1171875));
5;0.937500000000000;390625;11;326.64;((0, 1562500), (390625, 781250, 1171875));
5;0.968750000000000;390625;0;137.10;((0, 1562500), (390625, 781250, 1171875));
5;0.953125000000000;390625;11;326.96;((0, 1562500), (390625, 781250, 1171875));
5;0.960937500000000;390625;0;140.01;((0, 1562500), (390625, 781250, 1171875));
5;0.957031250000000;390625;1;302.68;((0, 1562500), (390625, 781250, 1171875));
5;0.955078125000000;390625;11;329.75;((0, 1562500), (390625, 781250, 1171875));
5;0.956054687500000;390625;8;315.47;((0, 1562500), (390625, 781250, 1171875));
5;0.956542968750000;390625;2;308.41;((0, 1562500), (390625, 781250, 1171875));
5;0.956298828125000;390625;7;317.86;((0, 1562500), (390625, 781250, 1171875));
5;0.956420898437500;390625;3;310.30;((0, 1562500), (390625, 781250, 1171875));
5;0.956359863281250;390625;10;324.88;((0, 1562500), (390625, 781250, 1171875));
5;0.956390380859375;390625;6;318.40;((0, 1562500), (390625, 781250, 1171875));
5;0.956405639648438;390625;2;308.14;((0, 1562500), (390625, 781250, 1171875));
5;0.956398010253906;390625;4;311.32;((0, 1562500), (390625, 781250, 1171875));
5;0.956394195556641;390625;3;308.09;((0, 1562500), (390625, 781250, 1171875));
5;0.956392288208008;390625;5;312.50;((0, 1562500), (390625, 781250, 1171875));
5;0.956391334533691;390625;2;311.48;((0, 1562500), (390625, 781250, 1171875));
5;0.500000000000000;1171875;11;177.45;((0, 1562500), (390625, 781250, 1171875));
5;0.750000000000000;1171875;11;261.27;((0, 1562500), (390625, 781250, 1171875));
5;0.875000000000000;1171875;11;303.88;((0, 1562500), (390625, 781250, 1171875));
5;0.937500000000000;1171875;0;138.23;((0, 1562500), (390625, 781250, 1171875));
5;0.906250000000000;1171875;0;137.83;((0, 1562500), (390625, 781250, 1171875));
5;0.890625000000000;1171875;11;310.96;((0, 1562500), (390625, 781250, 1171875));
5;0.898437500000000;1171875;0;167.00;((0, 1562500), (390625, 781250, 1171875));
5;0.894531250000000;1171875;11;313.37;((0, 1562500), (390625, 781250, 1171875));
5;0.896484375000000;1171875;11;314.07;((0, 1562500), (390625, 781250, 1171875));
5;0.897460937500000;1171875;5;296.58;((0, 1562500), (390625, 781250, 1171875));
5;0.896972656250000;1171875;10;307.40;((0, 1562500), (390625, 781250, 1171875));
5;0.897216796875000;1171875;10;307.11;((0, 1562500), (390625, 781250, 1171875));
5;0.897338867187500;1171875;6;304.87;((0, 1562500), (390625, 781250, 1171875));
5;0.897399902343750;1171875;6;298.07;((0, 1562500), (390625, 781250, 1171875));
5;0.897430419921875;1171875;7;298.52;((0, 1562500), (390625, 781250, 1171875));
5;0.897445678710938;1171875;4;298.72;((0, 1562500), (390625, 781250, 1171875));
5;0.897438049316406;1171875;6;301.58;((0, 1562500), (390625, 781250, 1171875));
5;0.897441864013672;1171875;4;299.46;((0, 1562500), (390625, 781250, 1171875));
5;0.897439956665039;1171875;6;301.10;((0, 1562500), (390625, 781250, 1171875));
5;0.897440910339355;1171875;6;305.20;((0, 1562500), (390625, 781250, 1171875));
5;0.500000000000000;195312;11;177.96;((0, 781250), (195312, 390624, 585936));
5;0.750000000000000;195312;11;258.23;((0, 781250), (195312, 390624, 585936));
5;0.875000000000000;195312;11;299.63;((0, 781250), (195312, 390624, 585936));
5;0.937500000000000;195312;11;321.15;((0, 781250), (195312, 390624, 585936));
5;0.968750000000000;195312;0;142.84;((0, 781250), (195312, 390624, 585936));
5;0.953125000000000;195312;11;328.05;((0, 781250), (195312, 390624, 585936));
5;0.960937500000000;195312;11;329.76;((0, 781250), (195312, 390624, 585936));
5;0.964843750000000;195312;1;302.09;((0, 781250), (195312, 390624, 585936));
5;0.962890625000000;195312;11;340.73;((0, 781250), (195312, 390624, 585936));
5;0.963867187500000;195312;8;324.63;((0, 781250), (195312, 390624, 585936));
5;0.964355468750000;195312;1;303.71;((0, 781250), (195312, 390624, 585936));
5;0.964111328125000;195312;5;310.65;((0, 781250), (195312, 390624, 585936));
5;0.963989257812500;195312;6;314.77;((0, 781250), (195312, 390624, 585936));
5;0.964050292968750;195312;2;306.91;((0, 781250), (195312, 390624, 585936));
5;0.964019775390625;195312;6;316.19;((0, 781250), (195312, 390624, 585936));
5;0.964035034179688;195312;5;311.03;((0, 781250), (195312, 390624, 585936));
5;0.964027404785156;195312;5;313.71;((0, 781250), (195312, 390624, 585936));
5;0.964023590087891;195312;4;310.16;((0, 781250), (195312, 390624, 585936));
5;0.964021682739258;195312;6;316.55;((0, 781250), (195312, 390624, 585936));
5;0.964022636413574;195312;6;315.23;((0, 781250), (195312, 390624, 585936));
5;0.500000000000000;390624;11;188.38;((0, 781250), (195312, 390624, 585936));
5;0.750000000000000;390624;11;263.54;((0, 781250), (195312, 390624, 585936));
5;0.875000000000000;390624;11;306.29;((0, 781250), (195312, 390624, 585936));
5;0.937500000000000;390624;11;326.13;((0, 781250), (195312, 390624, 585936));
5;0.968750000000000;390624;0;141.88;((0, 781250), (195312, 390624, 585936));
5;0.953125000000000;390624;0;183.17;((0, 781250), (195312, 390624, 585936));
5;0.945312500000000;390624;11;329.13;((0, 781250), (195312, 390624, 585936));
5;0.949218750000000;390624;11;328.33;((0, 781250), (195312, 390624, 585936));
5;0.951171875000000;390624;8;321.26;((0, 781250), (195312, 390624, 585936));
5;0.952148437500000;390624;3;311.05;((0, 781250), (195312, 390624, 585936));
5;0.951660156250000;390624;6;314.67;((0, 781250), (195312, 390624, 585936));
5;0.951904296875000;390624;3;307.71;((0, 781250), (195312, 390624, 585936));
5;0.951782226562500;390624;6;314.96;((0, 781250), (195312, 390624, 585936));
5;0.951843261718750;390624;5;324.59;((0, 781250), (195312, 390624, 585936));
5;0.951812744140625;390624;5;315.92;((0, 781250), (195312, 390624, 585936));
5;0.951797485351562;390624;7;316.78;((0, 781250), (195312, 390624, 585936));
5;0.951805114746094;390624;7;317.66;((0, 781250), (195312, 390624, 585936));
5;0.951808929443359;390624;6;316.13;((0, 781250), (195312, 390624, 585936));
5;0.951810836791992;390624;5;311.93;((0, 781250), (195312, 390624, 585936));
5;0.951809883117676;390624;6;313.05;((0, 781250), (195312, 390624, 585936));
5;0.500000000000000;585936;11;176.56;((0, 781250), (195312, 390624, 585936));
5;0.750000000000000;585936;11;261.40;((0, 781250), (195312, 390624, 585936));
5;0.875000000000000;585936;11;308.10;((0, 781250), (195312, 390624, 585936));
5;0.937500000000000;585936;11;327.26;((0, 781250), (195312, 390624, 585936));
5;0.968750000000000;585936;0;139.57;((0, 781250), (195312, 390624, 585936));
5;0.953125000000000;585936;0;145.45;((0, 781250), (195312, 390624, 585936));
5;0.945312500000000;585936;0;142.66;((0, 781250), (195312, 390624, 585936));
5;0.941406250000000;585936;11;327.46;((0, 781250), (195312, 390624, 585936));
5;0.943359375000000;585936;0;166.24;((0, 781250), (195312, 390624, 585936));
5;0.942382812500000;585936;3;306.77;((0, 781250), (195312, 390624, 585936));
5;0.941894531250000;585936;9;321.72;((0, 781250), (195312, 390624, 585936));
5;0.942138671875000;585936;6;313.22;((0, 781250), (195312, 390624, 585936));
5;0.942260742187500;585936;3;310.95;((0, 781250), (195312, 390624, 585936));
5;0.942199707031250;585936;3;305.50;((0, 781250), (195312, 390624, 585936));
5;0.942169189453125;585936;7;313.00;((0, 781250), (195312, 390624, 585936));
5;0.942184448242188;585936;3;306.92;((0, 781250), (195312, 390624, 585936));
5;0.942176818847656;585936;8;313.85;((0, 781250), (195312, 390624, 585936));
5;0.942180633544922;585936;7;313.81;((0, 781250), (195312, 390624, 585936));
5;0.942182540893555;585936;5;326.29;((0, 781250), (195312, 390624, 585936));
5;0.942181587219238;585936;5;319.32;((0, 781250), (195312, 390624, 585936));
5;0.500000000000000;97656;11;177.26;((0, 390624), (97656, 195312, 292968));
5;0.750000000000000;97656;11;256.36;((0, 390624), (97656, 195312, 292968));
5;0.875000000000000;97656;11;302.09;((0, 390624), (97656, 195312, 292968));
5;0.937500000000000;97656;11;318.28;((0, 390624), (97656, 195312, 292968));
5;0.968750000000000;97656;11;330.92;((0, 390624), (97656, 195312, 292968));
5;0.984375000000000;97656;0;136.05;((0, 390624), (97656, 195312, 292968));
5;0.976562500000000;97656;0;147.62;((0, 390624), (97656, 195312, 292968));
5;0.972656250000000;97656;2;307.81;((0, 390624), (97656, 195312, 292968));
5;0.970703125000000;97656;9;322.70;((0, 390624), (97656, 195312, 292968));
5;0.971679687500000;97656;5;314.27;((0, 390624), (97656, 195312, 292968));
5;0.971191406250000;97656;11;331.78;((0, 390624), (97656, 195312, 292968));
5;0.971435546875000;97656;11;357.60;((0, 390624), (97656, 195312, 292968));
5;0.971557617187500;97656;7;320.05;((0, 390624), (97656, 195312, 292968));
5;0.971618652343750;97656;6;318.72;((0, 390624), (97656, 195312, 292968));
5;0.971649169921875;97656;8;320.35;((0, 390624), (97656, 195312, 292968));
5;0.971664428710938;97656;10;325.68;((0, 390624), (97656, 195312, 292968));
5;0.971672058105469;97656;8;319.70;((0, 390624), (97656, 195312, 292968));
5;0.971675872802734;97656;7;316.72;((0, 390624), (97656, 195312, 292968));
5;0.971677780151367;97656;7;321.38;((0, 390624), (97656, 195312, 292968));
5;0.971678733825684;97656;9;325.39;((0, 390624), (97656, 195312, 292968));
5;0.500000000000000;292968;11;178.40;((0, 390624), (97656, 195312, 292968));
5;0.750000000000000;292968;11;256.28;((0, 390624), (97656, 195312, 292968));
5;0.875000000000000;292968;11;304.87;((0, 390624), (97656, 195312, 292968));
5;0.937500000000000;292968;11;324.19;((0, 390624), (97656, 195312, 292968));
5;0.968750000000000;292968;0;140.32;((0, 390624), (97656, 195312, 292968));
5;0.953125000000000;292968;11;328.00;((0, 390624), (97656, 195312, 292968));
5;0.960937500000000;292968;11;331.74;((0, 390624), (97656, 195312, 292968));
5;0.964843750000000;292968;0;159.21;((0, 390624), (97656, 195312, 292968));
5;0.962890625000000;292968;7;321.02;((0, 390624), (97656, 195312, 292968));
5;0.963867187500000;292968;1;308.39;((0, 390624), (97656, 195312, 292968));
5;0.963378906250000;292968;3;313.08;((0, 390624), (97656, 195312, 292968));
5;0.963134765625000;292968;5;323.79;((0, 390624), (97656, 195312, 292968));
5;0.963012695312500;292968;6;320.60;((0, 390624), (97656, 195312, 292968));
5;0.963073730468750;292968;8;319.60;((0, 390624), (97656, 195312, 292968));
5;0.963104248046875;292968;4;314.84;((0, 390624), (97656, 195312, 292968));
5;0.963088989257812;292968;5;317.95;((0, 390624), (97656, 195312, 292968));
5;0.963081359863281;292968;6;320.25;((0, 390624), (97656, 195312, 292968));
5;0.963085174560547;292968;7;319.47;((0, 390624), (97656, 195312, 292968));
5;0.963087081909180;292968;8;324.07;((0, 390624), (97656, 195312, 292968));
5;0.963088035583496;292968;4;316.03;((0, 390624), (97656, 195312, 292968));
5;0.500000000000000;48828;11;172.75;((0, 195312), (48828, 97656, 146484));
5;0.750000000000000;48828;11;252.50;((0, 195312), (48828, 97656, 146484));
5;0.875000000000000;48828;11;298.30;((0, 195312), (48828, 97656, 146484));
5;0.937500000000000;48828;11;316.26;((0, 195312), (48828, 97656, 146484));
5;0.968750000000000;48828;6;314.33;((0, 195312), (48828, 97656, 146484));
5;0.984375000000000;48828;0;134.30;((0, 195312), (48828, 97656, 146484));
5;0.976562500000000;48828;0;143.51;((0, 195312), (48828, 97656, 146484));
5;0.972656250000000;48828;0;179.33;((0, 195312), (48828, 97656, 146484));
5;0.970703125000000;48828;1;301.88;((0, 195312), (48828, 97656, 146484));
5;0.969726562500000;48828;5;312.72;((0, 195312), (48828, 97656, 146484));
5;0.969238281250000;48828;6;310.55;((0, 195312), (48828, 97656, 146484));
5;0.969482421875000;48828;5;308.51;((0, 195312), (48828, 97656, 146484));
5;0.969360351562500;48828;5;308.54;((0, 195312), (48828, 97656, 146484));
5;0.969299316406250;48828;6;312.57;((0, 195312), (48828, 97656, 146484));
5;0.969329833984375;48828;5;314.73;((0, 195312), (48828, 97656, 146484));
5;0.969314575195312;48828;6;311.83;((0, 195312), (48828, 97656, 146484));
5;0.969322204589844;48828;6;310.95;((0, 195312), (48828, 97656, 146484));
5;0.969326019287109;48828;8;321.40;((0, 195312), (48828, 97656, 146484));
5;0.969327926635742;48828;8;317.08;((0, 195312), (48828, 97656, 146484));
5;0.969328880310059;48828;7;312.43;((0, 195312), (48828, 97656, 146484));
5;0.500000000000000;146484;11;186.02;((0, 195312), (48828, 97656, 146484));
5;0.750000000000000;146484;11;273.29;((0, 195312), (48828, 97656, 146484));
5;0.875000000000000;146484;11;305.87;((0, 195312), (48828, 97656, 146484));
5;0.937500000000000;146484;11;327.21;((0, 195312), (48828, 97656, 146484));
5;0.968750000000000;146484;0;173.18;((0, 195312), (48828, 97656, 146484));
5;0.953125000000000;146484;11;330.42;((0, 195312), (48828, 97656, 146484));
5;0.960937500000000;146484;11;342.74;((0, 195312), (48828, 97656, 146484));
5;0.964843750000000;146484;11;332.68;((0, 195312), (48828, 97656, 146484));
5;0.966796875000000;146484;3;307.65;((0, 195312), (48828, 97656, 146484));
5;0.965820312500000;146484;6;316.59;((0, 195312), (48828, 97656, 146484));
5;0.966308593750000;146484;5;315.68;((0, 195312), (48828, 97656, 146484));
5;0.966064453125000;146484;7;315.41;((0, 195312), (48828, 97656, 146484));
5;0.966186523437500;146484;7;321.90;((0, 195312), (48828, 97656, 146484));
5;0.966247558593750;146484;6;331.54;((0, 195312), (48828, 97656, 146484));
5;0.966278076171875;146484;3;314.40;((0, 195312), (48828, 97656, 146484));
5;0.966262817382812;146484;6;315.41;((0, 195312), (48828, 97656, 146484));
5;0.966270446777344;146484;6;320.38;((0, 195312), (48828, 97656, 146484));
5;0.966274261474609;146484;6;320.06;((0, 195312), (48828, 97656, 146484));
5;0.966276168823242;146484;7;318.42;((0, 195312), (48828, 97656, 146484));
5;0.966277122497559;146484;5;311.85;((0, 195312), (48828, 97656, 146484));
5;0.500000000000000;73242;11;172.53;((48828, 146484), (73242, 97656, 122070));
5;0.750000000000000;73242;11;253.75;((48828, 146484), (73242, 97656, 122070));
5;0.875000000000000;73242;11;295.22;((48828, 146484), (73242, 97656, 122070));
5;0.937500000000000;73242;11;318.09;((48828, 146484), (73242, 97656, 122070));
5;0.968750000000000;73242;0;179.98;((48828, 146484), (73242, 97656, 122070));
5;0.953125000000000;73242;11;324.93;((48828, 146484), (73242, 97656, 122070));
5;0.960937500000000;73242;11;325.43;((48828, 146484), (73242, 97656, 122070));
5;0.964843750000000;73242;11;335.47;((48828, 146484), (73242, 97656, 122070));
5;0.966796875000000;73242;4;305.79;((48828, 146484), (73242, 97656, 122070));
5;0.965820312500000;73242;9;317.63;((48828, 146484), (73242, 97656, 122070));
5;0.966308593750000;73242;9;317.06;((48828, 146484), (73242, 97656, 122070));
5;0.966552734375000;73242;5;309.23;((48828, 146484), (73242, 97656, 122070));
5;0.966430664062500;73242;7;312.35;((48828, 146484), (73242, 97656, 122070));
5;0.966491699218750;73242;6;309.22;((48828, 146484), (73242, 97656, 122070));
5;0.966522216796875;73242;2;300.29;((48828, 146484), (73242, 97656, 122070));
5;0.966506958007812;73242;8;313.15;((48828, 146484), (73242, 97656, 122070));
5;0.966514587402344;73242;7;315.36;((48828, 146484), (73242, 97656, 122070));
5;0.966518402099609;73242;4;310.87;((48828, 146484), (73242, 97656, 122070));
5;0.966516494750977;73242;6;313.68;((48828, 146484), (73242, 97656, 122070));
5;0.966517448425293;73242;9;318.40;((48828, 146484), (73242, 97656, 122070));
5;0.500000000000000;122070;11;178.33;((48828, 146484), (73242, 97656, 122070));
5;0.750000000000000;122070;11;255.70;((48828, 146484), (73242, 97656, 122070));
5;0.875000000000000;122070;11;307.85;((48828, 146484), (73242, 97656, 122070));
5;0.937500000000000;122070;11;327.35;((48828, 146484), (73242, 97656, 122070));
5;0.968750000000000;122070;1;304.10;((48828, 146484), (73242, 97656, 122070));
5;0.953125000000000;122070;11;325.40;((48828, 146484), (73242, 97656, 122070));
5;0.960937500000000;122070;11;338.76;((48828, 146484), (73242, 97656, 122070));
5;0.964843750000000;122070;10;329.81;((48828, 146484), (73242, 97656, 122070));
5;0.966796875000000;122070;4;317.11;((48828, 146484), (73242, 97656, 122070));
5;0.965820312500000;122070;9;334.31;((48828, 146484), (73242, 97656, 122070));
5;0.966308593750000;122070;7;317.59;((48828, 146484), (73242, 97656, 122070));
5;0.966552734375000;122070;7;315.64;((48828, 146484), (73242, 97656, 122070));
5;0.966674804687500;122070;8;314.28;((48828, 146484), (73242, 97656, 122070));
5;0.966735839843750;122070;7;318.55;((48828, 146484), (73242, 97656, 122070));
5;0.966766357421875;122070;7;316.24;((48828, 146484), (73242, 97656, 122070));
5;0.966781616210938;122070;7;313.59;((48828, 146484), (73242, 97656, 122070));
5;0.966789245605469;122070;6;315.85;((48828, 146484), (73242, 97656, 122070));
5;0.966793060302734;122070;6;313.29;((48828, 146484), (73242, 97656, 122070));
5;0.966794967651367;122070;9;319.53;((48828, 146484), (73242, 97656, 122070));
5;0.966795921325684;122070;6;318.73;((48828, 146484), (73242, 97656, 122070));
5;0.500000000000000;85449;11;175.80;((73242, 122070), (85449, 97656, 109863));
5;0.750000000000000;85449;11;255.72;((73242, 122070), (85449, 97656, 109863));
5;0.875000000000000;85449;11;296.18;((73242, 122070), (85449, 97656, 109863));
5;0.937500000000000;85449;11;317.96;((73242, 122070), (85449, 97656, 109863));
5;0.968750000000000;85449;11;332.82;((73242, 122070), (85449, 97656, 109863));
5;0.984375000000000;85449;0;137.46;((73242, 122070), (85449, 97656, 109863));
5;0.976562500000000;85449;0;148.32;((73242, 122070), (85449, 97656, 109863));
5;0.972656250000000;85449;5;312.45;((73242, 122070), (85449, 97656, 109863));
5;0.970703125000000;85449;9;322.88;((73242, 122070), (85449, 97656, 109863));
5;0.971679687500000;85449;6;315.83;((73242, 122070), (85449, 97656, 109863));
5;0.972167968750000;85449;6;314.19;((73242, 122070), (85449, 97656, 109863));
5;0.972412109375000;85449;5;310.35;((73242, 122070), (85449, 97656, 109863));
5;0.972290039062500;85449;4;318.68;((73242, 122070), (85449, 97656, 109863));
5;0.972229003906250;85449;6;329.56;((73242, 122070), (85449, 97656, 109863));
5;0.972259521484375;85449;4;313.60;((73242, 122070), (85449, 97656, 109863));
5;0.972244262695312;85449;6;318.83;((73242, 122070), (85449, 97656, 109863));
5;0.972251892089844;85449;3;315.01;((73242, 122070), (85449, 97656, 109863));
5;0.972248077392578;85449;5;316.96;((73242, 122070), (85449, 97656, 109863));
5;0.972246170043945;85449;5;313.70;((73242, 122070), (85449, 97656, 109863));
5;0.972245216369629;85449;2;307.66;((73242, 122070), (85449, 97656, 109863));
5;0.500000000000000;109863;11;172.76;((73242, 122070), (85449, 97656, 109863));
5;0.750000000000000;109863;11;253.74;((73242, 122070), (85449, 97656, 109863));
5;0.875000000000000;109863;11;301.12;((73242, 122070), (85449, 97656, 109863));
5;0.937500000000000;109863;11;319.80;((73242, 122070), (85449, 97656, 109863));
5;0.968750000000000;109863;11;335.95;((73242, 122070), (85449, 97656, 109863));
5;0.984375000000000;109863;0;139.56;((73242, 122070), (85449, 97656, 109863));
5;0.976562500000000;109863;0;142.45;((73242, 122070), (85449, 97656, 109863));
5;0.972656250000000;109863;3;309.91;((73242, 122070), (85449, 97656, 109863));
5;0.970703125000000;109863;10;323.79;((73242, 122070), (85449, 97656, 109863));
5;0.971679687500000;109863;8;318.50;((73242, 122070), (85449, 97656, 109863));
5;0.972167968750000;109863;2;308.99;((73242, 122070), (85449, 97656, 109863));
5;0.971923828125000;109863;9;324.04;((73242, 122070), (85449, 97656, 109863));
5;0.972045898437500;109863;5;314.51;((73242, 122070), (85449, 97656, 109863));
5;0.971984863281250;109863;8;317.43;((73242, 122070), (85449, 97656, 109863));
5;0.972015380859375;109863;4;314.49;((73242, 122070), (85449, 97656, 109863));
5;0.972000122070312;109863;7;320.18;((73242, 122070), (85449, 97656, 109863));
5;0.972007751464844;109863;4;320.72;((73242, 122070), (85449, 97656, 109863));
5;0.972003936767578;109863;4;320.67;((73242, 122070), (85449, 97656, 109863));
5;0.972002029418945;109863;7;319.03;((73242, 122070), (85449, 97656, 109863));
5;0.972002983093262;109863;6;316.73;((73242, 122070), (85449, 97656, 109863));
5;0.500000000000000;79345;11;173.98;((73242, 97656), (79345, 85448, 91551));
5;0.750000000000000;79345;11;256.18;((73242, 97656), (79345, 85448, 91551));
5;0.875000000000000;79345;11;298.45;((73242, 97656), (79345, 85448, 91551));
5;0.937500000000000;79345;11;319.89;((73242, 97656), (79345, 85448, 91551));
5;0.968750000000000;79345;10;322.75;((73242, 97656), (79345, 85448, 91551));
5;0.984375000000000;79345;0;137.38;((73242, 97656), (79345, 85448, 91551));
5;0.976562500000000;79345;0;144.15;((73242, 97656), (79345, 85448, 91551));
5;0.972656250000000;79345;4;310.20;((73242, 97656), (79345, 85448, 91551));
5;0.970703125000000;79345;7;314.47;((73242, 97656), (79345, 85448, 91551));
5;0.971679687500000;79345;7;318.38;((73242, 97656), (79345, 85448, 91551));
5;0.972167968750000;79345;2;308.78;((73242, 97656), (79345, 85448, 91551));
5;0.971923828125000;79345;5;308.80;((73242, 97656), (79345, 85448, 91551));
5;0.971801757812500;79345;6;316.24;((73242, 97656), (79345, 85448, 91551));
5;0.971862792968750;79345;9;336.24;((73242, 97656), (79345, 85448, 91551));
5;0.971893310546875;79345;5;313.25;((73242, 97656), (79345, 85448, 91551));
5;0.971878051757812;79345;6;313.76;((73242, 97656), (79345, 85448, 91551));
5;0.971885681152344;79345;7;316.66;((73242, 97656), (79345, 85448, 91551));
5;0.971889495849609;79345;4;316.21;((73242, 97656), (79345, 85448, 91551));
5;0.971887588500977;79345;5;315.50;((73242, 97656), (79345, 85448, 91551));
5;0.971886634826660;79345;5;311.89;((73242, 97656), (79345, 85448, 91551));
5;0.500000000000000;85448;11;174.51;((73242, 97656), (79345, 85448, 91551));
5;0.750000000000000;85448;11;257.48;((73242, 97656), (79345, 85448, 91551));
5;0.875000000000000;85448;11;305.32;((73242, 97656), (79345, 85448, 91551));
5;0.937500000000000;85448;11;320.94;((73242, 97656), (79345, 85448, 91551));
5;0.968750000000000;85448;11;333.02;((73242, 97656), (79345, 85448, 91551));
5;0.984375000000000;85448;0;137.35;((73242, 97656), (79345, 85448, 91551));
5;0.976562500000000;85448;0;147.57;((73242, 97656), (79345, 85448, 91551));
5;0.972656250000000;85448;3;307.78;((73242, 97656), (79345, 85448, 91551));
5;0.970703125000000;85448;7;317.92;((73242, 97656), (79345, 85448, 91551));
5;0.971679687500000;85448;8;320.64;((73242, 97656), (79345, 85448, 91551));
5;0.972167968750000;85448;6;315.64;((73242, 97656), (79345, 85448, 91551));
5;0.972412109375000;85448;5;315.42;((73242, 97656), (79345, 85448, 91551));
5;0.972290039062500;85448;4;312.46;((73242, 97656), (79345, 85448, 91551));
5;0.972229003906250;85448;2;308.38;((73242, 97656), (79345, 85448, 91551));
5;0.972198486328125;85448;6;322.95;((73242, 97656), (79345, 85448, 91551));
5;0.972213745117188;85448;8;319.70;((73242, 97656), (79345, 85448, 91551));
5;0.972221374511719;85448;6;313.87;((73242, 97656), (79345, 85448, 91551));
5;0.972225189208984;85448;7;317.36;((73242, 97656), (79345, 85448, 91551));
5;0.972227096557617;85448;4;311.10;((73242, 97656), (79345, 85448, 91551));
5;0.972226142883301;85448;7;317.31;((73242, 97656), (79345, 85448, 91551));
5;0.500000000000000;91551;11;174.55;((73242, 97656), (79345, 85448, 91551));
5;0.750000000000000;91551;11;255.48;((73242, 97656), (79345, 85448, 91551));
5;0.875000000000000;91551;11;299.83;((73242, 97656), (79345, 85448, 91551));
5;0.937500000000000;91551;11;321.13;((73242, 97656), (79345, 85448, 91551));
5;0.968750000000000;91551;11;330.29;((73242, 97656), (79345, 85448, 91551));
5;0.984375000000000;91551;0;137.82;((73242, 97656), (79345, 85448, 91551));
5;0.976562500000000;91551;0;148.93;((73242, 97656), (79345, 85448, 91551));
5;0.972656250000000;91551;4;316.00;((73242, 97656), (79345, 85448, 91551));
5;0.970703125000000;91551;10;327.82;((73242, 97656), (79345, 85448, 91551));
5;0.971679687500000;91551;8;318.58;((73242, 97656), (79345, 85448, 91551));
5;0.972167968750000;91551;4;314.79;((73242, 97656), (79345, 85448, 91551));
5;0.971923828125000;91551;4;315.94;((73242, 97656), (79345, 85448, 91551));
5;0.971801757812500;91551;7;318.03;((73242, 97656), (79345, 85448, 91551));
5;0.971862792968750;91551;8;328.96;((73242, 97656), (79345, 85448, 91551));
5;0.971893310546875;91551;8;320.16;((73242, 97656), (79345, 85448, 91551));
5;0.971908569335938;91551;8;327.49;((73242, 97656), (79345, 85448, 91551));
5;0.971916198730469;91551;8;318.96;((73242, 97656), (79345, 85448, 91551));
5;0.971920013427734;91551;7;315.13;((73242, 97656), (79345, 85448, 91551));
5;0.971921920776367;91551;7;318.34;((73242, 97656), (79345, 85448, 91551));
5;0.971922874450684;91551;5;318.18;((73242, 97656), (79345, 85448, 91551));
5;0.500000000000000;82396;11;174.88;((79345, 91551), (82396, 85447, 88498));
5;0.750000000000000;82396;11;259.73;((79345, 91551), (82396, 85447, 88498));
5;0.875000000000000;82396;11;299.97;((79345, 91551), (82396, 85447, 88498));
5;0.937500000000000;82396;11;321.42;((79345, 91551), (82396, 85447, 88498));
5;0.968750000000000;82396;11;331.29;((79345, 91551), (82396, 85447, 88498));
5;0.984375000000000;82396;0;136.58;((79345, 91551), (82396, 85447, 88498));
5;0.976562500000000;82396;0;145.04;((79345, 91551), (82396, 85447, 88498));
5;0.972656250000000;82396;4;309.09;((79345, 91551), (82396, 85447, 88498));
5;0.970703125000000;82396;9;376.86;((79345, 91551), (82396, 85447, 88498));
5;0.971679687500000;82396;7;314.91;((79345, 91551), (82396, 85447, 88498));
5;0.972167968750000;82396;5;310.19;((79345, 91551), (82396, 85447, 88498));
5;0.971923828125000;82396;3;313.17;((79345, 91551), (82396, 85447, 88498));
5;0.971801757812500;82396;8;319.95;((79345, 91551), (82396, 85447, 88498));
5;0.971862792968750;82396;9;324.10;((79345, 91551), (82396, 85447, 88498));
5;0.971893310546875;82396;5;314.04;((79345, 91551), (82396, 85447, 88498));
5;0.971878051757812;82396;7;321.31;((79345, 91551), (82396, 85447, 88498));
5;0.971885681152344;82396;5;315.19;((79345, 91551), (82396, 85447, 88498));
5;0.971881866455078;82396;5;317.75;((79345, 91551), (82396, 85447, 88498));
5;0.971879959106445;82396;8;316.56;((79345, 91551), (82396, 85447, 88498));
5;0.971880912780762;82396;3;309.49;((79345, 91551), (82396, 85447, 88498));
5;0.500000000000000;85447;11;172.51;((79345, 91551), (82396, 85447, 88498));
5;0.750000000000000;85447;11;254.97;((79345, 91551), (82396, 85447, 88498));
5;0.875000000000000;85447;11;296.44;((79345, 91551), (82396, 85447, 88498));
5;0.937500000000000;85447;11;328.00;((79345, 91551), (82396, 85447, 88498));
5;0.968750000000000;85447;11;330.06;((79345, 91551), (82396, 85447, 88498));
5;0.984375000000000;85447;0;140.27;((79345, 91551), (82396, 85447, 88498));
5;0.976562500000000;85447;0;168.34;((79345, 91551), (82396, 85447, 88498));
5;0.972656250000000;85447;2;308.97;((79345, 91551), (82396, 85447, 88498));
5;0.970703125000000;85447;9;324.97;((79345, 91551), (82396, 85447, 88498));
5;0.971679687500000;85447;10;328.39;((79345, 91551), (82396, 85447, 88498));
5;0.972167968750000;85447;4;314.84;((79345, 91551), (82396, 85447, 88498));
5;0.971923828125000;85447;7;317.61;((79345, 91551), (82396, 85447, 88498));
5;0.972045898437500;85447;5;316.81;((79345, 91551), (82396, 85447, 88498));
5;0.971984863281250;85447;9;393.10;((79345, 91551), (82396, 85447, 88498));
5;0.972015380859375;85447;3;311.57;((79345, 91551), (82396, 85447, 88498));
5;0.972000122070312;85447;6;318.17;((79345, 91551), (82396, 85447, 88498));
5;0.972007751464844;85447;7;319.62;((79345, 91551), (82396, 85447, 88498));
5;0.972011566162109;85447;8;321.30;((79345, 91551), (82396, 85447, 88498));
5;0.972013473510742;85447;7;318.92;((79345, 91551), (82396, 85447, 88498));
5;0.972014427185059;85447;5;316.54;((79345, 91551), (82396, 85447, 88498));
5;0.500000000000000;88498;11;175.67;((79345, 91551), (82396, 85447, 88498));
5;0.750000000000000;88498;11;256.74;((79345, 91551), (82396, 85447, 88498));
5;0.875000000000000;88498;11;297.42;((79345, 91551), (82396, 85447, 88498));
5;0.937500000000000;88498;11;318.40;((79345, 91551), (82396, 85447, 88498));
5;0.968750000000000;88498;11;333.50;((79345, 91551), (82396, 85447, 88498));
5;0.984375000000000;88498;0;136.27;((79345, 91551), (82396, 85447, 88498));
5;0.976562500000000;88498;0;150.31;((79345, 91551), (82396, 85447, 88498));
5;0.972656250000000;88498;2;308.58;((79345, 91551), (82396, 85447, 88498));
5;0.970703125000000;88498;11;331.99;((79345, 91551), (82396, 85447, 88498));
5;0.971679687500000;88498;8;321.85;((79345, 91551), (82396, 85447, 88498));
5;0.972167968750000;88498;5;313.75;((79345, 91551), (82396, 85447, 88498));
5;0.971923828125000;88498;6;318.38;((79345, 91551), (82396, 85447, 88498));
5;0.972045898437500;88498;7;323.27;((79345, 91551), (82396, 85447, 88498));
5;0.972106933593750;88498;10;326.58;((79345, 91551), (82396, 85447, 88498));
5;0.972137451171875;88498;3;326.67;((79345, 91551), (82396, 85447, 88498));
5;0.972122192382812;88498;7;320.97;((79345, 91551), (82396, 85447, 88498));
5;0.972129821777344;88498;6;315.95;((79345, 91551), (82396, 85447, 88498));
5;0.972133636474609;88498;6;318.63;((79345, 91551), (82396, 85447, 88498));
5;0.972135543823242;88498;5;312.01;((79345, 91551), (82396, 85447, 88498));
5;0.972134590148926;88498;3;315.83;((79345, 91551), (82396, 85447, 88498));
5;0.500000000000000;86973;11;177.25;((85447, 91551), (86973, 88499, 90025));
5;0.750000000000000;86973;11;254.02;((85447, 91551), (86973, 88499, 90025));
5;0.875000000000000;86973;11;308.47;((85447, 91551), (86973, 88499, 90025));
5;0.937500000000000;86973;11;325.27;((85447, 91551), (86973, 88499, 90025));
5;0.968750000000000;86973;11;343.45;((85447, 91551), (86973, 88499, 90025));
5;0.984375000000000;86973;0;140.79;((85447, 91551), (86973, 88499, 90025));
5;0.976562500000000;86973;0;146.54;((85447, 91551), (86973, 88499, 90025));
5;0.972656250000000;86973;3;311.50;((85447, 91551), (86973, 88499, 90025));
5;0.970703125000000;86973;10;325.06;((85447, 91551), (86973, 88499, 90025));
5;0.971679687500000;86973;8;322.05;((85447, 91551), (86973, 88499, 90025));
5;0.972167968750000;86973;4;312.35;((85447, 91551), (86973, 88499, 90025));
5;0.971923828125000;86973;7;318.79;((85447, 91551), (86973, 88499, 90025));
5;0.972045898437500;86973;4;313.90;((85447, 91551), (86973, 88499, 90025));
5;0.971984863281250;86973;5;317.94;((85447, 91551), (86973, 88499, 90025));
5;0.971954345703125;86973;4;312.99;((85447, 91551), (86973, 88499, 90025));
5;0.971939086914062;86973;7;318.61;((85447, 91551), (86973, 88499, 90025));
5;0.971946716308594;86973;6;315.83;((85447, 91551), (86973, 88499, 90025));
5;0.971950531005859;86973;7;319.41;((85447, 91551), (86973, 88499, 90025));
5;0.971952438354492;86973;3;310.11;((85447, 91551), (86973, 88499, 90025));
5;0.971951484680176;86973;5;311.29;((85447, 91551), (86973, 88499, 90025));
5;0.500000000000000;88499;11;178.22;((85447, 91551), (86973, 88499, 90025));
5;0.750000000000000;88499;11;258.91;((85447, 91551), (86973, 88499, 90025));
5;0.875000000000000;88499;11;301.64;((85447, 91551), (86973, 88499, 90025));
5;0.937500000000000;88499;11;321.06;((85447, 91551), (86973, 88499, 90025));
5;0.968750000000000;88499;11;337.75;((85447, 91551), (86973, 88499, 90025));
5;0.984375000000000;88499;0;142.50;((85447, 91551), (86973, 88499, 90025));
5;0.976562500000000;88499;0;150.23;((85447, 91551), (86973, 88499, 90025));
5;0.972656250000000;88499;2;304.81;((85447, 91551), (86973, 88499, 90025));
5;0.970703125000000;88499;11;332.22;((85447, 91551), (86973, 88499, 90025));
5;0.971679687500000;88499;6;320.48;((85447, 91551), (86973, 88499, 90025));
5;0.972167968750000;88499;5;316.07;((85447, 91551), (86973, 88499, 90025));
5;0.971923828125000;88499;5;314.55;((85447, 91551), (86973, 88499, 90025));
5;0.971801757812500;88499;6;318.76;((85447, 91551), (86973, 88499, 90025));
5;0.971862792968750;88499;9;324.74;((85447, 91551), (86973, 88499, 90025));
5;0.971893310546875;88499;6;320.36;((85447, 91551), (86973, 88499, 90025));
5;0.971908569335938;88499;4;310.62;((85447, 91551), (86973, 88499, 90025));
5;0.971900939941406;88499;7;312.86;((85447, 91551), (86973, 88499, 90025));
5;0.971904754638672;88499;7;317.99;((85447, 91551), (86973, 88499, 90025));
5;0.971906661987305;88499;6;316.05;((85447, 91551), (86973, 88499, 90025));
5;0.971907615661621;88499;6;316.71;((85447, 91551), (86973, 88499, 90025));
5;0.500000000000000;90025;11;175.80;((85447, 91551), (86973, 88499, 90025));
5;0.750000000000000;90025;11;259.13;((85447, 91551), (86973, 88499, 90025));
5;0.875000000000000;90025;11;301.72;((85447, 91551), (86973, 88499, 90025));
5;0.937500000000000;90025;11;319.87;((85447, 91551), (86973, 88499, 90025));
5;0.968750000000000;90025;11;332.47;((85447, 91551), (86973, 88499, 90025));
5;0.984375000000000;90025;0;137.01;((85447, 91551), (86973, 88499, 90025));
5;0.976562500000000;90025;0;145.80;((85447, 91551), (86973, 88499, 90025));
5;0.972656250000000;90025;5;310.86;((85447, 91551), (86973, 88499, 90025));
5;0.970703125000000;90025;8;314.89;((85447, 91551), (86973, 88499, 90025));
5;0.971679687500000;90025;10;333.27;((85447, 91551), (86973, 88499, 90025));
5;0.972167968750000;90025;4;314.61;((85447, 91551), (86973, 88499, 90025));
5;0.971923828125000;90025;6;317.56;((85447, 91551), (86973, 88499, 90025));
5;0.972045898437500;90025;7;316.77;((85447, 91551), (86973, 88499, 90025));
5;0.972106933593750;90025;5;320.80;((85447, 91551), (86973, 88499, 90025));
5;0.972076416015625;90025;6;314.57;((85447, 91551), (86973, 88499, 90025));
5;0.972091674804688;90025;3;308.72;((85447, 91551), (86973, 88499, 90025));
5;0.972084045410156;90025;7;313.33;((85447, 91551), (86973, 88499, 90025));
5;0.972087860107422;90025;6;316.36;((85447, 91551), (86973, 88499, 90025));
5;0.972089767456055;90025;5;312.23;((85447, 91551), (86973, 88499, 90025));
5;0.972088813781738;90025;6;315.64;((85447, 91551), (86973, 88499, 90025));
5;0.500000000000000;89262;11;174.62;((88499, 91551), (89262, 90025, 90788));
5;0.750000000000000;89262;11;252.81;((88499, 91551), (89262, 90025, 90788));
5;0.875000000000000;89262;11;306.59;((88499, 91551), (89262, 90025, 90788));
5;0.937500000000000;89262;11;322.56;((88499, 91551), (89262, 90025, 90788));
5;0.968750000000000;89262;0;191.59;((88499, 91551), (89262, 90025, 90788));
5;0.953125000000000;89262;11;324.28;((88499, 91551), (89262, 90025, 90788));
5;0.960937500000000;89262;11;332.63;((88499, 91551), (89262, 90025, 90788));
5;0.964843750000000;89262;11;329.26;((88499, 91551), (89262, 90025, 90788));
5;0.966796875000000;89262;8;315.62;((88499, 91551), (89262, 90025, 90788));
5;0.967773437500000;89262;1;296.31;((88499, 91551), (89262, 90025, 90788));
5;0.967285156250000;89262;3;304.46;((88499, 91551), (89262, 90025, 90788));
5;0.967041015625000;89262;4;320.92;((88499, 91551), (89262, 90025, 90788));
5;0.966918945312500;89262;7;316.53;((88499, 91551), (89262, 90025, 90788));
5;0.966979980468750;89262;9;325.06;((88499, 91551), (89262, 90025, 90788));
5;0.967010498046875;89262;6;324.84;((88499, 91551), (89262, 90025, 90788));
5;0.967025756835938;89262;6;314.49;((88499, 91551), (89262, 90025, 90788));
5;0.967033386230469;89262;9;323.99;((88499, 91551), (89262, 90025, 90788));
5;0.967037200927734;89262;4;315.09;((88499, 91551), (89262, 90025, 90788));
5;0.967035293579102;89262;6;318.01;((88499, 91551), (89262, 90025, 90788));
5;0.967036247253418;89262;8;316.27;((88499, 91551), (89262, 90025, 90788));
5;0.500000000000000;90788;11;175.19;((88499, 91551), (89262, 90025, 90788));
5;0.750000000000000;90788;11;257.20;((88499, 91551), (89262, 90025, 90788));
5;0.875000000000000;90788;11;296.97;((88499, 91551), (89262, 90025, 90788));
5;0.937500000000000;90788;11;321.15;((88499, 91551), (89262, 90025, 90788));
5;0.968750000000000;90788;11;344.71;((88499, 91551), (89262, 90025, 90788));
5;0.984375000000000;90788;0;138.39;((88499, 91551), (89262, 90025, 90788));
5;0.976562500000000;90788;0;158.81;((88499, 91551), (89262, 90025, 90788));
5;0.972656250000000;90788;3;324.97;((88499, 91551), (89262, 90025, 90788));
5;0.970703125000000;90788;11;330.97;((88499, 91551), (89262, 90025, 90788));
5;0.971679687500000;90788;6;313.86;((88499, 91551), (89262, 90025, 90788));
5;0.972167968750000;90788;7;316.29;((88499, 91551), (89262, 90025, 90788));
5;0.972412109375000;90788;3;312.71;((88499, 91551), (89262, 90025, 90788));
5;0.972290039062500;90788;5;313.37;((88499, 91551), (89262, 90025, 90788));
5;0.972229003906250;90788;5;310.96;((88499, 91551), (89262, 90025, 90788));
5;0.972198486328125;90788;5;316.90;((88499, 91551), (89262, 90025, 90788));
5;0.972183227539062;90788;7;321.10;((88499, 91551), (89262, 90025, 90788));
5;0.972190856933594;90788;7;318.78;((88499, 91551), (89262, 90025, 90788));
5;0.972194671630859;90788;4;313.60;((88499, 91551), (89262, 90025, 90788));
5;0.972192764282227;90788;7;332.85;((88499, 91551), (89262, 90025, 90788));
5;0.972193717956543;90788;5;314.14;((88499, 91551), (89262, 90025, 90788));
5;0.500000000000000;90406;11;174.76;((90025, 91551), (90406, 90787, 91168));
5;0.750000000000000;90406;11;254.92;((90025, 91551), (90406, 90787, 91168));
5;0.875000000000000;90406;11;301.44;((90025, 91551), (90406, 90787, 91168));
5;0.937500000000000;90406;11;318.73;((90025, 91551), (90406, 90787, 91168));
5;0.968750000000000;90406;11;334.92;((90025, 91551), (90406, 90787, 91168));
5;0.984375000000000;90406;0;141.50;((90025, 91551), (90406, 90787, 91168));
5;0.976562500000000;90406;0;157.80;((90025, 91551), (90406, 90787, 91168));
5;0.972656250000000;90406;3;308.07;((90025, 91551), (90406, 90787, 91168));
5;0.970703125000000;90406;11;329.30;((90025, 91551), (90406, 90787, 91168));
5;0.971679687500000;90406;9;321.79;((90025, 91551), (90406, 90787, 91168));
5;0.972167968750000;90406;6;317.00;((90025, 91551), (90406, 90787, 91168));
5;0.972412109375000;90406;4;329.11;((90025, 91551), (90406, 90787, 91168));
5;0.972290039062500;90406;7;317.97;((90025, 91551), (90406, 90787, 91168));
5;0.972351074218750;90406;4;320.62;((90025, 91551), (90406, 90787, 91168));
5;0.972320556640625;90406;3;313.38;((90025, 91551), (90406, 90787, 91168));
5;0.972305297851562;90406;5;314.82;((90025, 91551), (90406, 90787, 91168));
5;0.972297668457031;90406;8;320.04;((90025, 91551), (90406, 90787, 91168));
5;0.972301483154297;90406;4;316.10;((90025, 91551), (90406, 90787, 91168));
5;0.972299575805664;90406;3;311.22;((90025, 91551), (90406, 90787, 91168));
5;0.972298622131348;90406;3;312.79;((90025, 91551), (90406, 90787, 91168));
5;0.500000000000000;90787;11;173.84;((90025, 91551), (90406, 90787, 91168));
5;0.750000000000000;90787;11;254.28;((90025, 91551), (90406, 90787, 91168));
5;0.875000000000000;90787;11;303.04;((90025, 91551), (90406, 90787, 91168));
5;0.937500000000000;90787;11;341.12;((90025, 91551), (90406, 90787, 91168));
5;0.968750000000000;90787;11;331.56;((90025, 91551), (90406, 90787, 91168));
5;0.984375000000000;90787;0;140.11;((90025, 91551), (90406, 90787, 91168));
5;0.976562500000000;90787;0;159.46;((90025, 91551), (90406, 90787, 91168));
5;0.972656250000000;90787;4;310.89;((90025, 91551), (90406, 90787, 91168));
5;0.970703125000000;90787;9;326.35;((90025, 91551), (90406, 90787, 91168));
5;0.971679687500000;90787;6;318.14;((90025, 91551), (90406, 90787, 91168));
5;0.972167968750000;90787;5;315.56;((90025, 91551), (90406, 90787, 91168));
5;0.971923828125000;90787;7;320.90;((90025, 91551), (90406, 90787, 91168));
5;0.972045898437500;90787;4;315.47;((90025, 91551), (90406, 90787, 91168));
5;0.971984863281250;90787;5;313.12;((90025, 91551), (90406, 90787, 91168));
5;0.971954345703125;90787;4;312.37;((90025, 91551), (90406, 90787, 91168));
5;0.971939086914062;90787;7;330.93;((90025, 91551), (90406, 90787, 91168));
5;0.971946716308594;90787;6;326.35;((90025, 91551), (90406, 90787, 91168));
5;0.971950531005859;90787;7;327.16;((90025, 91551), (90406, 90787, 91168));
5;0.971952438354492;90787;7;321.08;((90025, 91551), (90406, 90787, 91168));
5;0.971953392028809;90787;5;321.02;((90025, 91551), (90406, 90787, 91168));
5;0.500000000000000;91168;11;176.72;((90025, 91551), (90406, 90787, 91168));
5;0.750000000000000;91168;11;257.58;((90025, 91551), (90406, 90787, 91168));
5;0.875000000000000;91168;11;308.11;((90025, 91551), (90406, 90787, 91168));
5;0.937500000000000;91168;11;330.95;((90025, 91551), (90406, 90787, 91168));
5;0.968750000000000;91168;11;331.34;((90025, 91551), (90406, 90787, 91168));
5;0.984375000000000;91168;0;139.41;((90025, 91551), (90406, 90787, 91168));
5;0.976562500000000;91168;0;153.20;((90025, 91551), (90406, 90787, 91168));
5;0.972656250000000;91168;0;218.67;((90025, 91551), (90406, 90787, 91168));
5;0.970703125000000;91168;10;343.68;((90025, 91551), (90406, 90787, 91168));
5;0.971679687500000;91168;5;327.55;((90025, 91551), (90406, 90787, 91168));
5;0.971191406250000;91168;10;331.87;((90025, 91551), (90406, 90787, 91168));
5;0.971435546875000;91168;9;332.11;((90025, 91551), (90406, 90787, 91168));
5;0.971557617187500;91168;7;325.77;((90025, 91551), (90406, 90787, 91168));
5;0.971618652343750;91168;5;317.82;((90025, 91551), (90406, 90787, 91168));
5;0.971588134765625;91168;7;320.74;((90025, 91551), (90406, 90787, 91168));
5;0.971603393554688;91168;9;322.46;((90025, 91551), (90406, 90787, 91168));
5;0.971611022949219;91168;6;327.39;((90025, 91551), (90406, 90787, 91168));
5;0.971614837646484;91168;7;315.40;((90025, 91551), (90406, 90787, 91168));
5;0.971616744995117;91168;8;319.18;((90025, 91551), (90406, 90787, 91168));
5;0.971617698669434;91168;8;333.45;((90025, 91551), (90406, 90787, 91168));
5;0.500000000000000;90215;11;177.50;((90025, 90787), (90215, 90405, 90595));
5;0.750000000000000;90215;11;256.30;((90025, 90787), (90215, 90405, 90595));
5;0.875000000000000;90215;11;301.63;((90025, 90787), (90215, 90405, 90595));
5;0.937500000000000;90215;11;322.07;((90025, 90787), (90215, 90405, 90595));
5;0.968750000000000;90215;11;330.92;((90025, 90787), (90215, 90405, 90595));
5;0.984375000000000;90215;0;142.71;((90025, 90787), (90215, 90405, 90595));
5;0.976562500000000;90215;0;148.83;((90025, 90787), (90215, 90405, 90595));
5;0.972656250000000;90215;2;306.93;((90025, 90787), (90215, 90405, 90595));
5;0.970703125000000;90215;9;324.28;((90025, 90787), (90215, 90405, 90595));
5;0.971679687500000;90215;11;333.73;((90025, 90787), (90215, 90405, 90595));
5;0.972167968750000;90215;6;318.21;((90025, 90787), (90215, 90405, 90595));
5;0.972412109375000;90215;3;310.89;((90025, 90787), (90215, 90405, 90595));
5;0.972290039062500;90215;7;324.98;((90025, 90787), (90215, 90405, 90595));
5;0.972351074218750;90215;4;316.16;((90025, 90787), (90215, 90405, 90595));
5;0.972320556640625;90215;4;313.56;((90025, 90787), (90215, 90405, 90595));
5;0.972305297851562;90215;6;317.70;((90025, 90787), (90215, 90405, 90595));
5;0.972312927246094;90215;8;323.95;((90025, 90787), (90215, 90405, 90595));
5;0.972316741943359;90215;4;315.53;((90025, 90787), (90215, 90405, 90595));
5;0.972314834594727;90215;3;313.75;((90025, 90787), (90215, 90405, 90595));
5;0.972313880920410;90215;6;320.94;((90025, 90787), (90215, 90405, 90595));
5;0.500000000000000;90405;11;176.16;((90025, 90787), (90215, 90405, 90595));
5;0.750000000000000;90405;11;254.80;((90025, 90787), (90215, 90405, 90595));
5;0.875000000000000;90405;11;298.90;((90025, 90787), (90215, 90405, 90595));
5;0.937500000000000;90405;11;322.31;((90025, 90787), (90215, 90405, 90595));
5;0.968750000000000;90405;11;338.25;((90025, 90787), (90215, 90405, 90595));
5;0.984375000000000;90405;0;137.89;((90025, 90787), (90215, 90405, 90595));
5;0.976562500000000;90405;0;157.81;((90025, 90787), (90215, 90405, 90595));
5;0.972656250000000;90405;3;308.43;((90025, 90787), (90215, 90405, 90595));
5;0.970703125000000;90405;6;317.64;((90025, 90787), (90215, 90405, 90595));
5;0.971679687500000;90405;10;332.29;((90025, 90787), (90215, 90405, 90595));
5;0.972167968750000;90405;4;313.90;((90025, 90787), (90215, 90405, 90595));
5;0.971923828125000;90405;6;316.55;((90025, 90787), (90215, 90405, 90595));
5;0.972045898437500;90405;5;318.55;((90025, 90787), (90215, 90405, 90595));
5;0.971984863281250;90405;9;324.64;((90025, 90787), (90215, 90405, 90595));
5;0.972015380859375;90405;6;323.07;((90025, 90787), (90215, 90405, 90595));
5;0.972030639648438;90405;10;329.56;((90025, 90787), (90215, 90405, 90595));
5;0.972038269042969;90405;7;328.41;((90025, 90787), (90215, 90405, 90595));
5;0.972042083740234;90405;8;323.13;((90025, 90787), (90215, 90405, 90595));
5;0.972043991088867;90405;7;322.38;((90025, 90787), (90215, 90405, 90595));
5;0.972044944763184;90405;6;317.23;((90025, 90787), (90215, 90405, 90595));
5;0.500000000000000;90595;11;177.07;((90025, 90787), (90215, 90405, 90595));
5;0.750000000000000;90595;11;254.71;((90025, 90787), (90215, 90405, 90595));
5;0.875000000000000;90595;11;298.22;((90025, 90787), (90215, 90405, 90595));
5;0.937500000000000;90595;11;322.14;((90025, 90787), (90215, 90405, 90595));
5;0.968750000000000;90595;11;336.67;((90025, 90787), (90215, 90405, 90595));
5;0.984375000000000;90595;0;138.88;((90025, 90787), (90215, 90405, 90595));
5;0.976562500000000;90595;0;159.87;((90025, 90787), (90215, 90405, 90595));
5;0.972656250000000;90595;3;309.97;((90025, 90787), (90215, 90405, 90595));
5;0.970703125000000;90595;11;336.17;((90025, 90787), (90215, 90405, 90595));
5;0.971679687500000;90595;7;339.80;((90025, 90787), (90215, 90405, 90595));
5;0.972167968750000;90595;5;318.77;((90025, 90787), (90215, 90405, 90595));
5;0.971923828125000;90595;7;321.47;((90025, 90787), (90215, 90405, 90595));
5;0.972045898437500;90595;5;328.62;((90025, 90787), (90215, 90405, 90595));
5;0.971984863281250;90595;5;316.91;((90025, 90787), (90215, 90405, 90595));
5;0.971954345703125;90595;6;319.68;((90025, 90787), (90215, 90405, 90595));
5;0.971969604492188;90595;7;323.68;((90025, 90787), (90215, 90405, 90595));
5;0.971977233886719;90595;4;319.55;((90025, 90787), (90215, 90405, 90595));
5;0.971973419189453;90595;4;315.89;((90025, 90787), (90215, 90405, 90595));
5;0.971971511840820;90595;5;317.43;((90025, 90787), (90215, 90405, 90595));
5;0.971970558166504;90595;9;326.35;((90025, 90787), (90215, 90405, 90595));
5;0.500000000000000;90120;11;177.61;((90025, 90405), (90120, 90215, 90310));
5;0.750000000000000;90120;11;256.83;((90025, 90405), (90120, 90215, 90310));
5;0.875000000000000;90120;11;313.91;((90025, 90405), (90120, 90215, 90310));
5;0.937500000000000;90120;11;328.57;((90025, 90405), (90120, 90215, 90310));
5;0.968750000000000;90120;0;200.21;((90025, 90405), (90120, 90215, 90310));
5;0.953125000000000;90120;11;346.09;((90025, 90405), (90120, 90215, 90310));
5;0.960937500000000;90120;11;339.77;((90025, 90405), (90120, 90215, 90310));
5;0.964843750000000;90120;11;336.61;((90025, 90405), (90120, 90215, 90310));
5;0.966796875000000;90120;7;319.11;((90025, 90405), (90120, 90215, 90310));
5;0.967773437500000;90120;3;317.13;((90025, 90405), (90120, 90215, 90310));
5;0.967285156250000;90120;4;324.51;((90025, 90405), (90120, 90215, 90310));
5;0.967041015625000;90120;7;322.64;((90025, 90405), (90120, 90215, 90310));
5;0.967163085937500;90120;5;321.27;((90025, 90405), (90120, 90215, 90310));
5;0.967102050781250;90120;6;320.69;((90025, 90405), (90120, 90215, 90310));
5;0.967132568359375;90120;5;323.60;((90025, 90405), (90120, 90215, 90310));
5;0.967117309570312;90120;7;323.61;((90025, 90405), (90120, 90215, 90310));
5;0.967124938964844;90120;4;320.86;((90025, 90405), (90120, 90215, 90310));
5;0.967121124267578;90120;6;320.56;((90025, 90405), (90120, 90215, 90310));
5;0.967123031616211;90120;5;317.43;((90025, 90405), (90120, 90215, 90310));
5;0.967122077941895;90120;5;322.44;((90025, 90405), (90120, 90215, 90310));
5;0.500000000000000;90310;11;181.94;((90025, 90405), (90120, 90215, 90310));
5;0.750000000000000;90310;11;261.38;((90025, 90405), (90120, 90215, 90310));
5;0.875000000000000;90310;11;307.53;((90025, 90405), (90120, 90215, 90310));
5;0.937500000000000;90310;11;327.85;((90025, 90405), (90120, 90215, 90310));
5;0.968750000000000;90310;0;214.56;((90025, 90405), (90120, 90215, 90310));
5;0.953125000000000;90310;11;333.09;((90025, 90405), (90120, 90215, 90310));
5;0.960937500000000;90310;11;336.62;((90025, 90405), (90120, 90215, 90310));
5;0.964843750000000;90310;11;338.56;((90025, 90405), (90120, 90215, 90310));
5;0.966796875000000;90310;7;321.65;((90025, 90405), (90120, 90215, 90310));
5;0.967773437500000;90310;1;312.47;((90025, 90405), (90120, 90215, 90310));
5;0.967285156250000;90310;5;354.28;((90025, 90405), (90120, 90215, 90310));
5;0.967041015625000;90310;6;320.00;((90025, 90405), (90120, 90215, 90310));
5;0.967163085937500;90310;5;316.62;((90025, 90405), (90120, 90215, 90310));
5;0.967102050781250;90310;5;318.05;((90025, 90405), (90120, 90215, 90310));
5;0.967071533203125;90310;3;315.28;((90025, 90405), (90120, 90215, 90310));
5;0.967056274414062;90310;6;318.65;((90025, 90405), (90120, 90215, 90310));
5;0.967063903808594;90310;5;320.87;((90025, 90405), (90120, 90215, 90310));
5;0.967060089111328;90310;8;321.96;((90025, 90405), (90120, 90215, 90310));
5;0.967061996459961;90310;6;324.97;((90025, 90405), (90120, 90215, 90310));
5;0.967062950134277;90310;8;329.77;((90025, 90405), (90120, 90215, 90310));
5;0.500000000000000;90167;11;181.80;((90120, 90310), (90167, 90214, 90261));
5;0.750000000000000;90167;11;274.79;((90120, 90310), (90167, 90214, 90261));
5;0.875000000000000;90167;11;319.30;((90120, 90310), (90167, 90214, 90261));
5;0.937500000000000;90167;11;334.42;((90120, 90310), (90167, 90214, 90261));
5;0.968750000000000;90167;11;369.37;((90120, 90310), (90167, 90214, 90261));
5;0.984375000000000;90167;0;147.72;((90120, 90310), (90167, 90214, 90261));
5;0.976562500000000;90167;0;153.13;((90120, 90310), (90167, 90214, 90261));
5;0.972656250000000;90167;3;330.51;((90120, 90310), (90167, 90214, 90261));
5;0.970703125000000;90167;10;366.69;((90120, 90310), (90167, 90214, 90261));
5;0.971679687500000;90167;9;340.79;((90120, 90310), (90167, 90214, 90261));
5;0.972167968750000;90167;7;341.07;((90120, 90310), (90167, 90214, 90261));
5;0.972412109375000;90167;3;328.82;((90120, 90310), (90167, 90214, 90261));
5;0.972290039062500;90167;6;336.16;((90120, 90310), (90167, 90214, 90261));
5;0.972351074218750;90167;3;308.71;((90120, 90310), (90167, 90214, 90261));
5;0.972320556640625;90167;5;310.44;((90120, 90310), (90167, 90214, 90261));
5;0.972305297851562;90167;6;328.86;((90120, 90310), (90167, 90214, 90261));
5;0.972312927246094;90167;6;319.44;((90120, 90310), (90167, 90214, 90261));
5;0.972316741943359;90167;0;216.46;((90120, 90310), (90167, 90214, 90261));
5;0.972314834594727;90167;4;319.15;((90120, 90310), (90167, 90214, 90261));
5;0.972313880920410;90167;3;317.64;((90120, 90310), (90167, 90214, 90261));
5;0.500000000000000;90214;11;174.19;((90120, 90310), (90167, 90214, 90261));
5;0.750000000000000;90214;11;262.69;((90120, 90310), (90167, 90214, 90261));
5;0.875000000000000;90214;11;293.33;((90120, 90310), (90167, 90214, 90261));
5;0.937500000000000;90214;11;313.00;((90120, 90310), (90167, 90214, 90261));
5;0.968750000000000;90214;3;304.53;((90120, 90310), (90167, 90214, 90261));
5;0.953125000000000;90214;11;315.99;((90120, 90310), (90167, 90214, 90261));
5;0.960937500000000;90214;11;324.28;((90120, 90310), (90167, 90214, 90261));
5;0.964843750000000;90214;11;324.13;((90120, 90310), (90167, 90214, 90261));
5;0.966796875000000;90214;6;310.19;((90120, 90310), (90167, 90214, 90261));
5;0.967773437500000;90214;6;308.68;((90120, 90310), (90167, 90214, 90261));
5;0.968261718750000;90214;1;297.15;((90120, 90310), (90167, 90214, 90261));
5;0.968017578125000;90214;2;301.08;((90120, 90310), (90167, 90214, 90261));
5;0.967895507812500;90214;3;305.19;((90120, 90310), (90167, 90214, 90261));
5;0.967834472656250;90214;6;326.07;((90120, 90310), (90167, 90214, 90261));
5;0.967864990234375;90214;2;304.13;((90120, 90310), (90167, 90214, 90261));
5;0.967849731445312;90214;2;299.29;((90120, 90310), (90167, 90214, 90261));
5;0.967842102050781;90214;1;298.58;((90120, 90310), (90167, 90214, 90261));
5;0.967838287353516;90214;2;301.36;((90120, 90310), (90167, 90214, 90261));
5;0.967836380004883;90214;4;305.48;((90120, 90310), (90167, 90214, 90261));
5;0.967835426330566;90214;0;196.55;((90120, 90310), (90167, 90214, 90261));
5;0.500000000000000;90261;11;173.80;((90120, 90310), (90167, 90214, 90261));
5;0.750000000000000;90261;11;251.17;((90120, 90310), (90167, 90214, 90261));
5;0.875000000000000;90261;11;317.39;((90120, 90310), (90167, 90214, 90261));
5;0.937500000000000;90261;11;308.82;((90120, 90310), (90167, 90214, 90261));
5;0.968750000000000;90261;11;324.93;((90120, 90310), (90167, 90214, 90261));
5;0.984375000000000;90261;0;136.15;((90120, 90310), (90167, 90214, 90261));
5;0.976562500000000;90261;0;157.45;((90120, 90310), (90167, 90214, 90261));
5;0.972656250000000;90261;4;308.33;((90120, 90310), (90167, 90214, 90261));
5;0.970703125000000;90261;9;315.98;((90120, 90310), (90167, 90214, 90261));
5;0.971679687500000;90261;9;319.03;((90120, 90310), (90167, 90214, 90261));
5;0.972167968750000;90261;8;315.63;((90120, 90310), (90167, 90214, 90261));
5;0.972412109375000;90261;3;304.60;((90120, 90310), (90167, 90214, 90261));
5;0.972290039062500;90261;5;307.24;((90120, 90310), (90167, 90214, 90261));
5;0.972229003906250;90261;4;312.39;((90120, 90310), (90167, 90214, 90261));
5;0.972198486328125;90261;9;315.30;((90120, 90310), (90167, 90214, 90261));
5;0.972213745117188;90261;6;310.38;((90120, 90310), (90167, 90214, 90261));
5;0.972221374511719;90261;5;328.97;((90120, 90310), (90167, 90214, 90261));
5;0.972217559814453;90261;6;309.05;((90120, 90310), (90167, 90214, 90261));
5;0.972219467163086;90261;4;308.37;((90120, 90310), (90167, 90214, 90261));
5;0.972218513488770;90261;6;310.82;((90120, 90310), (90167, 90214, 90261));
5;0.500000000000000;90143;11;180.24;((90120, 90214), (90143, 90166, 90189));
5;0.750000000000000;90143;11;250.30;((90120, 90214), (90143, 90166, 90189));
5;0.875000000000000;90143;11;289.38;((90120, 90214), (90143, 90166, 90189));
5;0.937500000000000;90143;11;310.26;((90120, 90214), (90143, 90166, 90189));
5;0.968750000000000;90143;11;319.20;((90120, 90214), (90143, 90166, 90189));
5;0.984375000000000;90143;0;134.12;((90120, 90214), (90143, 90166, 90189));
5;0.976562500000000;90143;0;148.72;((90120, 90214), (90143, 90166, 90189));
5;0.972656250000000;90143;3;305.72;((90120, 90214), (90143, 90166, 90189));
5;0.970703125000000;90143;10;316.48;((90120, 90214), (90143, 90166, 90189));
5;0.971679687500000;90143;8;315.22;((90120, 90214), (90143, 90166, 90189));
5;0.972167968750000;90143;4;307.71;((90120, 90214), (90143, 90166, 90189));
5;0.971923828125000;90143;7;312.77;((90120, 90214), (90143, 90166, 90189));
5;0.972045898437500;90143;5;310.88;((90120, 90214), (90143, 90166, 90189));
5;0.971984863281250;90143;5;315.94;((90120, 90214), (90143, 90166, 90189));
5;0.971954345703125;90143;10;321.35;((90120, 90214), (90143, 90166, 90189));
5;0.971969604492188;90143;9;314.62;((90120, 90214), (90143, 90166, 90189));
5;0.971977233886719;90143;6;310.97;((90120, 90214), (90143, 90166, 90189));
5;0.971981048583984;90143;6;324.87;((90120, 90214), (90143, 90166, 90189));
5;0.971982955932617;90143;5;308.30;((90120, 90214), (90143, 90166, 90189));
5;0.971982002258301;90143;7;313.13;((90120, 90214), (90143, 90166, 90189));
5;0.500000000000000;90166;11;172.78;((90120, 90214), (90143, 90166, 90189));
5;0.750000000000000;90166;11;250.00;((90120, 90214), (90143, 90166, 90189));
5;0.875000000000000;90166;11;292.42;((90120, 90214), (90143, 90166, 90189));
5;0.937500000000000;90166;11;313.83;((90120, 90214), (90143, 90166, 90189));
5;0.968750000000000;90166;11;323.07;((90120, 90214), (90143, 90166, 90189));
5;0.984375000000000;90166;0;133.22;((90120, 90214), (90143, 90166, 90189));
5;0.976562500000000;90166;0;144.04;((90120, 90214), (90143, 90166, 90189));
5;0.972656250000000;90166;1;300.82;((90120, 90214), (90143, 90166, 90189));
5;0.970703125000000;90166;9;313.49;((90120, 90214), (90143, 90166, 90189));
5;0.971679687500000;90166;10;320.52;((90120, 90214), (90143, 90166, 90189));
5;0.972167968750000;90166;7;314.56;((90120, 90214), (90143, 90166, 90189));
5;0.972412109375000;90166;5;314.82;((90120, 90214), (90143, 90166, 90189));
5;0.972290039062500;90166;4;308.90;((90120, 90214), (90143, 90166, 90189));
5;0.972229003906250;90166;4;317.51;((90120, 90214), (90143, 90166, 90189));
5;0.972198486328125;90166;6;312.90;((90120, 90214), (90143, 90166, 90189));
5;0.972213745117188;90166;6;310.43;((90120, 90214), (90143, 90166, 90189));
5;0.972221374511719;90166;7;315.12;((90120, 90214), (90143, 90166, 90189));
5;0.972225189208984;90166;6;312.14;((90120, 90214), (90143, 90166, 90189));
5;0.972227096557617;90166;7;317.26;((90120, 90214), (90143, 90166, 90189));
5;0.972228050231934;90166;7;315.16;((90120, 90214), (90143, 90166, 90189));
5;0.500000000000000;90189;11;172.29;((90120, 90214), (90143, 90166, 90189));
5;0.750000000000000;90189;11;249.53;((90120, 90214), (90143, 90166, 90189));
5;0.875000000000000;90189;11;294.50;((90120, 90214), (90143, 90166, 90189));
5;0.937500000000000;90189;11;311.72;((90120, 90214), (90143, 90166, 90189));
5;0.968750000000000;90189;11;320.31;((90120, 90214), (90143, 90166, 90189));
5;0.984375000000000;90189;0;133.67;((90120, 90214), (90143, 90166, 90189));
5;0.976562500000000;90189;0;148.08;((90120, 90214), (90143, 90166, 90189));
5;0.972656250000000;90189;2;301.00;((90120, 90214), (90143, 90166, 90189));
5;0.970703125000000;90189;10;336.89;((90120, 90214), (90143, 90166, 90189));
5;0.971679687500000;90189;10;317.31;((90120, 90214), (90143, 90166, 90189));
5;0.972167968750000;90189;4;309.87;((90120, 90214), (90143, 90166, 90189));
5;0.971923828125000;90189;3;309.29;((90120, 90214), (90143, 90166, 90189));
5;0.971801757812500;90189;6;311.98;((90120, 90214), (90143, 90166, 90189));
5;0.971862792968750;90189;8;316.31;((90120, 90214), (90143, 90166, 90189));
5;0.971893310546875;90189;8;322.27;((90120, 90214), (90143, 90166, 90189));
5;0.971908569335938;90189;6;311.98;((90120, 90214), (90143, 90166, 90189));
5;0.971916198730469;90189;7;316.41;((90120, 90214), (90143, 90166, 90189));
5;0.971920013427734;90189;4;309.11;((90120, 90214), (90143, 90166, 90189));
5;0.971918106079102;90189;9;317.15;((90120, 90214), (90143, 90166, 90189));
5;0.971919059753418;90189;5;309.62;((90120, 90214), (90143, 90166, 90189));
