5;0.500000000000000;500000;11;28.85;((0, 2000000), (500000, 1000000, 1500000));
5;0.750000000000000;500000;0;20.47;((0, 2000000), (500000, 1000000, 1500000));
5;0.625000000000000;500000;11;34.11;((0, 2000000), (500000, 1000000, 1500000));
5;0.687500000000000;500000;11;37.82;((0, 2000000), (500000, 1000000, 1500000));
5;0.718750000000000;500000;11;39.08;((0, 2000000), (500000, 1000000, 1500000));
5;0.734375000000000;500000;11;39.91;((0, 2000000), (500000, 1000000, 1500000));
5;0.742187500000000;500000;2;37.91;((0, 2000000), (500000, 1000000, 1500000));
5;0.738281250000000;500000;11;39.89;((0, 2000000), (500000, 1000000, 1500000));
5;0.740234375000000;500000;11;39.98;((0, 2000000), (500000, 1000000, 1500000));
5;0.741210937500000;500000;8;38.58;((0, 2000000), (500000, 1000000, 1500000));
5;0.741699218750000;500000;3;37.78;((0, 2000000), (500000, 1000000, 1500000));
5;0.741455078125000;500000;3;37.59;((0, 2000000), (500000, 1000000, 1500000));
5;0.741333007812500;500000;5;38.52;((0, 2000000), (500000, 1000000, 1500000));
5;0.741271972656250;500000;9;38.59;((0, 2000000), (500000, 1000000, 1500000));
5;0.741302490234375;500000;6;38.87;((0, 2000000), (500000, 1000000, 1500000));
5;0.741317749023438;500000;4;38.35;((0, 2000000), (500000, 1000000, 1500000));
5;0.741310119628906;500000;3;38.18;((0, 2000000), (500000, 1000000, 1500000));
5;0.741306304931641;500000;2;37.31;((0, 2000000), (500000, 1000000, 1500000));
5;0.741304397583008;500000;6;38.42;((0, 2000000), (500000, 1000000, 1500000));
5;0.741305351257324;500000;5;37.95;((0, 2000000), (500000, 1000000, 1500000));
5;0.500000000000000;1000000;11;27.86;((0, 2000000), (500000, 1000000, 1500000));
5;0.750000000000000;1000000;0;18.59;((0, 2000000), (500000, 1000000, 1500000));
5;0.625000000000000;1000000;0;18.38;((0, 2000000), (500000, 1000000, 1500000));
5;0.562500000000000;1000000;11;31.43;((0, 2000000), (500000, 1000000, 1500000));
5;0.593750000000000;1000000;11;32.67;((0, 2000000), (500000, 1000000, 1500000));
5;0.609375000000000;1000000;11;33.42;((0, 2000000), (500000, 1000000, 1500000));
5;0.617187500000000;1000000;0;18.95;((0, 2000000), (500000, 1000000, 1500000));
5;0.613281250000000;1000000;11;33.56;((0, 2000000), (500000, 1000000, 1500000));
5;0.615234375000000;1000000;11;33.80;((0, 2000000), (500000, 1000000, 1500000));
5;0.616210937500000;1000000;3;33.31;((0, 2000000), (500000, 1000000, 1500000));
5;0.615722656250000;1000000;10;32.92;((0, 2000000), (500000, 1000000, 1500000));
5;0.615966796875000;1000000;3;31.83;((0, 2000000), (500000, 1000000, 1500000));
5;0.615844726562500;1000000;9;32.33;((0, 2000000), (500000, 1000000, 1500000));
5;0.615905761718750;1000000;8;32.87;((0, 2000000), (500000, 1000000, 1500000));
5;0.615936279296875;1000000;7;32.59;((0, 2000000), (500000, 1000000, 1500000));
5;0.615951538085938;1000000;6;32.20;((0, 2000000), (500000, 1000000, 1500000));
5;0.615959167480469;1000000;6;32.15;((0, 2000000), (500000, 1000000, 1500000));
5;0.615962982177734;1000000;5;32.47;((0, 2000000), (500000, 1000000, 1500000));
5;0.615961074829102;1000000;6;32.55;((0, 2000000), (500000, 1000000, 1500000));
5;0.615962028503418;1000000;3;32.25;((0, 2000000), (500000, 1000000, 1500000));
5;0.500000000000000;1500000;11;28.50;((0, 2000000), (500000, 1000000, 1500000));
5;0.750000000000000;1500000;0;17.62;((0, 2000000), (500000, 1000000, 1500000));
5;0.625000000000000;1500000;0;17.79;((0, 2000000), (500000, 1000000, 1500000));
5;0.562500000000000;1500000;11;30.92;((0, 2000000), (500000, 1000000, 1500000));
5;0.593750000000000;1500000;11;33.94;((0, 2000000), (500000, 1000000, 1500000));
5;0.609375000000000;1500000;0;17.60;((0, 2000000), (500000, 1000000, 1500000));
5;0.601562500000000;1500000;11;32.82;((0, 2000000), (500000, 1000000, 1500000));
5;0.605468750000000;1500000;11;32.91;((0, 2000000), (500000, 1000000, 1500000));
5;0.607421875000000;1500000;4;31.92;((0, 2000000), (500000, 1000000, 1500000));
5;0.606445312500000;1500000;11;34.06;((0, 2000000), (500000, 1000000, 1500000));
5;0.606933593750000;1500000;10;34.64;((0, 2000000), (500000, 1000000, 1500000));
5;0.607177734375000;1500000;9;32.15;((0, 2000000), (500000, 1000000, 1500000));
5;0.607299804687500;1500000;3;31.56;((0, 2000000), (500000, 1000000, 1500000));
5;0.607238769531250;1500000;5;31.61;((0, 2000000), (500000, 1000000, 1500000));
5;0.607208251953125;1500000;8;32.05;((0, 2000000), (500000, 1000000, 1500000));
5;0.607223510742188;1500000;8;32.11;((0, 2000000), (500000, 1000000, 1500000));
5;0.607231140136719;1500000;4;31.98;((0, 2000000), (500000, 1000000, 1500000));
5;0.607227325439453;1500000;8;32.36;((0, 2000000), (500000, 1000000, 1500000));
5;0.607229232788086;1500000;8;33.57;((0, 2000000), (500000, 1000000, 1500000));
5;0.607230186462402;1500000;8;32.00;((0, 2000000), (500000, 1000000, 1500000));
5;0.500000000000000;250000;11;28.14;((0, 1000000), (250000, 500000, 750000));
5;0.750000000000000;250000;11;40.02;((0, 1000000), (250000, 500000, 750000));
5;0.875000000000000;250000;0;20.29;((0, 1000000), (250000, 500000, 750000));
5;0.812500000000000;250000;11;43.88;((0, 1000000), (250000, 500000, 750000));
5;0.843750000000000;250000;11;46.19;((0, 1000000), (250000, 500000, 750000));
5;0.859375000000000;250000;11;47.09;((0, 1000000), (250000, 500000, 750000));
5;0.867187500000000;250000;0;21.86;((0, 1000000), (250000, 500000, 750000));
5;0.863281250000000;250000;0;23.66;((0, 1000000), (250000, 500000, 750000));
5;0.861328125000000;250000;1;43.01;((0, 1000000), (250000, 500000, 750000));
5;0.860351562500000;250000;7;44.00;((0, 1000000), (250000, 500000, 750000));
5;0.860839843750000;250000;5;43.96;((0, 1000000), (250000, 500000, 750000));
5;0.860595703125000;250000;8;43.62;((0, 1000000), (250000, 500000, 750000));
5;0.860717773437500;250000;6;43.62;((0, 1000000), (250000, 500000, 750000));
5;0.860778808593750;250000;4;43.35;((0, 1000000), (250000, 500000, 750000));
5;0.860748291015625;250000;7;43.63;((0, 1000000), (250000, 500000, 750000));
5;0.860763549804688;250000;1;42.92;((0, 1000000), (250000, 500000, 750000));
5;0.860755920410156;250000;3;42.86;((0, 1000000), (250000, 500000, 750000));
5;0.860752105712891;250000;6;43.97;((0, 1000000), (250000, 500000, 750000));
5;0.860754013061523;250000;3;42.95;((0, 1000000), (250000, 500000, 750000));
5;0.860753059387207;250000;5;44.29;((0, 1000000), (250000, 500000, 750000));
5;0.500000000000000;750000;11;28.14;((0, 1000000), (250000, 500000, 750000));
5;0.750000000000000;750000;0;18.92;((0, 1000000), (250000, 500000, 750000));
5;0.625000000000000;750000;11;34.52;((0, 1000000), (250000, 500000, 750000));
5;0.687500000000000;750000;0;19.09;((0, 1000000), (250000, 500000, 750000));
5;0.656250000000000;750000;0;19.29;((0, 1000000), (250000, 500000, 750000));
5;0.640625000000000;750000;11;36.42;((0, 1000000), (250000, 500000, 750000));
5;0.648437500000000;750000;6;35.99;((0, 1000000), (250000, 500000, 750000));
5;0.652343750000000;750000;0;20.23;((0, 1000000), (250000, 500000, 750000));
5;0.650390625000000;750000;0;20.37;((0, 1000000), (250000, 500000, 750000));
5;0.649414062500000;750000;1;32.85;((0, 1000000), (250000, 500000, 750000));
5;0.648925781250000;750000;4;34.74;((0, 1000000), (250000, 500000, 750000));
5;0.648681640625000;750000;7;34.91;((0, 1000000), (250000, 500000, 750000));
5;0.648803710937500;750000;7;34.17;((0, 1000000), (250000, 500000, 750000));
5;0.648864746093750;750000;3;33.37;((0, 1000000), (250000, 500000, 750000));
5;0.648834228515625;750000;4;34.06;((0, 1000000), (250000, 500000, 750000));
5;0.648818969726562;750000;5;33.71;((0, 1000000), (250000, 500000, 750000));
5;0.648811340332031;750000;6;34.83;((0, 1000000), (250000, 500000, 750000));
5;0.648815155029297;750000;4;33.95;((0, 1000000), (250000, 500000, 750000));
5;0.648813247680664;750000;6;34.09;((0, 1000000), (250000, 500000, 750000));
5;0.648814201354980;750000;5;33.64;((0, 1000000), (250000, 500000, 750000));
5;0.500000000000000;125000;11;27.43;((0, 500000), (125000, 250000, 375000));
5;0.750000000000000;125000;11;39.23;((0, 500000), (125000, 250000, 375000));
5;0.875000000000000;125000;11;46.08;((0, 500000), (125000, 250000, 375000));
5;0.937500000000000;125000;0;20.90;((0, 500000), (125000, 250000, 375000));
5;0.906250000000000;125000;11;47.82;((0, 500000), (125000, 250000, 375000));
5;0.921875000000000;125000;0;24.77;((0, 500000), (125000, 250000, 375000));
5;0.914062500000000;125000;11;48.02;((0, 500000), (125000, 250000, 375000));
5;0.917968750000000;125000;4;47.11;((0, 500000), (125000, 250000, 375000));
5;0.916015625000000;125000;11;48.35;((0, 500000), (125000, 250000, 375000));
5;0.916992187500000;125000;9;46.58;((0, 500000), (125000, 250000, 375000));
5;0.917480468750000;125000;8;46.90;((0, 500000), (125000, 250000, 375000));
5;0.917724609375000;125000;5;46.20;((0, 500000), (125000, 250000, 375000));
5;0.917602539062500;125000;9;46.64;((0, 500000), (125000, 250000, 375000));
5;0.917663574218750;125000;10;47.65;((0, 500000), (125000, 250000, 375000));
5;0.917694091796875;125000;8;46.52;((0, 500000), (125000, 250000, 375000));
5;0.917709350585938;125000;10;47.32;((0, 500000), (125000, 250000, 375000));
5;0.917716979980469;125000;10;47.90;((0, 500000), (125000, 250000, 375000));
5;0.917720794677734;125000;9;48.47;((0, 500000), (125000, 250000, 375000));
5;0.917722702026367;125000;9;50.42;((0, 500000), (125000, 250000, 375000));
5;0.917723655700684;125000;6;49.89;((0, 500000), (125000, 250000, 375000));
5;0.500000000000000;375000;11;28.00;((0, 500000), (125000, 250000, 375000));
5;0.750000000000000;375000;11;39.74;((0, 500000), (125000, 250000, 375000));
5;0.875000000000000;375000;0;20.53;((0, 500000), (125000, 250000, 375000));
5;0.812500000000000;375000;0;21.84;((0, 500000), (125000, 250000, 375000));
5;0.781250000000000;375000;11;42.40;((0, 500000), (125000, 250000, 375000));
5;0.796875000000000;375000;11;42.80;((0, 500000), (125000, 250000, 375000));
5;0.804687500000000;375000;0;21.54;((0, 500000), (125000, 250000, 375000));
5;0.800781250000000;375000;6;41.87;((0, 500000), (125000, 250000, 375000));
5;0.802734375000000;375000;0;24.63;((0, 500000), (125000, 250000, 375000));
5;0.801757812500000;375000;1;40.14;((0, 500000), (125000, 250000, 375000));
5;0.801269531250000;375000;3;40.62;((0, 500000), (125000, 250000, 375000));
5;0.801025390625000;375000;5;40.42;((0, 500000), (125000, 250000, 375000));
5;0.800903320312500;375000;7;41.06;((0, 500000), (125000, 250000, 375000));
5;0.800964355468750;375000;3;40.89;((0, 500000), (125000, 250000, 375000));
5;0.800933837890625;375000;3;40.96;((0, 500000), (125000, 250000, 375000));
5;0.800918579101562;375000;7;41.13;((0, 500000), (125000, 250000, 375000));
5;0.800926208496094;375000;4;40.05;((0, 500000), (125000, 250000, 375000));
5;0.800922393798828;375000;5;40.46;((0, 500000), (125000, 250000, 375000));
5;0.800920486450195;375000;4;41.26;((0, 500000), (125000, 250000, 375000));
5;0.800919532775879;375000;3;40.37;((0, 500000), (125000, 250000, 375000));
5;0.500000000000000;62500;11;27.18;((0, 250000), (62500, 125000, 187500));
5;0.750000000000000;62500;11;41.48;((0, 250000), (62500, 125000, 187500));
5;0.875000000000000;62500;11;46.07;((0, 250000), (62500, 125000, 187500));
5;0.937500000000000;62500;11;49.65;((0, 250000), (62500, 125000, 187500));
5;0.968750000000000;62500;0;20.90;((0, 250000), (62500, 125000, 187500));
5;0.953125000000000;62500;0;20.82;((0, 250000), (62500, 125000, 187500));
5;0.945312500000000;62500;4;46.93;((0, 250000), (62500, 125000, 187500));
5;0.941406250000000;62500;10;47.78;((0, 250000), (62500, 125000, 187500));
5;0.943359375000000;62500;5;46.97;((0, 250000), (62500, 125000, 187500));
5;0.942382812500000;62500;11;49.88;((0, 250000), (62500, 125000, 187500));
5;0.942871093750000;62500;7;46.67;((0, 250000), (62500, 125000, 187500));
5;0.943115234375000;62500;5;48.09;((0, 250000), (62500, 125000, 187500));
5;0.942993164062500;62500;7;46.44;((0, 250000), (62500, 125000, 187500));
5;0.943054199218750;62500;11;49.76;((0, 250000), (62500, 125000, 187500));
5;0.943084716796875;62500;9;47.47;((0, 250000), (62500, 125000, 187500));
5;0.943099975585938;62500;8;47.48;((0, 250000), (62500, 125000, 187500));
5;0.943107604980469;62500;5;46.78;((0, 250000), (62500, 125000, 187500));
5;0.943103790283203;62500;10;47.53;((0, 250000), (62500, 125000, 187500));
5;0.943105697631836;62500;7;47.51;((0, 250000), (62500, 125000, 187500));
5;0.943106651306152;62500;6;47.23;((0, 250000), (62500, 125000, 187500));
5;0.500000000000000;187500;11;28.23;((0, 250000), (62500, 125000, 187500));
5;0.750000000000000;187500;11;40.27;((0, 250000), (62500, 125000, 187500));
5;0.875000000000000;187500;11;46.51;((0, 250000), (62500, 125000, 187500));
5;0.937500000000000;187500;0;20.60;((0, 250000), (62500, 125000, 187500));
5;0.906250000000000;187500;0;20.23;((0, 250000), (62500, 125000, 187500));
5;0.890625000000000;187500;2;44.59;((0, 250000), (62500, 125000, 187500));
5;0.882812500000000;187500;11;45.45;((0, 250000), (62500, 125000, 187500));
5;0.886718750000000;187500;11;46.48;((0, 250000), (62500, 125000, 187500));
5;0.888671875000000;187500;9;45.68;((0, 250000), (62500, 125000, 187500));
5;0.889648437500000;187500;8;45.33;((0, 250000), (62500, 125000, 187500));
5;0.890136718750000;187500;4;44.53;((0, 250000), (62500, 125000, 187500));
5;0.889892578125000;187500;7;45.01;((0, 250000), (62500, 125000, 187500));
5;0.890014648437500;187500;6;45.53;((0, 250000), (62500, 125000, 187500));
5;0.890075683593750;187500;7;45.76;((0, 250000), (62500, 125000, 187500));
5;0.890106201171875;187500;5;45.05;((0, 250000), (62500, 125000, 187500));
5;0.890090942382812;187500;4;45.58;((0, 250000), (62500, 125000, 187500));
5;0.890083312988281;187500;3;44.38;((0, 250000), (62500, 125000, 187500));
5;0.890079498291016;187500;5;45.00;((0, 250000), (62500, 125000, 187500));
5;0.890077590942383;187500;7;45.39;((0, 250000), (62500, 125000, 187500));
5;0.890078544616699;187500;4;44.92;((0, 250000), (62500, 125000, 187500));
5;0.500000000000000;31250;11;27.13;((0, 125000), (31250, 62500, 93750));
5;0.750000000000000;31250;11;39.04;((0, 125000), (31250, 62500, 93750));
5;0.875000000000000;31250;11;45.76;((0, 125000), (31250, 62500, 93750));
5;0.937500000000000;31250;11;48.87;((0, 125000), (31250, 62500, 93750));
5;0.968750000000000;31250;0;20.83;((0, 125000), (31250, 62500, 93750));
5;0.953125000000000;31250;1;45.74;((0, 125000), (31250, 62500, 93750));
5;0.945312500000000;31250;11;47.72;((0, 125000), (31250, 62500, 93750));
5;0.949218750000000;31250;9;47.88;((0, 125000), (31250, 62500, 93750));
5;0.951171875000000;31250;4;46.39;((0, 125000), (31250, 62500, 93750));
5;0.950195312500000;31250;6;46.82;((0, 125000), (31250, 62500, 93750));
5;0.950683593750000;31250;6;47.12;((0, 125000), (31250, 62500, 93750));
5;0.950927734375000;31250;7;47.65;((0, 125000), (31250, 62500, 93750));
5;0.951049804687500;31250;4;45.99;((0, 125000), (31250, 62500, 93750));
5;0.950988769531250;31250;6;47.50;((0, 125000), (31250, 62500, 93750));
5;0.951019287109375;31250;7;47.87;((0, 125000), (31250, 62500, 93750));
5;0.951034545898438;31250;10;47.53;((0, 125000), (31250, 62500, 93750));
5;0.951042175292969;31250;8;46.93;((0, 125000), (31250, 62500, 93750));
5;0.951045989990234;31250;7;47.30;((0, 125000), (31250, 62500, 93750));
5;0.951047897338867;31250;8;47.15;((0, 125000), (31250, 62500, 93750));
5;0.951048851013184;31250;8;47.14;((0, 125000), (31250, 62500, 93750));
5;0.500000000000000;93750;11;27.74;((0, 125000), (31250, 62500, 93750));
5;0.750000000000000;93750;11;39.79;((0, 125000), (31250, 62500, 93750));
5;0.875000000000000;93750;11;46.10;((0, 125000), (31250, 62500, 93750));
5;0.937500000000000;93750;0;23.10;((0, 125000), (31250, 62500, 93750));
5;0.906250000000000;93750;11;47.71;((0, 125000), (31250, 62500, 93750));
5;0.921875000000000;93750;11;49.02;((0, 125000), (31250, 62500, 93750));
5;0.929687500000000;93750;8;51.11;((0, 125000), (31250, 62500, 93750));
5;0.933593750000000;93750;2;45.75;((0, 125000), (31250, 62500, 93750));
5;0.931640625000000;93750;6;46.59;((0, 125000), (31250, 62500, 93750));
5;0.932617187500000;93750;5;46.55;((0, 125000), (31250, 62500, 93750));
5;0.932128906250000;93750;6;46.59;((0, 125000), (31250, 62500, 93750));
5;0.932373046875000;93750;3;46.01;((0, 125000), (31250, 62500, 93750));
5;0.932250976562500;93750;2;49.21;((0, 125000), (31250, 62500, 93750));
5;0.932189941406250;93750;3;45.96;((0, 125000), (31250, 62500, 93750));
5;0.932159423828125;93750;6;47.33;((0, 125000), (31250, 62500, 93750));
5;0.932174682617188;93750;4;47.50;((0, 125000), (31250, 62500, 93750));
5;0.932167053222656;93750;2;46.45;((0, 125000), (31250, 62500, 93750));
5;0.932163238525391;93750;2;45.69;((0, 125000), (31250, 62500, 93750));
5;0.932161331176758;93750;5;46.85;((0, 125000), (31250, 62500, 93750));
5;0.932160377502441;93750;5;47.22;((0, 125000), (31250, 62500, 93750));
5;0.500000000000000;15625;11;26.73;((0, 62500), (15625, 31250, 46875));
5;0.750000000000000;15625;11;39.05;((0, 62500), (15625, 31250, 46875));
5;0.875000000000000;15625;11;44.63;((0, 62500), (15625, 31250, 46875));
5;0.937500000000000;15625;11;48.64;((0, 62500), (15625, 31250, 46875));
5;0.968750000000000;15625;0;20.82;((0, 62500), (15625, 31250, 46875));
5;0.953125000000000;15625;4;46.44;((0, 62500), (15625, 31250, 46875));
5;0.945312500000000;15625;11;48.53;((0, 62500), (15625, 31250, 46875));
5;0.949218750000000;15625;10;48.39;((0, 62500), (15625, 31250, 46875));
5;0.951171875000000;15625;6;47.21;((0, 62500), (15625, 31250, 46875));
5;0.952148437500000;15625;8;47.99;((0, 62500), (15625, 31250, 46875));
5;0.952636718750000;15625;7;46.85;((0, 62500), (15625, 31250, 46875));
5;0.952880859375000;15625;9;47.12;((0, 62500), (15625, 31250, 46875));
5;0.953002929687500;15625;7;46.32;((0, 62500), (15625, 31250, 46875));
5;0.953063964843750;15625;6;46.88;((0, 62500), (15625, 31250, 46875));
5;0.953094482421875;15625;7;46.12;((0, 62500), (15625, 31250, 46875));
5;0.953109741210938;15625;3;46.34;((0, 62500), (15625, 31250, 46875));
5;0.953102111816406;15625;9;47.66;((0, 62500), (15625, 31250, 46875));
5;0.953105926513672;15625;9;46.77;((0, 62500), (15625, 31250, 46875));
5;0.953107833862305;15625;9;46.86;((0, 62500), (15625, 31250, 46875));
5;0.953108787536621;15625;7;48.06;((0, 62500), (15625, 31250, 46875));
5;0.500000000000000;46875;11;27.41;((0, 62500), (15625, 31250, 46875));
5;0.750000000000000;46875;11;39.75;((0, 62500), (15625, 31250, 46875));
5;0.875000000000000;46875;11;46.40;((0, 62500), (15625, 31250, 46875));
5;0.937500000000000;46875;11;49.85;((0, 62500), (15625, 31250, 46875));
5;0.968750000000000;46875;0;20.84;((0, 62500), (15625, 31250, 46875));
5;0.953125000000000;46875;6;47.31;((0, 62500), (15625, 31250, 46875));
5;0.960937500000000;46875;0;25.06;((0, 62500), (15625, 31250, 46875));
5;0.957031250000000;46875;0;29.34;((0, 62500), (15625, 31250, 46875));
5;0.955078125000000;46875;4;46.79;((0, 62500), (15625, 31250, 46875));
5;0.954101562500000;46875;3;46.84;((0, 62500), (15625, 31250, 46875));
5;0.953613281250000;46875;4;47.24;((0, 62500), (15625, 31250, 46875));
5;0.953369140625000;46875;3;46.80;((0, 62500), (15625, 31250, 46875));
5;0.953247070312500;46875;5;46.84;((0, 62500), (15625, 31250, 46875));
5;0.953186035156250;46875;6;47.44;((0, 62500), (15625, 31250, 46875));
5;0.953216552734375;46875;8;47.81;((0, 62500), (15625, 31250, 46875));
5;0.953231811523438;46875;7;47.30;((0, 62500), (15625, 31250, 46875));
5;0.953239440917969;46875;6;47.87;((0, 62500), (15625, 31250, 46875));
5;0.953243255615234;46875;8;47.88;((0, 62500), (15625, 31250, 46875));
5;0.953245162963867;46875;7;47.97;((0, 62500), (15625, 31250, 46875));
5;0.953246116638184;46875;7;47.55;((0, 62500), (15625, 31250, 46875));
5;0.500000000000000;39062;11;27.84;((31250, 62500), (39062, 46874, 54686));
5;0.750000000000000;39062;11;38.75;((31250, 62500), (39062, 46874, 54686));
5;0.875000000000000;39062;11;45.79;((31250, 62500), (39062, 46874, 54686));
5;0.937500000000000;39062;11;48.27;((31250, 62500), (39062, 46874, 54686));
5;0.968750000000000;39062;0;20.67;((31250, 62500), (39062, 46874, 54686));
5;0.953125000000000;39062;0;30.08;((31250, 62500), (39062, 46874, 54686));
5;0.945312500000000;39062;10;47.62;((31250, 62500), (39062, 46874, 54686));
5;0.949218750000000;39062;8;47.38;((31250, 62500), (39062, 46874, 54686));
5;0.951171875000000;39062;2;46.24;((31250, 62500), (39062, 46874, 54686));
5;0.950195312500000;39062;6;47.49;((31250, 62500), (39062, 46874, 54686));
5;0.950683593750000;39062;4;46.34;((31250, 62500), (39062, 46874, 54686));
5;0.950439453125000;39062;6;46.54;((31250, 62500), (39062, 46874, 54686));
5;0.950561523437500;39062;3;46.27;((31250, 62500), (39062, 46874, 54686));
5;0.950500488281250;39062;3;46.49;((31250, 62500), (39062, 46874, 54686));
5;0.950469970703125;39062;6;47.00;((31250, 62500), (39062, 46874, 54686));
5;0.950485229492188;39062;6;46.94;((31250, 62500), (39062, 46874, 54686));
5;0.950492858886719;39062;6;47.36;((31250, 62500), (39062, 46874, 54686));
5;0.950496673583984;39062;3;46.83;((31250, 62500), (39062, 46874, 54686));
5;0.950494766235352;39062;5;46.91;((31250, 62500), (39062, 46874, 54686));
5;0.950493812561035;39062;3;46.48;((31250, 62500), (39062, 46874, 54686));
5;0.500000000000000;46874;11;27.54;((31250, 62500), (39062, 46874, 54686));
5;0.750000000000000;46874;11;39.41;((31250, 62500), (39062, 46874, 54686));
5;0.875000000000000;46874;11;45.16;((31250, 62500), (39062, 46874, 54686));
5;0.937500000000000;46874;11;48.38;((31250, 62500), (39062, 46874, 54686));
5;0.968750000000000;46874;0;21.24;((31250, 62500), (39062, 46874, 54686));
5;0.953125000000000;46874;0;25.96;((31250, 62500), (39062, 46874, 54686));
5;0.945312500000000;46874;11;48.80;((31250, 62500), (39062, 46874, 54686));
5;0.949218750000000;46874;4;46.61;((31250, 62500), (39062, 46874, 54686));
5;0.947265625000000;46874;7;46.97;((31250, 62500), (39062, 46874, 54686));
5;0.948242187500000;46874;7;46.64;((31250, 62500), (39062, 46874, 54686));
5;0.948730468750000;46874;7;46.88;((31250, 62500), (39062, 46874, 54686));
5;0.948974609375000;46874;3;46.57;((31250, 62500), (39062, 46874, 54686));
5;0.948852539062500;46874;8;46.85;((31250, 62500), (39062, 46874, 54686));
5;0.948913574218750;46874;3;47.10;((31250, 62500), (39062, 46874, 54686));
5;0.948883056640625;46874;8;47.51;((31250, 62500), (39062, 46874, 54686));
5;0.948898315429688;46874;7;47.22;((31250, 62500), (39062, 46874, 54686));
5;0.948905944824219;46874;6;48.64;((31250, 62500), (39062, 46874, 54686));
5;0.948909759521484;46874;5;46.97;((31250, 62500), (39062, 46874, 54686));
5;0.948907852172852;46874;5;60.79;((31250, 62500), (39062, 46874, 54686));
5;0.948906898498535;46874;2;51.70;((31250, 62500), (39062, 46874, 54686));
5;0.500000000000000;54686;11;29.85;((31250, 62500), (39062, 46874, 54686));
5;0.750000000000000;54686;11;41.64;((31250, 62500), (39062, 46874, 54686));
5;0.875000000000000;54686;11;47.24;((31250, 62500), (39062, 46874, 54686));
5;0.937500000000000;54686;11;48.99;((31250, 62500), (39062, 46874, 54686));
5;0.968750000000000;54686;0;21.30;((31250, 62500), (39062, 46874, 54686));
5;0.953125000000000;54686;2;46.65;((31250, 62500), (39062, 46874, 54686));
5;0.945312500000000;54686;11;49.31;((31250, 62500), (39062, 46874, 54686));
5;0.949218750000000;54686;10;48.53;((31250, 62500), (39062, 46874, 54686));
5;0.951171875000000;54686;5;47.19;((31250, 62500), (39062, 46874, 54686));
5;0.950195312500000;54686;7;47.51;((31250, 62500), (39062, 46874, 54686));
5;0.950683593750000;54686;9;47.38;((31250, 62500), (39062, 46874, 54686));
5;0.950927734375000;54686;4;46.46;((31250, 62500), (39062, 46874, 54686));
5;0.950805664062500;54686;7;46.61;((31250, 62500), (39062, 46874, 54686));
5;0.950866699218750;54686;6;57.50;((31250, 62500), (39062, 46874, 54686));
5;0.950897216796875;54686;7;46.84;((31250, 62500), (39062, 46874, 54686));
5;0.950912475585938;54686;8;48.04;((31250, 62500), (39062, 46874, 54686));
5;0.950920104980469;54686;9;48.24;((31250, 62500), (39062, 46874, 54686));
5;0.950923919677734;54686;10;48.48;((31250, 62500), (39062, 46874, 54686));
5;0.950925827026367;54686;7;47.66;((31250, 62500), (39062, 46874, 54686));
5;0.950926780700684;54686;8;48.35;((31250, 62500), (39062, 46874, 54686));
5;0.500000000000000;50780;11;27.56;((46874, 62500), (50780, 54686, 58592));
5;0.750000000000000;50780;11;39.01;((46874, 62500), (50780, 54686, 58592));
5;0.875000000000000;50780;11;46.48;((46874, 62500), (50780, 54686, 58592));
5;0.937500000000000;50780;11;48.33;((46874, 62500), (50780, 54686, 58592));
5;0.968750000000000;50780;0;20.37;((46874, 62500), (50780, 54686, 58592));
5;0.953125000000000;50780;0;25.16;((46874, 62500), (50780, 54686, 58592));
5;0.945312500000000;50780;10;48.39;((46874, 62500), (50780, 54686, 58592));
5;0.949218750000000;50780;2;45.90;((46874, 62500), (50780, 54686, 58592));
5;0.947265625000000;50780;8;47.12;((46874, 62500), (50780, 54686, 58592));
5;0.948242187500000;50780;6;47.78;((46874, 62500), (50780, 54686, 58592));
5;0.948730468750000;50780;1;45.84;((46874, 62500), (50780, 54686, 58592));
5;0.948486328125000;50780;4;46.82;((46874, 62500), (50780, 54686, 58592));
5;0.948364257812500;50780;3;46.63;((46874, 62500), (50780, 54686, 58592));
5;0.948303222656250;50780;2;46.99;((46874, 62500), (50780, 54686, 58592));
5;0.948272705078125;50780;4;52.63;((46874, 62500), (50780, 54686, 58592));
5;0.948257446289062;50780;1;46.28;((46874, 62500), (50780, 54686, 58592));
5;0.948249816894531;50780;3;46.59;((46874, 62500), (50780, 54686, 58592));
5;0.948246002197266;50780;2;45.96;((46874, 62500), (50780, 54686, 58592));
5;0.948244094848633;50780;4;46.51;((46874, 62500), (50780, 54686, 58592));
5;0.948243141174316;50780;0;30.31;((46874, 62500), (50780, 54686, 58592));
5;0.500000000000000;58592;11;27.92;((46874, 62500), (50780, 54686, 58592));
5;0.750000000000000;58592;11;39.76;((46874, 62500), (50780, 54686, 58592));
5;0.875000000000000;58592;11;60.01;((46874, 62500), (50780, 54686, 58592));
5;0.937500000000000;58592;11;47.66;((46874, 62500), (50780, 54686, 58592));
5;0.968750000000000;58592;0;20.80;((46874, 62500), (50780, 54686, 58592));
5;0.953125000000000;58592;0;21.88;((46874, 62500), (50780, 54686, 58592));
5;0.945312500000000;58592;5;47.22;((46874, 62500), (50780, 54686, 58592));
5;0.941406250000000;58592;10;47.59;((46874, 62500), (50780, 54686, 58592));
5;0.943359375000000;58592;11;48.70;((46874, 62500), (50780, 54686, 58592));
5;0.944335937500000;58592;10;47.98;((46874, 62500), (50780, 54686, 58592));
5;0.944824218750000;58592;5;47.27;((46874, 62500), (50780, 54686, 58592));
5;0.944580078125000;58592;9;46.90;((46874, 62500), (50780, 54686, 58592));
5;0.944702148437500;58592;8;46.81;((46874, 62500), (50780, 54686, 58592));
5;0.944763183593750;58592;4;46.96;((46874, 62500), (50780, 54686, 58592));
5;0.944732666015625;58592;5;46.40;((46874, 62500), (50780, 54686, 58592));
5;0.944717407226562;58592;7;47.26;((46874, 62500), (50780, 54686, 58592));
5;0.944725036621094;58592;4;46.76;((46874, 62500), (50780, 54686, 58592));
5;0.944721221923828;58592;3;46.31;((46874, 62500), (50780, 54686, 58592));
5;0.944719314575195;58592;6;47.29;((46874, 62500), (50780, 54686, 58592));
5;0.944720268249512;58592;6;47.44;((46874, 62500), (50780, 54686, 58592));
5;0.500000000000000;52733;11;27.59;((50780, 58592), (52733, 54686, 56639));
5;0.750000000000000;52733;11;38.92;((50780, 58592), (52733, 54686, 56639));
5;0.875000000000000;52733;11;45.46;((50780, 58592), (52733, 54686, 56639));
5;0.937500000000000;52733;11;49.10;((50780, 58592), (52733, 54686, 56639));
5;0.968750000000000;52733;0;20.22;((50780, 58592), (52733, 54686, 56639));
5;0.953125000000000;52733;3;46.40;((50780, 58592), (52733, 54686, 56639));
5;0.945312500000000;52733;11;49.36;((50780, 58592), (52733, 54686, 56639));
5;0.949218750000000;52733;11;49.66;((50780, 58592), (52733, 54686, 56639));
5;0.951171875000000;52733;8;48.61;((50780, 58592), (52733, 54686, 56639));
5;0.952148437500000;52733;5;47.82;((50780, 58592), (52733, 54686, 56639));
5;0.951660156250000;52733;6;47.57;((50780, 58592), (52733, 54686, 56639));
5;0.951904296875000;52733;5;48.22;((50780, 58592), (52733, 54686, 56639));
5;0.951782226562500;52733;8;47.55;((50780, 58592), (52733, 54686, 56639));
5;0.951843261718750;52733;4;47.46;((50780, 58592), (52733, 54686, 56639));
5;0.951812744140625;52733;5;47.57;((50780, 58592), (52733, 54686, 56639));
5;0.951797485351562;52733;8;46.82;((50780, 58592), (52733, 54686, 56639));
5;0.951805114746094;52733;7;46.91;((50780, 58592), (52733, 54686, 56639));
5;0.951808929443359;52733;7;47.18;((50780, 58592), (52733, 54686, 56639));
5;0.951810836791992;52733;7;47.61;((50780, 58592), (52733, 54686, 56639));
5;0.951811790466309;52733;8;47.40;((50780, 58592), (52733, 54686, 56639));
5;0.500000000000000;56639;11;27.24;((50780, 58592), (52733, 54686, 56639));
5;0.750000000000000;56639;11;40.79;((50780, 58592), (52733, 54686, 56639));
5;0.875000000000000;56639;11;46.35;((50780, 58592), (52733, 54686, 56639));
5;0.937500000000000;56639;11;48.16;((50780, 58592), (52733, 54686, 56639));
5;0.968750000000000;56639;0;20.61;((50780, 58592), (52733, 54686, 56639));
5;0.953125000000000;56639;0;28.27;((50780, 58592), (52733, 54686, 56639));
5;0.945312500000000;56639;11;48.39;((50780, 58592), (52733, 54686, 56639));
5;0.949218750000000;56639;10;48.20;((50780, 58592), (52733, 54686, 56639));
5;0.951171875000000;56639;2;47.07;((50780, 58592), (52733, 54686, 56639));
5;0.950195312500000;56639;9;47.15;((50780, 58592), (52733, 54686, 56639));
5;0.950683593750000;56639;7;47.69;((50780, 58592), (52733, 54686, 56639));
5;0.950927734375000;56639;2;46.23;((50780, 58592), (52733, 54686, 56639));
5;0.950805664062500;56639;7;47.41;((50780, 58592), (52733, 54686, 56639));
5;0.950866699218750;56639;4;46.88;((50780, 58592), (52733, 54686, 56639));
5;0.950836181640625;56639;5;47.27;((50780, 58592), (52733, 54686, 56639));
5;0.950820922851562;56639;3;46.90;((50780, 58592), (52733, 54686, 56639));
5;0.950813293457031;56639;4;46.49;((50780, 58592), (52733, 54686, 56639));
5;0.950809478759766;56639;5;47.69;((50780, 58592), (52733, 54686, 56639));
5;0.950807571411133;56639;5;47.51;((50780, 58592), (52733, 54686, 56639));
5;0.950806617736816;56639;3;46.48;((50780, 58592), (52733, 54686, 56639));
5;0.500000000000000;51756;11;27.26;((50780, 54686), (51756, 52732, 53708));
5;0.750000000000000;51756;11;39.59;((50780, 54686), (51756, 52732, 53708));
5;0.875000000000000;51756;11;45.93;((50780, 54686), (51756, 52732, 53708));
5;0.937500000000000;51756;11;59.23;((50780, 54686), (51756, 52732, 53708));
5;0.968750000000000;51756;0;20.86;((50780, 54686), (51756, 52732, 53708));
5;0.953125000000000;51756;2;46.62;((50780, 54686), (51756, 52732, 53708));
5;0.945312500000000;51756;11;48.97;((50780, 54686), (51756, 52732, 53708));
5;0.949218750000000;51756;11;48.76;((50780, 54686), (51756, 52732, 53708));
5;0.951171875000000;51756;8;47.88;((50780, 54686), (51756, 52732, 53708));
5;0.952148437500000;51756;4;47.29;((50780, 54686), (51756, 52732, 53708));
5;0.951660156250000;51756;9;48.92;((50780, 54686), (51756, 52732, 53708));
5;0.951904296875000;51756;7;47.46;((50780, 54686), (51756, 52732, 53708));
5;0.952026367187500;51756;8;47.69;((50780, 54686), (51756, 52732, 53708));
5;0.952087402343750;51756;5;46.94;((50780, 54686), (51756, 52732, 53708));
5;0.952056884765625;51756;6;46.97;((50780, 54686), (51756, 52732, 53708));
5;0.952072143554688;51756;5;47.91;((50780, 54686), (51756, 52732, 53708));
5;0.952064514160156;51756;8;47.64;((50780, 54686), (51756, 52732, 53708));
5;0.952068328857422;51756;9;47.16;((50780, 54686), (51756, 52732, 53708));
5;0.952070236206055;51756;8;47.05;((50780, 54686), (51756, 52732, 53708));
5;0.952071189880371;51756;7;47.18;((50780, 54686), (51756, 52732, 53708));
5;0.500000000000000;52732;11;27.27;((50780, 54686), (51756, 52732, 53708));
5;0.750000000000000;52732;11;38.86;((50780, 54686), (51756, 52732, 53708));
5;0.875000000000000;52732;11;45.82;((50780, 54686), (51756, 52732, 53708));
5;0.937500000000000;52732;11;48.68;((50780, 54686), (51756, 52732, 53708));
5;0.968750000000000;52732;0;20.54;((50780, 54686), (51756, 52732, 53708));
5;0.953125000000000;52732;0;22.27;((50780, 54686), (51756, 52732, 53708));
5;0.945312500000000;52732;9;47.36;((50780, 54686), (51756, 52732, 53708));
5;0.949218750000000;52732;0;29.41;((50780, 54686), (51756, 52732, 53708));
5;0.947265625000000;52732;5;46.38;((50780, 54686), (51756, 52732, 53708));
5;0.946289062500000;52732;7;46.44;((50780, 54686), (51756, 52732, 53708));
5;0.946777343750000;52732;4;46.30;((50780, 54686), (51756, 52732, 53708));
5;0.946533203125000;52732;5;47.22;((50780, 54686), (51756, 52732, 53708));
5;0.946411132812500;52732;6;46.71;((50780, 54686), (51756, 52732, 53708));
5;0.946472167968750;52732;8;47.03;((50780, 54686), (51756, 52732, 53708));
5;0.946502685546875;52732;9;47.63;((50780, 54686), (51756, 52732, 53708));
5;0.946517944335938;52732;6;46.87;((50780, 54686), (51756, 52732, 53708));
5;0.946525573730469;52732;9;49.13;((50780, 54686), (51756, 52732, 53708));
5;0.946529388427734;52732;6;47.13;((50780, 54686), (51756, 52732, 53708));
5;0.946531295776367;52732;4;46.63;((50780, 54686), (51756, 52732, 53708));
5;0.946530342102051;52732;5;47.80;((50780, 54686), (51756, 52732, 53708));
5;0.500000000000000;53708;11;28.60;((50780, 54686), (51756, 52732, 53708));
5;0.750000000000000;53708;11;39.01;((50780, 54686), (51756, 52732, 53708));
5;0.875000000000000;53708;11;46.07;((50780, 54686), (51756, 52732, 53708));
5;0.937500000000000;53708;11;48.99;((50780, 54686), (51756, 52732, 53708));
5;0.968750000000000;53708;0;20.36;((50780, 54686), (51756, 52732, 53708));
5;0.953125000000000;53708;2;46.14;((50780, 54686), (51756, 52732, 53708));
5;0.945312500000000;53708;11;48.95;((50780, 54686), (51756, 52732, 53708));
5;0.949218750000000;53708;10;48.03;((50780, 54686), (51756, 52732, 53708));
5;0.951171875000000;53708;6;48.01;((50780, 54686), (51756, 52732, 53708));
5;0.952148437500000;53708;5;46.99;((50780, 54686), (51756, 52732, 53708));
5;0.951660156250000;53708;4;47.05;((50780, 54686), (51756, 52732, 53708));
5;0.951416015625000;53708;2;46.40;((50780, 54686), (51756, 52732, 53708));
5;0.951293945312500;53708;6;47.02;((50780, 54686), (51756, 52732, 53708));
5;0.951354980468750;53708;3;46.32;((50780, 54686), (51756, 52732, 53708));
5;0.951324462890625;53708;8;47.43;((50780, 54686), (51756, 52732, 53708));
5;0.951339721679688;53708;6;47.39;((50780, 54686), (51756, 52732, 53708));
5;0.951347351074219;53708;7;47.66;((50780, 54686), (51756, 52732, 53708));
5;0.951351165771484;53708;8;47.65;((50780, 54686), (51756, 52732, 53708));
5;0.951353073120117;53708;6;47.92;((50780, 54686), (51756, 52732, 53708));
5;0.951354026794434;53708;8;48.48;((50780, 54686), (51756, 52732, 53708));
5;0.500000000000000;51268;11;27.92;((50780, 52732), (51268, 51756, 52244));
5;0.750000000000000;51268;11;39.22;((50780, 52732), (51268, 51756, 52244));
5;0.875000000000000;51268;11;45.03;((50780, 52732), (51268, 51756, 52244));
5;0.937500000000000;51268;11;48.95;((50780, 52732), (51268, 51756, 52244));
5;0.968750000000000;51268;0;20.83;((50780, 52732), (51268, 51756, 52244));
5;0.953125000000000;51268;3;46.62;((50780, 52732), (51268, 51756, 52244));
5;0.945312500000000;51268;11;48.99;((50780, 52732), (51268, 51756, 52244));
5;0.949218750000000;51268;11;51.78;((50780, 52732), (51268, 51756, 52244));
5;0.951171875000000;51268;8;47.60;((50780, 52732), (51268, 51756, 52244));
5;0.952148437500000;51268;6;47.17;((50780, 52732), (51268, 51756, 52244));
5;0.952636718750000;51268;3;46.71;((50780, 52732), (51268, 51756, 52244));
5;0.952392578125000;51268;6;47.22;((50780, 52732), (51268, 51756, 52244));
5;0.952514648437500;51268;5;46.58;((50780, 52732), (51268, 51756, 52244));
5;0.952453613281250;51268;5;48.31;((50780, 52732), (51268, 51756, 52244));
5;0.952423095703125;51268;5;46.94;((50780, 52732), (51268, 51756, 52244));
5;0.952407836914062;51268;5;47.34;((50780, 52732), (51268, 51756, 52244));
5;0.952400207519531;51268;6;46.88;((50780, 52732), (51268, 51756, 52244));
5;0.952404022216797;51268;8;47.95;((50780, 52732), (51268, 51756, 52244));
5;0.952405929565430;51268;7;47.43;((50780, 52732), (51268, 51756, 52244));
5;0.952406883239746;51268;7;47.67;((50780, 52732), (51268, 51756, 52244));
5;0.500000000000000;52244;11;27.18;((50780, 52732), (51268, 51756, 52244));
5;0.750000000000000;52244;11;38.99;((50780, 52732), (51268, 51756, 52244));
5;0.875000000000000;52244;11;46.24;((50780, 52732), (51268, 51756, 52244));
5;0.937500000000000;52244;11;48.51;((50780, 52732), (51268, 51756, 52244));
5;0.968750000000000;52244;0;20.85;((50780, 52732), (51268, 51756, 52244));
5;0.953125000000000;52244;0;24.29;((50780, 52732), (51268, 51756, 52244));
5;0.945312500000000;52244;11;49.89;((50780, 52732), (51268, 51756, 52244));
5;0.949218750000000;52244;0;30.30;((50780, 52732), (51268, 51756, 52244));
5;0.947265625000000;52244;6;47.34;((50780, 52732), (51268, 51756, 52244));
5;0.948242187500000;52244;1;46.12;((50780, 52732), (51268, 51756, 52244));
5;0.947753906250000;52244;2;46.62;((50780, 52732), (51268, 51756, 52244));
5;0.947509765625000;52244;5;47.32;((50780, 52732), (51268, 51756, 52244));
5;0.947387695312500;52244;4;46.33;((50780, 52732), (51268, 51756, 52244));
5;0.947326660156250;52244;5;46.93;((50780, 52732), (51268, 51756, 52244));
5;0.947296142578125;52244;5;47.45;((50780, 52732), (51268, 51756, 52244));
5;0.947280883789062;52244;5;47.18;((50780, 52732), (51268, 51756, 52244));
5;0.947273254394531;52244;6;47.64;((50780, 52732), (51268, 51756, 52244));
5;0.947277069091797;52244;3;46.20;((50780, 52732), (51268, 51756, 52244));
5;0.947275161743164;52244;5;47.95;((50780, 52732), (51268, 51756, 52244));
5;0.947274208068848;52244;7;48.25;((50780, 52732), (51268, 51756, 52244));
5;0.500000000000000;51024;11;27.22;((50780, 51756), (51024, 51268, 51512));
5;0.750000000000000;51024;11;39.99;((50780, 51756), (51024, 51268, 51512));
5;0.875000000000000;51024;11;46.38;((50780, 51756), (51024, 51268, 51512));
5;0.937500000000000;51024;11;54.23;((50780, 51756), (51024, 51268, 51512));
5;0.968750000000000;51024;0;20.65;((50780, 51756), (51024, 51268, 51512));
5;0.953125000000000;51024;0;23.11;((50780, 51756), (51024, 51268, 51512));
5;0.945312500000000;51024;11;50.42;((50780, 51756), (51024, 51268, 51512));
5;0.949218750000000;51024;1;45.94;((50780, 51756), (51024, 51268, 51512));
5;0.947265625000000;51024;9;46.92;((50780, 51756), (51024, 51268, 51512));
5;0.948242187500000;51024;2;46.06;((50780, 51756), (51024, 51268, 51512));
5;0.947753906250000;51024;4;46.27;((50780, 51756), (51024, 51268, 51512));
5;0.947509765625000;51024;2;45.87;((50780, 51756), (51024, 51268, 51512));
5;0.947387695312500;51024;9;47.82;((50780, 51756), (51024, 51268, 51512));
5;0.947448730468750;51024;6;46.97;((50780, 51756), (51024, 51268, 51512));
5;0.947479248046875;51024;5;47.07;((50780, 51756), (51024, 51268, 51512));
5;0.947463989257812;51024;6;52.42;((50780, 51756), (51024, 51268, 51512));
5;0.947471618652344;51024;4;47.45;((50780, 51756), (51024, 51268, 51512));
5;0.947467803955078;51024;6;47.36;((50780, 51756), (51024, 51268, 51512));
5;0.947469711303711;51024;7;47.13;((50780, 51756), (51024, 51268, 51512));
5;0.947470664978027;51024;4;46.83;((50780, 51756), (51024, 51268, 51512));
5;0.500000000000000;51512;11;27.75;((50780, 51756), (51024, 51268, 51512));
5;0.750000000000000;51512;11;39.61;((50780, 51756), (51024, 51268, 51512));
5;0.875000000000000;51512;11;45.68;((50780, 51756), (51024, 51268, 51512));
5;0.937500000000000;51512;11;50.40;((50780, 51756), (51024, 51268, 51512));
5;0.968750000000000;51512;0;21.79;((50780, 51756), (51024, 51268, 51512));
5;0.953125000000000;51512;0;23.97;((50780, 51756), (51024, 51268, 51512));
5;0.945312500000000;51512;9;46.94;((50780, 51756), (51024, 51268, 51512));
5;0.949218750000000;51512;1;46.08;((50780, 51756), (51024, 51268, 51512));
5;0.947265625000000;51512;8;47.11;((50780, 51756), (51024, 51268, 51512));
5;0.948242187500000;51512;2;46.22;((50780, 51756), (51024, 51268, 51512));
5;0.947753906250000;51512;3;47.39;((50780, 51756), (51024, 51268, 51512));
5;0.947509765625000;51512;3;46.92;((50780, 51756), (51024, 51268, 51512));
5;0.947387695312500;51512;8;47.91;((50780, 51756), (51024, 51268, 51512));
5;0.947448730468750;51512;6;47.27;((50780, 51756), (51024, 51268, 51512));
5;0.947479248046875;51512;3;47.02;((50780, 51756), (51024, 51268, 51512));
5;0.947463989257812;51512;5;49.32;((50780, 51756), (51024, 51268, 51512));
5;0.947456359863281;51512;5;47.50;((50780, 51756), (51024, 51268, 51512));
5;0.947452545166016;51512;7;47.26;((50780, 51756), (51024, 51268, 51512));
5;0.947454452514648;51512;5;46.56;((50780, 51756), (51024, 51268, 51512));
5;0.947453498840332;51512;5;47.06;((50780, 51756), (51024, 51268, 51512));
5;0.500000000000000;51146;11;28.65;((51024, 51512), (51146, 51268, 51390));
5;0.750000000000000;51146;11;39.02;((51024, 51512), (51146, 51268, 51390));
5;0.875000000000000;51146;11;45.99;((51024, 51512), (51146, 51268, 51390));
5;0.937500000000000;51146;11;49.34;((51024, 51512), (51146, 51268, 51390));
5;0.968750000000000;51146;0;20.86;((51024, 51512), (51146, 51268, 51390));
5;0.953125000000000;51146;6;48.40;((51024, 51512), (51146, 51268, 51390));
5;0.960937500000000;51146;0;22.53;((51024, 51512), (51146, 51268, 51390));
5;0.957031250000000;51146;0;28.25;((51024, 51512), (51146, 51268, 51390));
5;0.955078125000000;51146;0;26.91;((51024, 51512), (51146, 51268, 51390));
5;0.954101562500000;51146;3;48.20;((51024, 51512), (51146, 51268, 51390));
5;0.953613281250000;51146;3;46.25;((51024, 51512), (51146, 51268, 51390));
5;0.953369140625000;51146;3;46.64;((51024, 51512), (51146, 51268, 51390));
5;0.953247070312500;51146;3;46.41;((51024, 51512), (51146, 51268, 51390));
5;0.953186035156250;51146;3;46.86;((51024, 51512), (51146, 51268, 51390));
5;0.953155517578125;51146;2;46.37;((51024, 51512), (51146, 51268, 51390));
5;0.953140258789062;51146;5;47.60;((51024, 51512), (51146, 51268, 51390));
5;0.953132629394531;51146;4;46.88;((51024, 51512), (51146, 51268, 51390));
5;0.953128814697266;51146;6;47.09;((51024, 51512), (51146, 51268, 51390));
5;0.953130722045898;51146;5;46.84;((51024, 51512), (51146, 51268, 51390));
5;0.953129768371582;51146;1;46.47;((51024, 51512), (51146, 51268, 51390));
5;0.500000000000000;51390;11;27.53;((51024, 51512), (51146, 51268, 51390));
5;0.750000000000000;51390;11;39.67;((51024, 51512), (51146, 51268, 51390));
5;0.875000000000000;51390;11;45.24;((51024, 51512), (51146, 51268, 51390));
5;0.937500000000000;51390;11;49.03;((51024, 51512), (51146, 51268, 51390));
5;0.968750000000000;51390;0;20.83;((51024, 51512), (51146, 51268, 51390));
5;0.953125000000000;51390;0;23.08;((51024, 51512), (51146, 51268, 51390));
5;0.945312500000000;51390;10;48.52;((51024, 51512), (51146, 51268, 51390));
5;0.949218750000000;51390;0;31.00;((51024, 51512), (51146, 51268, 51390));
5;0.947265625000000;51390;6;46.65;((51024, 51512), (51146, 51268, 51390));
5;0.948242187500000;51390;5;49.64;((51024, 51512), (51146, 51268, 51390));
5;0.947753906250000;51390;4;46.37;((51024, 51512), (51146, 51268, 51390));
5;0.947509765625000;51390;5;46.74;((51024, 51512), (51146, 51268, 51390));
5;0.947387695312500;51390;6;47.22;((51024, 51512), (51146, 51268, 51390));
5;0.947448730468750;51390;5;46.81;((51024, 51512), (51146, 51268, 51390));
5;0.947418212890625;51390;4;46.70;((51024, 51512), (51146, 51268, 51390));
5;0.947402954101562;51390;3;46.95;((51024, 51512), (51146, 51268, 51390));
5;0.947395324707031;51390;6;47.37;((51024, 51512), (51146, 51268, 51390));
5;0.947399139404297;51390;2;46.13;((51024, 51512), (51146, 51268, 51390));
5;0.947397232055664;51390;5;46.53;((51024, 51512), (51146, 51268, 51390));
5;0.947396278381348;51390;6;47.53;((51024, 51512), (51146, 51268, 51390));
5;0.500000000000000;51085;11;26.86;((51024, 51268), (51085, 51146, 51207));
5;0.750000000000000;51085;11;40.06;((51024, 51268), (51085, 51146, 51207));
5;0.875000000000000;51085;11;46.03;((51024, 51268), (51085, 51146, 51207));
5;0.937500000000000;51085;11;48.68;((51024, 51268), (51085, 51146, 51207));
5;0.968750000000000;51085;0;20.69;((51024, 51268), (51085, 51146, 51207));
5;0.953125000000000;51085;4;48.18;((51024, 51268), (51085, 51146, 51207));
5;0.945312500000000;51085;11;50.30;((51024, 51268), (51085, 51146, 51207));
5;0.949218750000000;51085;10;47.66;((51024, 51268), (51085, 51146, 51207));
5;0.951171875000000;51085;9;47.66;((51024, 51268), (51085, 51146, 51207));
5;0.952148437500000;51085;6;47.36;((51024, 51268), (51085, 51146, 51207));
5;0.952636718750000;51085;8;48.43;((51024, 51268), (51085, 51146, 51207));
5;0.952880859375000;51085;6;47.88;((51024, 51268), (51085, 51146, 51207));
5;0.953002929687500;51085;5;46.62;((51024, 51268), (51085, 51146, 51207));
5;0.952941894531250;51085;4;46.85;((51024, 51268), (51085, 51146, 51207));
5;0.952911376953125;51085;4;46.65;((51024, 51268), (51085, 51146, 51207));
5;0.952896118164062;51085;5;47.02;((51024, 51268), (51085, 51146, 51207));
5;0.952888488769531;51085;5;47.36;((51024, 51268), (51085, 51146, 51207));
5;0.952884674072266;51085;4;47.29;((51024, 51268), (51085, 51146, 51207));
5;0.952882766723633;51085;6;47.44;((51024, 51268), (51085, 51146, 51207));
5;0.952883720397949;51085;4;46.56;((51024, 51268), (51085, 51146, 51207));
5;0.500000000000000;51207;11;28.62;((51024, 51268), (51085, 51146, 51207));
5;0.750000000000000;51207;11;39.61;((51024, 51268), (51085, 51146, 51207));
5;0.875000000000000;51207;11;46.59;((51024, 51268), (51085, 51146, 51207));
5;0.937500000000000;51207;11;50.22;((51024, 51268), (51085, 51146, 51207));
5;0.968750000000000;51207;0;20.35;((51024, 51268), (51085, 51146, 51207));
5;0.953125000000000;51207;2;45.84;((51024, 51268), (51085, 51146, 51207));
5;0.945312500000000;51207;11;48.35;((51024, 51268), (51085, 51146, 51207));
5;0.949218750000000;51207;11;49.23;((51024, 51268), (51085, 51146, 51207));
5;0.951171875000000;51207;8;47.04;((51024, 51268), (51085, 51146, 51207));
5;0.952148437500000;51207;7;47.04;((51024, 51268), (51085, 51146, 51207));
5;0.952636718750000;51207;6;47.65;((51024, 51268), (51085, 51146, 51207));
5;0.952880859375000;51207;7;48.65;((51024, 51268), (51085, 51146, 51207));
5;0.953002929687500;51207;1;46.00;((51024, 51268), (51085, 51146, 51207));
5;0.952941894531250;51207;7;46.83;((51024, 51268), (51085, 51146, 51207));
5;0.952972412109375;51207;6;47.18;((51024, 51268), (51085, 51146, 51207));
5;0.952987670898438;51207;8;47.96;((51024, 51268), (51085, 51146, 51207));
5;0.952995300292969;51207;1;46.17;((51024, 51268), (51085, 51146, 51207));
5;0.952991485595703;51207;2;46.35;((51024, 51268), (51085, 51146, 51207));
5;0.952989578247070;51207;3;47.34;((51024, 51268), (51085, 51146, 51207));
5;0.952988624572754;51207;5;47.66;((51024, 51268), (51085, 51146, 51207));
5;0.500000000000000;51115;11;27.40;((51085, 51207), (51115, 51145, 51175));
5;0.750000000000000;51115;11;39.34;((51085, 51207), (51115, 51145, 51175));
5;0.875000000000000;51115;11;46.29;((51085, 51207), (51115, 51145, 51175));
5;0.937500000000000;51115;11;48.91;((51085, 51207), (51115, 51145, 51175));
5;0.968750000000000;51115;0;20.69;((51085, 51207), (51115, 51145, 51175));
5;0.953125000000000;51115;3;46.98;((51085, 51207), (51115, 51145, 51175));
5;0.945312500000000;51115;11;49.15;((51085, 51207), (51115, 51145, 51175));
5;0.949218750000000;51115;11;49.96;((51085, 51207), (51115, 51145, 51175));
5;0.951171875000000;51115;10;48.21;((51085, 51207), (51115, 51145, 51175));
5;0.952148437500000;51115;6;47.68;((51085, 51207), (51115, 51145, 51175));
5;0.952636718750000;51115;6;47.43;((51085, 51207), (51115, 51145, 51175));
5;0.952880859375000;51115;5;47.48;((51085, 51207), (51115, 51145, 51175));
5;0.952758789062500;51115;4;46.68;((51085, 51207), (51115, 51145, 51175));
5;0.952697753906250;51115;4;46.54;((51085, 51207), (51115, 51145, 51175));
5;0.952667236328125;51115;5;51.50;((51085, 51207), (51115, 51145, 51175));
5;0.952651977539062;51115;6;46.62;((51085, 51207), (51115, 51145, 51175));
5;0.952659606933594;51115;7;48.36;((51085, 51207), (51115, 51145, 51175));
5;0.952663421630859;51115;6;47.24;((51085, 51207), (51115, 51145, 51175));
5;0.952665328979492;51115;5;47.21;((51085, 51207), (51115, 51145, 51175));
5;0.952664375305176;51115;7;47.12;((51085, 51207), (51115, 51145, 51175));
5;0.500000000000000;51145;11;27.43;((51085, 51207), (51115, 51145, 51175));
5;0.750000000000000;51145;11;39.58;((51085, 51207), (51115, 51145, 51175));
5;0.875000000000000;51145;11;45.20;((51085, 51207), (51115, 51145, 51175));
5;0.937500000000000;51145;11;48.98;((51085, 51207), (51115, 51145, 51175));
5;0.968750000000000;51145;0;20.41;((51085, 51207), (51115, 51145, 51175));
5;0.953125000000000;51145;3;46.60;((51085, 51207), (51115, 51145, 51175));
5;0.945312500000000;51145;11;49.58;((51085, 51207), (51115, 51145, 51175));
5;0.949218750000000;51145;11;49.52;((51085, 51207), (51115, 51145, 51175));
5;0.951171875000000;51145;11;49.41;((51085, 51207), (51115, 51145, 51175));
5;0.952148437500000;51145;6;46.44;((51085, 51207), (51115, 51145, 51175));
5;0.952636718750000;51145;5;47.07;((51085, 51207), (51115, 51145, 51175));
5;0.952392578125000;51145;3;47.17;((51085, 51207), (51115, 51145, 51175));
5;0.952270507812500;51145;6;47.73;((51085, 51207), (51115, 51145, 51175));
5;0.952331542968750;51145;7;47.28;((51085, 51207), (51115, 51145, 51175));
5;0.952362060546875;51145;6;47.48;((51085, 51207), (51115, 51145, 51175));
5;0.952377319335938;51145;6;46.97;((51085, 51207), (51115, 51145, 51175));
5;0.952384948730469;51145;9;48.22;((51085, 51207), (51115, 51145, 51175));
5;0.952388763427734;51145;6;47.20;((51085, 51207), (51115, 51145, 51175));
5;0.952390670776367;51145;8;47.09;((51085, 51207), (51115, 51145, 51175));
5;0.952391624450684;51145;4;47.13;((51085, 51207), (51115, 51145, 51175));
5;0.500000000000000;51175;11;27.46;((51085, 51207), (51115, 51145, 51175));
5;0.750000000000000;51175;11;39.62;((51085, 51207), (51115, 51145, 51175));
5;0.875000000000000;51175;11;46.11;((51085, 51207), (51115, 51145, 51175));
5;0.937500000000000;51175;11;48.63;((51085, 51207), (51115, 51145, 51175));
5;0.968750000000000;51175;0;20.45;((51085, 51207), (51115, 51145, 51175));
5;0.953125000000000;51175;5;48.43;((51085, 51207), (51115, 51145, 51175));
5;0.945312500000000;51175;11;49.21;((51085, 51207), (51115, 51145, 51175));
5;0.949218750000000;51175;11;51.20;((51085, 51207), (51115, 51145, 51175));
5;0.951171875000000;51175;8;48.20;((51085, 51207), (51115, 51145, 51175));
5;0.952148437500000;51175;6;47.20;((51085, 51207), (51115, 51145, 51175));
5;0.952636718750000;51175;5;47.05;((51085, 51207), (51115, 51145, 51175));
5;0.952392578125000;51175;6;52.43;((51085, 51207), (51115, 51145, 51175));
5;0.952514648437500;51175;7;48.87;((51085, 51207), (51115, 51145, 51175));
5;0.952575683593750;51175;6;47.13;((51085, 51207), (51115, 51145, 51175));
5;0.952606201171875;51175;5;52.36;((51085, 51207), (51115, 51145, 51175));
5;0.952590942382812;51175;8;48.10;((51085, 51207), (51115, 51145, 51175));
5;0.952598571777344;51175;8;47.68;((51085, 51207), (51115, 51145, 51175));
5;0.952602386474609;51175;5;47.32;((51085, 51207), (51115, 51145, 51175));
5;0.952600479125977;51175;7;47.95;((51085, 51207), (51115, 51145, 51175));
5;0.952601432800293;51175;2;46.79;((51085, 51207), (51115, 51145, 51175));
5;0.500000000000000;51100;11;27.21;((51085, 51145), (51100, 51115, 51130));
5;0.750000000000000;51100;11;39.84;((51085, 51145), (51100, 51115, 51130));
5;0.875000000000000;51100;11;47.69;((51085, 51145), (51100, 51115, 51130));
5;0.937500000000000;51100;11;49.40;((51085, 51145), (51100, 51115, 51130));
5;0.968750000000000;51100;0;20.63;((51085, 51145), (51100, 51115, 51130));
5;0.953125000000000;51100;0;24.04;((51085, 51145), (51100, 51115, 51130));
5;0.945312500000000;51100;10;47.65;((51085, 51145), (51100, 51115, 51130));
5;0.949218750000000;51100;2;46.52;((51085, 51145), (51100, 51115, 51130));
5;0.947265625000000;51100;5;48.33;((51085, 51145), (51100, 51115, 51130));
5;0.946289062500000;51100;5;46.64;((51085, 51145), (51100, 51115, 51130));
5;0.945800781250000;51100;9;51.66;((51085, 51145), (51100, 51115, 51130));
5;0.946044921875000;51100;8;47.76;((51085, 51145), (51100, 51115, 51130));
5;0.946166992187500;51100;9;47.41;((51085, 51145), (51100, 51115, 51130));
5;0.946228027343750;51100;8;48.28;((51085, 51145), (51100, 51115, 51130));
5;0.946258544921875;51100;8;47.40;((51085, 51145), (51100, 51115, 51130));
5;0.946273803710938;51100;8;47.08;((51085, 51145), (51100, 51115, 51130));
5;0.946281433105469;51100;8;47.78;((51085, 51145), (51100, 51115, 51130));
5;0.946285247802734;51100;9;47.98;((51085, 51145), (51100, 51115, 51130));
5;0.946287155151367;51100;8;47.65;((51085, 51145), (51100, 51115, 51130));
5;0.946288108825684;51100;9;47.75;((51085, 51145), (51100, 51115, 51130));
5;0.500000000000000;51130;11;27.52;((51085, 51145), (51100, 51115, 51130));
5;0.750000000000000;51130;11;39.89;((51085, 51145), (51100, 51115, 51130));
5;0.875000000000000;51130;11;45.71;((51085, 51145), (51100, 51115, 51130));
5;0.937500000000000;51130;11;49.61;((51085, 51145), (51100, 51115, 51130));
5;0.968750000000000;51130;0;21.35;((51085, 51145), (51100, 51115, 51130));
5;0.953125000000000;51130;0;24.47;((51085, 51145), (51100, 51115, 51130));
5;0.945312500000000;51130;10;48.21;((51085, 51145), (51100, 51115, 51130));
5;0.949218750000000;51130;1;45.77;((51085, 51145), (51100, 51115, 51130));
5;0.947265625000000;51130;5;48.04;((51085, 51145), (51100, 51115, 51130));
5;0.946289062500000;51130;9;47.25;((51085, 51145), (51100, 51115, 51130));
5;0.946777343750000;51130;8;47.79;((51085, 51145), (51100, 51115, 51130));
5;0.947021484375000;51130;7;47.46;((51085, 51145), (51100, 51115, 51130));
5;0.947143554687500;51130;5;46.56;((51085, 51145), (51100, 51115, 51130));
5;0.947082519531250;51130;7;47.32;((51085, 51145), (51100, 51115, 51130));
5;0.947113037109375;51130;6;59.79;((51085, 51145), (51100, 51115, 51130));
5;0.947128295898438;51130;10;48.60;((51085, 51145), (51100, 51115, 51130));
5;0.947135925292969;51130;8;47.21;((51085, 51145), (51100, 51115, 51130));
5;0.947139739990234;51130;6;47.62;((51085, 51145), (51100, 51115, 51130));
5;0.947141647338867;51130;7;47.30;((51085, 51145), (51100, 51115, 51130));
5;0.947142601013184;51130;8;47.59;((51085, 51145), (51100, 51115, 51130));
