5;0.500000000000000;18750;11;1.21;((0, 75000), (18750, 37500, 56250));
5;0.750000000000000;18750;0;0.88;((0, 75000), (18750, 37500, 56250));
5;0.625000000000000;18750;11;1.48;((0, 75000), (18750, 37500, 56250));
5;0.687500000000000;18750;11;1.59;((0, 75000), (18750, 37500, 56250));
5;0.718750000000000;18750;11;1.58;((0, 75000), (18750, 37500, 56250));
5;0.734375000000000;18750;11;1.65;((0, 75000), (18750, 37500, 56250));
5;0.742187500000000;18750;2;1.41;((0, 75000), (18750, 37500, 56250));
5;0.738281250000000;18750;5;1.48;((0, 75000), (18750, 37500, 56250));
5;0.736328125000000;18750;8;1.52;((0, 75000), (18750, 37500, 56250));
5;0.737304687500000;18750;4;1.46;((0, 75000), (18750, 37500, 56250));
5;0.736816406250000;18750;8;1.49;((0, 75000), (18750, 37500, 56250));
5;0.737060546875000;18750;9;1.53;((0, 75000), (18750, 37500, 56250));
5;0.737182617187500;18750;4;1.46;((0, 75000), (18750, 37500, 56250));
5;0.737121582031250;18750;6;1.50;((0, 75000), (18750, 37500, 56250));
5;0.737152099609375;18750;5;1.55;((0, 75000), (18750, 37500, 56250));
5;0.737136840820312;18750;5;1.47;((0, 75000), (18750, 37500, 56250));
5;0.737129211425781;18750;6;1.56;((0, 75000), (18750, 37500, 56250));
5;0.737133026123047;18750;7;1.55;((0, 75000), (18750, 37500, 56250));
5;0.737134933471680;18750;4;1.48;((0, 75000), (18750, 37500, 56250));
5;0.737133979797363;18750;6;1.49;((0, 75000), (18750, 37500, 56250));
5;0.500000000000000;37500;11;1.12;((0, 75000), (18750, 37500, 56250));
5;0.750000000000000;37500;0;0.78;((0, 75000), (18750, 37500, 56250));
5;0.625000000000000;37500;0;0.72;((0, 75000), (18750, 37500, 56250));
5;0.562500000000000;37500;11;1.20;((0, 75000), (18750, 37500, 56250));
5;0.593750000000000;37500;11;1.25;((0, 75000), (18750, 37500, 56250));
5;0.609375000000000;37500;11;1.29;((0, 75000), (18750, 37500, 56250));
5;0.617187500000000;37500;1;1.24;((0, 75000), (18750, 37500, 56250));
5;0.613281250000000;37500;11;1.59;((0, 75000), (18750, 37500, 56250));
5;0.615234375000000;37500;8;1.22;((0, 75000), (18750, 37500, 56250));
5;0.616210937500000;37500;5;1.28;((0, 75000), (18750, 37500, 56250));
5;0.615722656250000;37500;5;1.24;((0, 75000), (18750, 37500, 56250));
5;0.615478515625000;37500;5;1.30;((0, 75000), (18750, 37500, 56250));
5;0.615356445312500;37500;7;1.36;((0, 75000), (18750, 37500, 56250));
5;0.615417480468750;37500;10;1.37;((0, 75000), (18750, 37500, 56250));
5;0.615447998046875;37500;8;1.26;((0, 75000), (18750, 37500, 56250));
5;0.615463256835938;37500;7;1.28;((0, 75000), (18750, 37500, 56250));
5;0.615470886230469;37500;6;1.30;((0, 75000), (18750, 37500, 56250));
5;0.615474700927734;37500;5;1.21;((0, 75000), (18750, 37500, 56250));
5;0.615472793579102;37500;4;1.25;((0, 75000), (18750, 37500, 56250));
5;0.615471839904785;37500;3;1.31;((0, 75000), (18750, 37500, 56250));
5;0.500000000000000;56250;11;1.21;((0, 75000), (18750, 37500, 56250));
5;0.750000000000000;56250;0;0.74;((0, 75000), (18750, 37500, 56250));
5;0.625000000000000;56250;0;0.78;((0, 75000), (18750, 37500, 56250));
5;0.562500000000000;56250;11;1.28;((0, 75000), (18750, 37500, 56250));
5;0.593750000000000;56250;11;1.34;((0, 75000), (18750, 37500, 56250));
5;0.609375000000000;56250;0;0.75;((0, 75000), (18750, 37500, 56250));
5;0.601562500000000;56250;11;1.41;((0, 75000), (18750, 37500, 56250));
5;0.605468750000000;56250;9;1.26;((0, 75000), (18750, 37500, 56250));
5;0.607421875000000;56250;8;1.26;((0, 75000), (18750, 37500, 56250));
5;0.608398437500000;56250;2;1.21;((0, 75000), (18750, 37500, 56250));
5;0.607910156250000;56250;4;1.28;((0, 75000), (18750, 37500, 56250));
5;0.607666015625000;56250;3;1.20;((0, 75000), (18750, 37500, 56250));
5;0.607543945312500;56250;3;1.20;((0, 75000), (18750, 37500, 56250));
5;0.607482910156250;56250;4;1.28;((0, 75000), (18750, 37500, 56250));
5;0.607452392578125;56250;5;1.29;((0, 75000), (18750, 37500, 56250));
5;0.607437133789062;56250;4;1.23;((0, 75000), (18750, 37500, 56250));
5;0.607429504394531;56250;6;1.25;((0, 75000), (18750, 37500, 56250));
5;0.607433319091797;56250;3;1.16;((0, 75000), (18750, 37500, 56250));
5;0.607431411743164;56250;1;1.22;((0, 75000), (18750, 37500, 56250));
5;0.607430458068848;56250;6;1.31;((0, 75000), (18750, 37500, 56250));
5;0.500000000000000;9375;11;1.25;((0, 37500), (9375, 18750, 28125));
5;0.750000000000000;9375;11;1.67;((0, 37500), (9375, 18750, 28125));
5;0.875000000000000;9375;0;0.99;((0, 37500), (9375, 18750, 28125));
5;0.812500000000000;9375;11;1.73;((0, 37500), (9375, 18750, 28125));
5;0.843750000000000;9375;10;1.69;((0, 37500), (9375, 18750, 28125));
5;0.859375000000000;9375;0;0.93;((0, 37500), (9375, 18750, 28125));
5;0.851562500000000;9375;2;1.67;((0, 37500), (9375, 18750, 28125));
5;0.847656250000000;9375;8;1.67;((0, 37500), (9375, 18750, 28125));
5;0.849609375000000;9375;5;1.63;((0, 37500), (9375, 18750, 28125));
5;0.848632812500000;9375;8;1.71;((0, 37500), (9375, 18750, 28125));
5;0.849121093750000;9375;8;1.70;((0, 37500), (9375, 18750, 28125));
5;0.849365234375000;9375;4;1.80;((0, 37500), (9375, 18750, 28125));
5;0.849243164062500;9375;4;1.70;((0, 37500), (9375, 18750, 28125));
5;0.849182128906250;9375;3;1.65;((0, 37500), (9375, 18750, 28125));
5;0.849151611328125;9375;4;1.69;((0, 37500), (9375, 18750, 28125));
5;0.849136352539062;9375;6;1.71;((0, 37500), (9375, 18750, 28125));
5;0.849143981933594;9375;6;1.65;((0, 37500), (9375, 18750, 28125));
5;0.849147796630859;9375;5;1.67;((0, 37500), (9375, 18750, 28125));
5;0.849145889282227;9375;7;1.74;((0, 37500), (9375, 18750, 28125));
5;0.849146842956543;9375;4;1.70;((0, 37500), (9375, 18750, 28125));
5;0.500000000000000;28125;11;1.16;((0, 37500), (9375, 18750, 28125));
5;0.750000000000000;28125;0;0.83;((0, 37500), (9375, 18750, 28125));
5;0.625000000000000;28125;11;1.41;((0, 37500), (9375, 18750, 28125));
5;0.687500000000000;28125;0;0.77;((0, 37500), (9375, 18750, 28125));
5;0.656250000000000;28125;11;1.48;((0, 37500), (9375, 18750, 28125));
5;0.671875000000000;28125;0;0.85;((0, 37500), (9375, 18750, 28125));
5;0.664062500000000;28125;5;1.28;((0, 37500), (9375, 18750, 28125));
5;0.660156250000000;28125;8;1.37;((0, 37500), (9375, 18750, 28125));
5;0.662109375000000;28125;8;1.34;((0, 37500), (9375, 18750, 28125));
5;0.663085937500000;28125;6;1.38;((0, 37500), (9375, 18750, 28125));
5;0.663574218750000;28125;2;1.28;((0, 37500), (9375, 18750, 28125));
5;0.663330078125000;28125;2;1.28;((0, 37500), (9375, 18750, 28125));
5;0.663208007812500;28125;3;1.32;((0, 37500), (9375, 18750, 28125));
5;0.663146972656250;28125;6;1.33;((0, 37500), (9375, 18750, 28125));
5;0.663177490234375;28125;6;1.38;((0, 37500), (9375, 18750, 28125));
5;0.663192749023438;28125;5;1.34;((0, 37500), (9375, 18750, 28125));
5;0.663185119628906;28125;1;1.29;((0, 37500), (9375, 18750, 28125));
5;0.663181304931641;28125;6;1.31;((0, 37500), (9375, 18750, 28125));
5;0.663183212280273;28125;3;1.26;((0, 37500), (9375, 18750, 28125));
5;0.663182258605957;28125;5;1.38;((0, 37500), (9375, 18750, 28125));
5;0.500000000000000;4687;11;1.12;((0, 18750), (4687, 9374, 14061));
5;0.750000000000000;4687;11;1.52;((0, 18750), (4687, 9374, 14061));
5;0.875000000000000;4687;11;1.76;((0, 18750), (4687, 9374, 14061));
5;0.937500000000000;4687;0;0.84;((0, 18750), (4687, 9374, 14061));
5;0.906250000000000;4687;0;1.07;((0, 18750), (4687, 9374, 14061));
5;0.890625000000000;4687;10;1.76;((0, 18750), (4687, 9374, 14061));
5;0.898437500000000;4687;0;1.13;((0, 18750), (4687, 9374, 14061));
5;0.894531250000000;4687;3;1.66;((0, 18750), (4687, 9374, 14061));
5;0.892578125000000;4687;5;1.66;((0, 18750), (4687, 9374, 14061));
5;0.891601562500000;4687;5;1.72;((0, 18750), (4687, 9374, 14061));
5;0.891113281250000;4687;8;1.80;((0, 18750), (4687, 9374, 14061));
5;0.891357421875000;4687;8;1.74;((0, 18750), (4687, 9374, 14061));
5;0.891479492187500;4687;6;1.75;((0, 18750), (4687, 9374, 14061));
5;0.891540527343750;4687;8;1.73;((0, 18750), (4687, 9374, 14061));
5;0.891571044921875;4687;9;1.77;((0, 18750), (4687, 9374, 14061));
5;0.891586303710938;4687;4;1.73;((0, 18750), (4687, 9374, 14061));
5;0.891578674316406;4687;6;1.75;((0, 18750), (4687, 9374, 14061));
5;0.891582489013672;4687;9;1.75;((0, 18750), (4687, 9374, 14061));
5;0.891584396362305;4687;8;1.74;((0, 18750), (4687, 9374, 14061));
5;0.891585350036621;4687;7;1.73;((0, 18750), (4687, 9374, 14061));
5;0.500000000000000;9374;11;1.14;((0, 18750), (4687, 9374, 14061));
5;0.750000000000000;9374;11;1.60;((0, 18750), (4687, 9374, 14061));
5;0.875000000000000;9374;0;0.83;((0, 18750), (4687, 9374, 14061));
5;0.812500000000000;9374;11;1.75;((0, 18750), (4687, 9374, 14061));
5;0.843750000000000;9374;5;1.69;((0, 18750), (4687, 9374, 14061));
5;0.828125000000000;9374;11;1.75;((0, 18750), (4687, 9374, 14061));
5;0.835937500000000;9374;11;1.76;((0, 18750), (4687, 9374, 14061));
5;0.839843750000000;9374;9;1.69;((0, 18750), (4687, 9374, 14061));
5;0.841796875000000;9374;10;1.73;((0, 18750), (4687, 9374, 14061));
5;0.842773437500000;9374;8;1.69;((0, 18750), (4687, 9374, 14061));
5;0.843261718750000;9374;6;1.66;((0, 18750), (4687, 9374, 14061));
5;0.843505859375000;9374;6;1.64;((0, 18750), (4687, 9374, 14061));
5;0.843627929687500;9374;8;1.68;((0, 18750), (4687, 9374, 14061));
5;0.843688964843750;9374;6;1.63;((0, 18750), (4687, 9374, 14061));
5;0.843719482421875;9374;6;1.65;((0, 18750), (4687, 9374, 14061));
5;0.843734741210938;9374;4;1.62;((0, 18750), (4687, 9374, 14061));
5;0.843727111816406;9374;3;1.65;((0, 18750), (4687, 9374, 14061));
5;0.843723297119141;9374;7;1.65;((0, 18750), (4687, 9374, 14061));
5;0.843725204467773;9374;8;1.68;((0, 18750), (4687, 9374, 14061));
5;0.843726158142090;9374;5;1.64;((0, 18750), (4687, 9374, 14061));
5;0.500000000000000;14061;11;1.14;((0, 18750), (4687, 9374, 14061));
5;0.750000000000000;14061;11;1.62;((0, 18750), (4687, 9374, 14061));
5;0.875000000000000;14061;0;0.87;((0, 18750), (4687, 9374, 14061));
5;0.812500000000000;14061;0;0.89;((0, 18750), (4687, 9374, 14061));
5;0.781250000000000;14061;11;1.63;((0, 18750), (4687, 9374, 14061));
5;0.796875000000000;14061;4;1.57;((0, 18750), (4687, 9374, 14061));
5;0.789062500000000;14061;10;1.60;((0, 18750), (4687, 9374, 14061));
5;0.792968750000000;14061;11;1.64;((0, 18750), (4687, 9374, 14061));
5;0.794921875000000;14061;8;1.56;((0, 18750), (4687, 9374, 14061));
5;0.795898437500000;14061;5;1.59;((0, 18750), (4687, 9374, 14061));
5;0.795410156250000;14061;8;1.56;((0, 18750), (4687, 9374, 14061));
5;0.795654296875000;14061;9;1.58;((0, 18750), (4687, 9374, 14061));
5;0.795776367187500;14061;7;1.56;((0, 18750), (4687, 9374, 14061));
5;0.795837402343750;14061;8;1.58;((0, 18750), (4687, 9374, 14061));
5;0.795867919921875;14061;7;1.57;((0, 18750), (4687, 9374, 14061));
5;0.795883178710938;14061;7;1.57;((0, 18750), (4687, 9374, 14061));
5;0.795890808105469;14061;8;1.62;((0, 18750), (4687, 9374, 14061));
5;0.795894622802734;14061;7;1.56;((0, 18750), (4687, 9374, 14061));
5;0.795896530151367;14061;7;1.59;((0, 18750), (4687, 9374, 14061));
5;0.795897483825684;14061;6;1.56;((0, 18750), (4687, 9374, 14061));
5;0.500000000000000;2343;11;1.12;((0, 9374), (2343, 4686, 7029));
5;0.750000000000000;2343;11;1.58;((0, 9374), (2343, 4686, 7029));
5;0.875000000000000;2343;10;1.74;((0, 9374), (2343, 4686, 7029));
5;0.937500000000000;2343;0;0.82;((0, 9374), (2343, 4686, 7029));
5;0.906250000000000;2343;0;1.19;((0, 9374), (2343, 4686, 7029));
5;0.890625000000000;2343;10;1.78;((0, 9374), (2343, 4686, 7029));
5;0.898437500000000;2343;5;1.74;((0, 9374), (2343, 4686, 7029));
5;0.894531250000000;2343;7;1.71;((0, 9374), (2343, 4686, 7029));
5;0.896484375000000;2343;5;1.70;((0, 9374), (2343, 4686, 7029));
5;0.895507812500000;2343;6;1.76;((0, 9374), (2343, 4686, 7029));
5;0.895996093750000;2343;9;1.75;((0, 9374), (2343, 4686, 7029));
5;0.896240234375000;2343;6;1.75;((0, 9374), (2343, 4686, 7029));
5;0.896362304687500;2343;5;1.71;((0, 9374), (2343, 4686, 7029));
5;0.896301269531250;2343;8;1.75;((0, 9374), (2343, 4686, 7029));
5;0.896331787109375;2343;8;1.76;((0, 9374), (2343, 4686, 7029));
5;0.896347045898438;2343;9;1.79;((0, 9374), (2343, 4686, 7029));
5;0.896354675292969;2343;10;1.84;((0, 9374), (2343, 4686, 7029));
5;0.896358489990234;2343;6;1.69;((0, 9374), (2343, 4686, 7029));
5;0.896360397338867;2343;8;1.76;((0, 9374), (2343, 4686, 7029));
5;0.896361351013184;2343;5;1.74;((0, 9374), (2343, 4686, 7029));
5;0.500000000000000;4686;11;1.13;((0, 9374), (2343, 4686, 7029));
5;0.750000000000000;4686;11;1.60;((0, 9374), (2343, 4686, 7029));
5;0.875000000000000;4686;11;1.83;((0, 9374), (2343, 4686, 7029));
5;0.937500000000000;4686;0;0.84;((0, 9374), (2343, 4686, 7029));
5;0.906250000000000;4686;0;1.04;((0, 9374), (2343, 4686, 7029));
5;0.890625000000000;4686;8;1.74;((0, 9374), (2343, 4686, 7029));
5;0.898437500000000;4686;3;1.69;((0, 9374), (2343, 4686, 7029));
5;0.894531250000000;4686;2;1.64;((0, 9374), (2343, 4686, 7029));
5;0.892578125000000;4686;7;1.73;((0, 9374), (2343, 4686, 7029));
5;0.893554687500000;4686;1;1.65;((0, 9374), (2343, 4686, 7029));
5;0.893066406250000;4686;3;1.67;((0, 9374), (2343, 4686, 7029));
5;0.892822265625000;4686;8;1.72;((0, 9374), (2343, 4686, 7029));
5;0.892944335937500;4686;6;1.74;((0, 9374), (2343, 4686, 7029));
5;0.893005371093750;4686;7;1.80;((0, 9374), (2343, 4686, 7029));
5;0.893035888671875;4686;6;1.81;((0, 9374), (2343, 4686, 7029));
5;0.893051147460938;4686;2;1.72;((0, 9374), (2343, 4686, 7029));
5;0.893043518066406;4686;4;1.78;((0, 9374), (2343, 4686, 7029));
5;0.893039703369141;4686;6;1.81;((0, 9374), (2343, 4686, 7029));
5;0.893041610717773;4686;8;1.76;((0, 9374), (2343, 4686, 7029));
5;0.893042564392090;4686;6;1.71;((0, 9374), (2343, 4686, 7029));
5;0.500000000000000;7029;11;1.14;((0, 9374), (2343, 4686, 7029));
5;0.750000000000000;7029;11;1.61;((0, 9374), (2343, 4686, 7029));
5;0.875000000000000;7029;4;1.64;((0, 9374), (2343, 4686, 7029));
5;0.812500000000000;7029;11;1.69;((0, 9374), (2343, 4686, 7029));
5;0.843750000000000;7029;11;1.86;((0, 9374), (2343, 4686, 7029));
5;0.859375000000000;7029;11;1.78;((0, 9374), (2343, 4686, 7029));
5;0.867187500000000;7029;11;1.79;((0, 9374), (2343, 4686, 7029));
5;0.871093750000000;7029;10;1.79;((0, 9374), (2343, 4686, 7029));
5;0.873046875000000;7029;6;1.68;((0, 9374), (2343, 4686, 7029));
5;0.874023437500000;7029;5;1.67;((0, 9374), (2343, 4686, 7029));
5;0.873535156250000;7029;7;1.71;((0, 9374), (2343, 4686, 7029));
5;0.873779296875000;7029;9;1.75;((0, 9374), (2343, 4686, 7029));
5;0.873901367187500;7029;5;1.65;((0, 9374), (2343, 4686, 7029));
5;0.873840332031250;7029;8;1.72;((0, 9374), (2343, 4686, 7029));
5;0.873870849609375;7029;4;1.68;((0, 9374), (2343, 4686, 7029));
5;0.873855590820312;7029;6;1.74;((0, 9374), (2343, 4686, 7029));
5;0.873863220214844;7029;5;1.70;((0, 9374), (2343, 4686, 7029));
5;0.873859405517578;7029;4;1.76;((0, 9374), (2343, 4686, 7029));
5;0.873857498168945;7029;4;1.64;((0, 9374), (2343, 4686, 7029));
5;0.873856544494629;7029;5;1.66;((0, 9374), (2343, 4686, 7029));
5;0.500000000000000;1171;11;1.10;((0, 4686), (1171, 2342, 3513));
5;0.750000000000000;1171;11;1.59;((0, 4686), (1171, 2342, 3513));
5;0.875000000000000;1171;6;1.73;((0, 4686), (1171, 2342, 3513));
5;0.937500000000000;1171;0;0.82;((0, 4686), (1171, 2342, 3513));
5;0.906250000000000;1171;0;0.94;((0, 4686), (1171, 2342, 3513));
5;0.890625000000000;1171;1;1.69;((0, 4686), (1171, 2342, 3513));
5;0.882812500000000;1171;4;1.63;((0, 4686), (1171, 2342, 3513));
5;0.878906250000000;1171;4;1.65;((0, 4686), (1171, 2342, 3513));
5;0.876953125000000;1171;7;1.68;((0, 4686), (1171, 2342, 3513));
5;0.877929687500000;1171;5;1.65;((0, 4686), (1171, 2342, 3513));
5;0.877441406250000;1171;6;1.64;((0, 4686), (1171, 2342, 3513));
5;0.877685546875000;1171;8;1.69;((0, 4686), (1171, 2342, 3513));
5;0.877807617187500;1171;5;1.69;((0, 4686), (1171, 2342, 3513));
5;0.877746582031250;1171;5;1.67;((0, 4686), (1171, 2342, 3513));
5;0.877716064453125;1171;7;1.67;((0, 4686), (1171, 2342, 3513));
5;0.877731323242188;1171;5;1.76;((0, 4686), (1171, 2342, 3513));
5;0.877723693847656;1171;6;1.77;((0, 4686), (1171, 2342, 3513));
5;0.877727508544922;1171;7;1.85;((0, 4686), (1171, 2342, 3513));
5;0.877729415893555;1171;8;1.72;((0, 4686), (1171, 2342, 3513));
5;0.877730369567871;1171;5;1.80;((0, 4686), (1171, 2342, 3513));
5;0.500000000000000;2342;11;1.17;((0, 4686), (1171, 2342, 3513));
5;0.750000000000000;2342;11;1.60;((0, 4686), (1171, 2342, 3513));
5;0.875000000000000;2342;11;1.94;((0, 4686), (1171, 2342, 3513));
5;0.937500000000000;2342;0;0.85;((0, 4686), (1171, 2342, 3513));
5;0.906250000000000;2342;0;1.03;((0, 4686), (1171, 2342, 3513));
5;0.890625000000000;2342;5;1.71;((0, 4686), (1171, 2342, 3513));
5;0.882812500000000;2342;9;1.77;((0, 4686), (1171, 2342, 3513));
5;0.886718750000000;2342;7;1.76;((0, 4686), (1171, 2342, 3513));
5;0.888671875000000;2342;6;1.65;((0, 4686), (1171, 2342, 3513));
5;0.889648437500000;2342;7;1.68;((0, 4686), (1171, 2342, 3513));
5;0.890136718750000;2342;5;2.18;((0, 4686), (1171, 2342, 3513));
5;0.889892578125000;2342;4;1.73;((0, 4686), (1171, 2342, 3513));
5;0.889770507812500;2342;6;1.81;((0, 4686), (1171, 2342, 3513));
5;0.889831542968750;2342;6;1.75;((0, 4686), (1171, 2342, 3513));
5;0.889862060546875;2342;4;1.70;((0, 4686), (1171, 2342, 3513));
5;0.889846801757812;2342;6;1.79;((0, 4686), (1171, 2342, 3513));
5;0.889854431152344;2342;5;1.71;((0, 4686), (1171, 2342, 3513));
5;0.889850616455078;2342;6;1.76;((0, 4686), (1171, 2342, 3513));
5;0.889852523803711;2342;5;1.73;((0, 4686), (1171, 2342, 3513));
5;0.889851570129395;2342;9;1.99;((0, 4686), (1171, 2342, 3513));
5;0.500000000000000;3513;11;1.20;((0, 4686), (1171, 2342, 3513));
5;0.750000000000000;3513;11;1.68;((0, 4686), (1171, 2342, 3513));
5;0.875000000000000;3513;11;1.98;((0, 4686), (1171, 2342, 3513));
5;0.937500000000000;3513;0;0.90;((0, 4686), (1171, 2342, 3513));
5;0.906250000000000;3513;0;1.21;((0, 4686), (1171, 2342, 3513));
5;0.890625000000000;3513;9;1.71;((0, 4686), (1171, 2342, 3513));
5;0.898437500000000;3513;5;1.79;((0, 4686), (1171, 2342, 3513));
5;0.894531250000000;3513;9;1.82;((0, 4686), (1171, 2342, 3513));
5;0.896484375000000;3513;6;1.68;((0, 4686), (1171, 2342, 3513));
5;0.897460937500000;3513;8;1.70;((0, 4686), (1171, 2342, 3513));
5;0.897949218750000;3513;7;1.69;((0, 4686), (1171, 2342, 3513));
5;0.898193359375000;3513;5;1.82;((0, 4686), (1171, 2342, 3513));
5;0.898071289062500;3513;8;1.76;((0, 4686), (1171, 2342, 3513));
5;0.898132324218750;3513;8;1.83;((0, 4686), (1171, 2342, 3513));
5;0.898162841796875;3513;6;1.76;((0, 4686), (1171, 2342, 3513));
5;0.898178100585938;3513;4;1.76;((0, 4686), (1171, 2342, 3513));
5;0.898170471191406;3513;4;1.74;((0, 4686), (1171, 2342, 3513));
5;0.898166656494141;3513;6;1.76;((0, 4686), (1171, 2342, 3513));
5;0.898168563842773;3513;8;1.79;((0, 4686), (1171, 2342, 3513));
5;0.898169517517090;3513;5;1.78;((0, 4686), (1171, 2342, 3513));
5;0.500000000000000;2928;11;1.16;((2342, 4686), (2928, 3514, 4100));
5;0.750000000000000;2928;11;1.54;((2342, 4686), (2928, 3514, 4100));
5;0.875000000000000;2928;11;1.80;((2342, 4686), (2928, 3514, 4100));
5;0.937500000000000;2928;0;0.83;((2342, 4686), (2928, 3514, 4100));
5;0.906250000000000;2928;1;1.63;((2342, 4686), (2928, 3514, 4100));
5;0.890625000000000;2928;10;1.70;((2342, 4686), (2928, 3514, 4100));
5;0.898437500000000;2928;9;1.74;((2342, 4686), (2928, 3514, 4100));
5;0.902343750000000;2928;3;1.68;((2342, 4686), (2928, 3514, 4100));
5;0.900390625000000;2928;4;1.65;((2342, 4686), (2928, 3514, 4100));
5;0.899414062500000;2928;7;1.73;((2342, 4686), (2928, 3514, 4100));
5;0.899902343750000;2928;6;1.76;((2342, 4686), (2928, 3514, 4100));
5;0.900146484375000;2928;5;1.68;((2342, 4686), (2928, 3514, 4100));
5;0.900024414062500;2928;7;1.68;((2342, 4686), (2928, 3514, 4100));
5;0.900085449218750;2928;7;1.66;((2342, 4686), (2928, 3514, 4100));
5;0.900115966796875;2928;5;1.68;((2342, 4686), (2928, 3514, 4100));
5;0.900100708007812;2928;2;1.68;((2342, 4686), (2928, 3514, 4100));
5;0.900093078613281;2928;6;1.75;((2342, 4686), (2928, 3514, 4100));
5;0.900096893310547;2928;5;1.75;((2342, 4686), (2928, 3514, 4100));
5;0.900094985961914;2928;7;1.79;((2342, 4686), (2928, 3514, 4100));
5;0.900095939636230;2928;5;1.99;((2342, 4686), (2928, 3514, 4100));
5;0.500000000000000;3514;11;1.12;((2342, 4686), (2928, 3514, 4100));
5;0.750000000000000;3514;11;1.60;((2342, 4686), (2928, 3514, 4100));
5;0.875000000000000;3514;10;1.79;((2342, 4686), (2928, 3514, 4100));
5;0.937500000000000;3514;0;0.83;((2342, 4686), (2928, 3514, 4100));
5;0.906250000000000;3514;0;0.98;((2342, 4686), (2928, 3514, 4100));
5;0.890625000000000;3514;4;1.62;((2342, 4686), (2928, 3514, 4100));
5;0.882812500000000;3514;6;1.63;((2342, 4686), (2928, 3514, 4100));
5;0.886718750000000;3514;8;1.72;((2342, 4686), (2928, 3514, 4100));
5;0.888671875000000;3514;8;1.73;((2342, 4686), (2928, 3514, 4100));
5;0.889648437500000;3514;8;1.86;((2342, 4686), (2928, 3514, 4100));
5;0.890136718750000;3514;5;1.80;((2342, 4686), (2928, 3514, 4100));
5;0.889892578125000;3514;9;1.85;((2342, 4686), (2928, 3514, 4100));
5;0.890014648437500;3514;5;1.79;((2342, 4686), (2928, 3514, 4100));
5;0.889953613281250;3514;6;1.74;((2342, 4686), (2928, 3514, 4100));
5;0.889984130859375;3514;9;1.82;((2342, 4686), (2928, 3514, 4100));
5;0.889999389648438;3514;7;1.79;((2342, 4686), (2928, 3514, 4100));
5;0.890007019042969;3514;6;1.74;((2342, 4686), (2928, 3514, 4100));
5;0.890010833740234;3514;7;1.79;((2342, 4686), (2928, 3514, 4100));
5;0.890012741088867;3514;8;1.86;((2342, 4686), (2928, 3514, 4100));
5;0.890013694763184;3514;8;1.74;((2342, 4686), (2928, 3514, 4100));
5;0.500000000000000;4100;11;1.19;((2342, 4686), (2928, 3514, 4100));
5;0.750000000000000;4100;11;1.71;((2342, 4686), (2928, 3514, 4100));
5;0.875000000000000;4100;11;1.89;((2342, 4686), (2928, 3514, 4100));
5;0.937500000000000;4100;0;0.81;((2342, 4686), (2928, 3514, 4100));
5;0.906250000000000;4100;0;1.02;((2342, 4686), (2928, 3514, 4100));
5;0.890625000000000;4100;3;1.70;((2342, 4686), (2928, 3514, 4100));
5;0.882812500000000;4100;9;1.74;((2342, 4686), (2928, 3514, 4100));
5;0.886718750000000;4100;7;1.83;((2342, 4686), (2928, 3514, 4100));
5;0.888671875000000;4100;7;1.77;((2342, 4686), (2928, 3514, 4100));
5;0.889648437500000;4100;10;1.94;((2342, 4686), (2928, 3514, 4100));
5;0.890136718750000;4100;6;1.73;((2342, 4686), (2928, 3514, 4100));
5;0.890380859375000;4100;5;1.71;((2342, 4686), (2928, 3514, 4100));
5;0.890258789062500;4100;4;1.71;((2342, 4686), (2928, 3514, 4100));
5;0.890197753906250;4100;5;1.67;((2342, 4686), (2928, 3514, 4100));
5;0.890167236328125;4100;5;1.72;((2342, 4686), (2928, 3514, 4100));
5;0.890151977539062;4100;6;1.75;((2342, 4686), (2928, 3514, 4100));
5;0.890159606933594;4100;3;1.71;((2342, 4686), (2928, 3514, 4100));
5;0.890155792236328;4100;5;1.79;((2342, 4686), (2928, 3514, 4100));
5;0.890153884887695;4100;7;1.80;((2342, 4686), (2928, 3514, 4100));
5;0.890154838562012;4100;3;1.70;((2342, 4686), (2928, 3514, 4100));
5;0.500000000000000;2635;11;1.16;((2342, 3514), (2635, 2928, 3221));
5;0.750000000000000;2635;11;1.62;((2342, 3514), (2635, 2928, 3221));
5;0.875000000000000;2635;11;1.91;((2342, 3514), (2635, 2928, 3221));
5;0.937500000000000;2635;0;0.95;((2342, 3514), (2635, 2928, 3221));
5;0.906250000000000;2635;0;1.14;((2342, 3514), (2635, 2928, 3221));
5;0.890625000000000;2635;10;1.80;((2342, 3514), (2635, 2928, 3221));
5;0.898437500000000;2635;7;1.70;((2342, 3514), (2635, 2928, 3221));
5;0.902343750000000;2635;4;1.73;((2342, 3514), (2635, 2928, 3221));
5;0.900390625000000;2635;6;1.73;((2342, 3514), (2635, 2928, 3221));
5;0.901367187500000;2635;3;1.70;((2342, 3514), (2635, 2928, 3221));
5;0.900878906250000;2635;6;1.71;((2342, 3514), (2635, 2928, 3221));
5;0.901123046875000;2635;6;1.79;((2342, 3514), (2635, 2928, 3221));
5;0.901245117187500;2635;5;1.83;((2342, 3514), (2635, 2928, 3221));
5;0.901184082031250;2635;1;1.67;((2342, 3514), (2635, 2928, 3221));
5;0.901153564453125;2635;6;1.75;((2342, 3514), (2635, 2928, 3221));
5;0.901168823242188;2635;4;1.76;((2342, 3514), (2635, 2928, 3221));
5;0.901161193847656;2635;5;1.72;((2342, 3514), (2635, 2928, 3221));
5;0.901157379150391;2635;3;1.67;((2342, 3514), (2635, 2928, 3221));
5;0.901155471801758;2635;4;1.66;((2342, 3514), (2635, 2928, 3221));
5;0.901154518127441;2635;1;1.65;((2342, 3514), (2635, 2928, 3221));
5;0.500000000000000;3221;11;1.22;((2342, 3514), (2635, 2928, 3221));
5;0.750000000000000;3221;11;1.71;((2342, 3514), (2635, 2928, 3221));
5;0.875000000000000;3221;11;2.00;((2342, 3514), (2635, 2928, 3221));
5;0.937500000000000;3221;0;0.93;((2342, 3514), (2635, 2928, 3221));
5;0.906250000000000;3221;1;1.65;((2342, 3514), (2635, 2928, 3221));
5;0.890625000000000;3221;11;1.94;((2342, 3514), (2635, 2928, 3221));
5;0.898437500000000;3221;8;1.83;((2342, 3514), (2635, 2928, 3221));
5;0.902343750000000;3221;3;1.74;((2342, 3514), (2635, 2928, 3221));
5;0.900390625000000;3221;2;1.71;((2342, 3514), (2635, 2928, 3221));
5;0.899414062500000;3221;5;1.80;((2342, 3514), (2635, 2928, 3221));
5;0.898925781250000;3221;6;1.81;((2342, 3514), (2635, 2928, 3221));
5;0.899169921875000;3221;7;1.78;((2342, 3514), (2635, 2928, 3221));
5;0.899291992187500;3221;4;1.71;((2342, 3514), (2635, 2928, 3221));
5;0.899230957031250;3221;5;1.67;((2342, 3514), (2635, 2928, 3221));
5;0.899200439453125;3221;7;1.73;((2342, 3514), (2635, 2928, 3221));
5;0.899215698242188;3221;3;1.77;((2342, 3514), (2635, 2928, 3221));
5;0.899208068847656;3221;4;1.67;((2342, 3514), (2635, 2928, 3221));
5;0.899204254150391;3221;6;1.80;((2342, 3514), (2635, 2928, 3221));
5;0.899206161499023;3221;7;1.84;((2342, 3514), (2635, 2928, 3221));
5;0.899207115173340;3221;6;1.79;((2342, 3514), (2635, 2928, 3221));
5;0.500000000000000;2488;11;1.12;((2342, 2928), (2488, 2634, 2780));
5;0.750000000000000;2488;11;1.62;((2342, 2928), (2488, 2634, 2780));
5;0.875000000000000;2488;11;1.77;((2342, 2928), (2488, 2634, 2780));
5;0.937500000000000;2488;0;0.86;((2342, 2928), (2488, 2634, 2780));
5;0.906250000000000;2488;2;1.70;((2342, 2928), (2488, 2634, 2780));
5;0.890625000000000;2488;8;1.76;((2342, 2928), (2488, 2634, 2780));
5;0.898437500000000;2488;7;1.71;((2342, 2928), (2488, 2634, 2780));
5;0.902343750000000;2488;3;1.64;((2342, 2928), (2488, 2634, 2780));
5;0.900390625000000;2488;2;1.67;((2342, 2928), (2488, 2634, 2780));
5;0.899414062500000;2488;7;1.75;((2342, 2928), (2488, 2634, 2780));
5;0.899902343750000;2488;4;1.65;((2342, 2928), (2488, 2634, 2780));
5;0.899658203125000;2488;5;1.68;((2342, 2928), (2488, 2634, 2780));
5;0.899536132812500;2488;5;1.71;((2342, 2928), (2488, 2634, 2780));
5;0.899475097656250;2488;8;1.73;((2342, 2928), (2488, 2634, 2780));
5;0.899505615234375;2488;6;1.75;((2342, 2928), (2488, 2634, 2780));
5;0.899520874023438;2488;4;1.71;((2342, 2928), (2488, 2634, 2780));
5;0.899513244628906;2488;4;1.67;((2342, 2928), (2488, 2634, 2780));
5;0.899509429931641;2488;7;1.80;((2342, 2928), (2488, 2634, 2780));
5;0.899511337280273;2488;6;1.78;((2342, 2928), (2488, 2634, 2780));
5;0.899512290954590;2488;5;1.66;((2342, 2928), (2488, 2634, 2780));
5;0.500000000000000;2634;11;1.06;((2342, 2928), (2488, 2634, 2780));
5;0.750000000000000;2634;11;1.57;((2342, 2928), (2488, 2634, 2780));
5;0.875000000000000;2634;10;1.77;((2342, 2928), (2488, 2634, 2780));
5;0.937500000000000;2634;0;0.80;((2342, 2928), (2488, 2634, 2780));
5;0.906250000000000;2634;0;0.99;((2342, 2928), (2488, 2634, 2780));
5;0.890625000000000;2634;6;1.58;((2342, 2928), (2488, 2634, 2780));
5;0.898437500000000;2634;3;1.81;((2342, 2928), (2488, 2634, 2780));
5;0.894531250000000;2634;5;1.61;((2342, 2928), (2488, 2634, 2780));
5;0.892578125000000;2634;9;1.63;((2342, 2928), (2488, 2634, 2780));
5;0.893554687500000;2634;6;1.66;((2342, 2928), (2488, 2634, 2780));
5;0.894042968750000;2634;3;1.67;((2342, 2928), (2488, 2634, 2780));
5;0.893798828125000;2634;3;1.60;((2342, 2928), (2488, 2634, 2780));
5;0.893676757812500;2634;6;1.64;((2342, 2928), (2488, 2634, 2780));
5;0.893737792968750;2634;6;1.63;((2342, 2928), (2488, 2634, 2780));
5;0.893768310546875;2634;5;1.61;((2342, 2928), (2488, 2634, 2780));
5;0.893753051757812;2634;2;1.57;((2342, 2928), (2488, 2634, 2780));
5;0.893745422363281;2634;4;1.56;((2342, 2928), (2488, 2634, 2780));
5;0.893741607666016;2634;6;1.64;((2342, 2928), (2488, 2634, 2780));
5;0.893743515014648;2634;5;1.64;((2342, 2928), (2488, 2634, 2780));
5;0.893742561340332;2634;7;1.66;((2342, 2928), (2488, 2634, 2780));
5;0.500000000000000;2780;11;1.01;((2342, 2928), (2488, 2634, 2780));
5;0.750000000000000;2780;11;1.51;((2342, 2928), (2488, 2634, 2780));
5;0.875000000000000;2780;11;1.63;((2342, 2928), (2488, 2634, 2780));
5;0.937500000000000;2780;0;0.79;((2342, 2928), (2488, 2634, 2780));
5;0.906250000000000;2780;0;1.06;((2342, 2928), (2488, 2634, 2780));
5;0.890625000000000;2780;6;1.63;((2342, 2928), (2488, 2634, 2780));
5;0.898437500000000;2780;1;1.58;((2342, 2928), (2488, 2634, 2780));
5;0.894531250000000;2780;6;1.58;((2342, 2928), (2488, 2634, 2780));
5;0.896484375000000;2780;3;1.58;((2342, 2928), (2488, 2634, 2780));
5;0.895507812500000;2780;3;1.59;((2342, 2928), (2488, 2634, 2780));
5;0.895019531250000;2780;5;1.63;((2342, 2928), (2488, 2634, 2780));
5;0.894775390625000;2780;4;1.60;((2342, 2928), (2488, 2634, 2780));
5;0.894653320312500;2780;4;1.59;((2342, 2928), (2488, 2634, 2780));
5;0.894592285156250;2780;4;1.63;((2342, 2928), (2488, 2634, 2780));
5;0.894561767578125;2780;4;1.61;((2342, 2928), (2488, 2634, 2780));
5;0.894546508789062;2780;1;1.56;((2342, 2928), (2488, 2634, 2780));
5;0.894538879394531;2780;3;1.62;((2342, 2928), (2488, 2634, 2780));
5;0.894535064697266;2780;4;1.59;((2342, 2928), (2488, 2634, 2780));
5;0.894533157348633;2780;6;1.62;((2342, 2928), (2488, 2634, 2780));
5;0.894534111022949;2780;5;1.63;((2342, 2928), (2488, 2634, 2780));
5;0.500000000000000;2415;11;1.07;((2342, 2634), (2415, 2488, 2561));
5;0.750000000000000;2415;11;1.41;((2342, 2634), (2415, 2488, 2561));
5;0.875000000000000;2415;11;1.58;((2342, 2634), (2415, 2488, 2561));
5;0.937500000000000;2415;0;0.84;((2342, 2634), (2415, 2488, 2561));
5;0.906250000000000;2415;4;1.61;((2342, 2634), (2415, 2488, 2561));
5;0.890625000000000;2415;10;1.64;((2342, 2634), (2415, 2488, 2561));
5;0.898437500000000;2415;4;1.63;((2342, 2634), (2415, 2488, 2561));
5;0.894531250000000;2415;9;1.70;((2342, 2634), (2415, 2488, 2561));
5;0.896484375000000;2415;7;1.60;((2342, 2634), (2415, 2488, 2561));
5;0.897460937500000;2415;5;1.64;((2342, 2634), (2415, 2488, 2561));
5;0.896972656250000;2415;6;1.70;((2342, 2634), (2415, 2488, 2561));
5;0.897216796875000;2415;5;1.57;((2342, 2634), (2415, 2488, 2561));
5;0.897094726562500;2415;6;1.66;((2342, 2634), (2415, 2488, 2561));
5;0.897155761718750;2415;8;1.66;((2342, 2634), (2415, 2488, 2561));
5;0.897186279296875;2415;6;1.63;((2342, 2634), (2415, 2488, 2561));
5;0.897201538085938;2415;6;1.61;((2342, 2634), (2415, 2488, 2561));
5;0.897209167480469;2415;9;1.66;((2342, 2634), (2415, 2488, 2561));
5;0.897212982177734;2415;7;1.67;((2342, 2634), (2415, 2488, 2561));
5;0.897214889526367;2415;9;1.69;((2342, 2634), (2415, 2488, 2561));
5;0.897215843200684;2415;6;1.62;((2342, 2634), (2415, 2488, 2561));
5;0.500000000000000;2561;11;1.02;((2342, 2634), (2415, 2488, 2561));
5;0.750000000000000;2561;11;1.44;((2342, 2634), (2415, 2488, 2561));
5;0.875000000000000;2561;11;1.65;((2342, 2634), (2415, 2488, 2561));
5;0.937500000000000;2561;0;0.88;((2342, 2634), (2415, 2488, 2561));
5;0.906250000000000;2561;0;1.11;((2342, 2634), (2415, 2488, 2561));
5;0.890625000000000;2561;8;1.62;((2342, 2634), (2415, 2488, 2561));
5;0.898437500000000;2561;7;1.63;((2342, 2634), (2415, 2488, 2561));
5;0.902343750000000;2561;6;1.67;((2342, 2634), (2415, 2488, 2561));
5;0.904296875000000;2561;6;1.65;((2342, 2634), (2415, 2488, 2561));
5;0.905273437500000;2561;2;1.57;((2342, 2634), (2415, 2488, 2561));
5;0.904785156250000;2561;2;1.62;((2342, 2634), (2415, 2488, 2561));
5;0.904541015625000;2561;2;1.58;((2342, 2634), (2415, 2488, 2561));
5;0.904418945312500;2561;1;1.55;((2342, 2634), (2415, 2488, 2561));
5;0.904357910156250;2561;1;1.60;((2342, 2634), (2415, 2488, 2561));
5;0.904327392578125;2561;2;1.60;((2342, 2634), (2415, 2488, 2561));
5;0.904312133789062;2561;4;1.61;((2342, 2634), (2415, 2488, 2561));
5;0.904304504394531;2561;6;1.60;((2342, 2634), (2415, 2488, 2561));
5;0.904308319091797;2561;4;1.65;((2342, 2634), (2415, 2488, 2561));
5;0.904306411743164;2561;1;1.57;((2342, 2634), (2415, 2488, 2561));
5;0.904305458068848;2561;2;1.62;((2342, 2634), (2415, 2488, 2561));
5;0.500000000000000;2524;11;1.05;((2488, 2634), (2524, 2560, 2596));
5;0.750000000000000;2524;11;1.40;((2488, 2634), (2524, 2560, 2596));
5;0.875000000000000;2524;11;1.64;((2488, 2634), (2524, 2560, 2596));
5;0.937500000000000;2524;0;0.75;((2488, 2634), (2524, 2560, 2596));
5;0.906250000000000;2524;0;1.02;((2488, 2634), (2524, 2560, 2596));
5;0.890625000000000;2524;9;1.63;((2488, 2634), (2524, 2560, 2596));
5;0.898437500000000;2524;2;1.59;((2488, 2634), (2524, 2560, 2596));
5;0.894531250000000;2524;8;1.61;((2488, 2634), (2524, 2560, 2596));
5;0.896484375000000;2524;2;1.65;((2488, 2634), (2524, 2560, 2596));
5;0.895507812500000;2524;2;1.53;((2488, 2634), (2524, 2560, 2596));
5;0.895019531250000;2524;2;1.58;((2488, 2634), (2524, 2560, 2596));
5;0.894775390625000;2524;4;1.60;((2488, 2634), (2524, 2560, 2596));
5;0.894653320312500;2524;2;1.56;((2488, 2634), (2524, 2560, 2596));
5;0.894592285156250;2524;4;1.59;((2488, 2634), (2524, 2560, 2596));
5;0.894561767578125;2524;5;1.64;((2488, 2634), (2524, 2560, 2596));
5;0.894546508789062;2524;5;1.60;((2488, 2634), (2524, 2560, 2596));
5;0.894538879394531;2524;5;1.62;((2488, 2634), (2524, 2560, 2596));
5;0.894535064697266;2524;3;1.63;((2488, 2634), (2524, 2560, 2596));
5;0.894533157348633;2524;6;1.60;((2488, 2634), (2524, 2560, 2596));
5;0.894534111022949;2524;2;1.58;((2488, 2634), (2524, 2560, 2596));
5;0.500000000000000;2560;11;1.03;((2488, 2634), (2524, 2560, 2596));
5;0.750000000000000;2560;11;1.47;((2488, 2634), (2524, 2560, 2596));
5;0.875000000000000;2560;11;1.66;((2488, 2634), (2524, 2560, 2596));
5;0.937500000000000;2560;0;0.73;((2488, 2634), (2524, 2560, 2596));
5;0.906250000000000;2560;0;1.07;((2488, 2634), (2524, 2560, 2596));
5;0.890625000000000;2560;4;1.74;((2488, 2634), (2524, 2560, 2596));
5;0.882812500000000;2560;8;1.61;((2488, 2634), (2524, 2560, 2596));
5;0.886718750000000;2560;7;1.65;((2488, 2634), (2524, 2560, 2596));
5;0.888671875000000;2560;9;1.67;((2488, 2634), (2524, 2560, 2596));
5;0.889648437500000;2560;10;1.70;((2488, 2634), (2524, 2560, 2596));
5;0.890136718750000;2560;8;1.59;((2488, 2634), (2524, 2560, 2596));
5;0.890380859375000;2560;4;1.59;((2488, 2634), (2524, 2560, 2596));
5;0.890258789062500;2560;7;1.64;((2488, 2634), (2524, 2560, 2596));
5;0.890319824218750;2560;5;1.60;((2488, 2634), (2524, 2560, 2596));
5;0.890289306640625;2560;7;1.62;((2488, 2634), (2524, 2560, 2596));
5;0.890304565429688;2560;6;1.67;((2488, 2634), (2524, 2560, 2596));
5;0.890312194824219;2560;6;1.58;((2488, 2634), (2524, 2560, 2596));
5;0.890316009521484;2560;8;1.62;((2488, 2634), (2524, 2560, 2596));
5;0.890317916870117;2560;5;1.64;((2488, 2634), (2524, 2560, 2596));
5;0.890316963195801;2560;6;1.61;((2488, 2634), (2524, 2560, 2596));
5;0.500000000000000;2596;11;1.00;((2488, 2634), (2524, 2560, 2596));
5;0.750000000000000;2596;11;1.44;((2488, 2634), (2524, 2560, 2596));
5;0.875000000000000;2596;11;1.70;((2488, 2634), (2524, 2560, 2596));
5;0.937500000000000;2596;0;0.79;((2488, 2634), (2524, 2560, 2596));
5;0.906250000000000;2596;2;1.60;((2488, 2634), (2524, 2560, 2596));
5;0.890625000000000;2596;11;1.73;((2488, 2634), (2524, 2560, 2596));
5;0.898437500000000;2596;6;1.63;((2488, 2634), (2524, 2560, 2596));
5;0.902343750000000;2596;2;1.66;((2488, 2634), (2524, 2560, 2596));
5;0.900390625000000;2596;6;1.59;((2488, 2634), (2524, 2560, 2596));
5;0.901367187500000;2596;6;1.63;((2488, 2634), (2524, 2560, 2596));
5;0.901855468750000;2596;2;1.60;((2488, 2634), (2524, 2560, 2596));
5;0.901611328125000;2596;4;1.62;((2488, 2634), (2524, 2560, 2596));
5;0.901489257812500;2596;6;1.68;((2488, 2634), (2524, 2560, 2596));
5;0.901550292968750;2596;6;1.59;((2488, 2634), (2524, 2560, 2596));
5;0.901580810546875;2596;5;1.62;((2488, 2634), (2524, 2560, 2596));
5;0.901565551757812;2596;4;1.69;((2488, 2634), (2524, 2560, 2596));
5;0.901557922363281;2596;4;1.58;((2488, 2634), (2524, 2560, 2596));
5;0.901554107666016;2596;4;1.61;((2488, 2634), (2524, 2560, 2596));
5;0.901552200317383;2596;5;1.63;((2488, 2634), (2524, 2560, 2596));
5;0.901551246643066;2596;4;1.61;((2488, 2634), (2524, 2560, 2596));
5;0.500000000000000;2578;11;1.01;((2560, 2634), (2578, 2596, 2614));
5;0.750000000000000;2578;11;1.40;((2560, 2634), (2578, 2596, 2614));
5;0.875000000000000;2578;11;1.71;((2560, 2634), (2578, 2596, 2614));
5;0.937500000000000;2578;0;0.79;((2560, 2634), (2578, 2596, 2614));
5;0.906250000000000;2578;4;1.62;((2560, 2634), (2578, 2596, 2614));
5;0.890625000000000;2578;9;1.62;((2560, 2634), (2578, 2596, 2614));
5;0.898437500000000;2578;4;1.63;((2560, 2634), (2578, 2596, 2614));
5;0.894531250000000;2578;8;1.61;((2560, 2634), (2578, 2596, 2614));
5;0.896484375000000;2578;8;1.61;((2560, 2634), (2578, 2596, 2614));
5;0.897460937500000;2578;4;2.01;((2560, 2634), (2578, 2596, 2614));
5;0.896972656250000;2578;8;1.61;((2560, 2634), (2578, 2596, 2614));
5;0.897216796875000;2578;6;1.61;((2560, 2634), (2578, 2596, 2614));
5;0.897338867187500;2578;9;1.69;((2560, 2634), (2578, 2596, 2614));
5;0.897399902343750;2578;5;1.67;((2560, 2634), (2578, 2596, 2614));
5;0.897369384765625;2578;5;1.60;((2560, 2634), (2578, 2596, 2614));
5;0.897354125976562;2578;8;1.68;((2560, 2634), (2578, 2596, 2614));
5;0.897361755371094;2578;5;1.59;((2560, 2634), (2578, 2596, 2614));
5;0.897357940673828;2578;6;1.58;((2560, 2634), (2578, 2596, 2614));
5;0.897359848022461;2578;5;1.65;((2560, 2634), (2578, 2596, 2614));
5;0.897358894348145;2578;5;1.62;((2560, 2634), (2578, 2596, 2614));
5;0.500000000000000;2614;11;1.10;((2560, 2634), (2578, 2596, 2614));
5;0.750000000000000;2614;11;1.43;((2560, 2634), (2578, 2596, 2614));
5;0.875000000000000;2614;11;1.71;((2560, 2634), (2578, 2596, 2614));
5;0.937500000000000;2614;0;0.79;((2560, 2634), (2578, 2596, 2614));
5;0.906250000000000;2614;0;0.99;((2560, 2634), (2578, 2596, 2614));
5;0.890625000000000;2614;9;1.63;((2560, 2634), (2578, 2596, 2614));
5;0.898437500000000;2614;1;1.60;((2560, 2634), (2578, 2596, 2614));
5;0.894531250000000;2614;3;1.57;((2560, 2634), (2578, 2596, 2614));
5;0.892578125000000;2614;6;1.59;((2560, 2634), (2578, 2596, 2614));
5;0.893554687500000;2614;4;1.65;((2560, 2634), (2578, 2596, 2614));
5;0.893066406250000;2614;5;1.59;((2560, 2634), (2578, 2596, 2614));
5;0.892822265625000;2614;5;1.60;((2560, 2634), (2578, 2596, 2614));
5;0.892700195312500;2614;5;1.59;((2560, 2634), (2578, 2596, 2614));
5;0.892639160156250;2614;5;1.60;((2560, 2634), (2578, 2596, 2614));
5;0.892608642578125;2614;5;1.61;((2560, 2634), (2578, 2596, 2614));
5;0.892593383789062;2614;3;1.58;((2560, 2634), (2578, 2596, 2614));
5;0.892585754394531;2614;4;1.61;((2560, 2634), (2578, 2596, 2614));
5;0.892581939697266;2614;1;1.51;((2560, 2634), (2578, 2596, 2614));
5;0.892580032348633;2614;6;1.64;((2560, 2634), (2578, 2596, 2614));
5;0.892580986022949;2614;5;1.66;((2560, 2634), (2578, 2596, 2614));
