5;0.500000000000000;2000000;11;114.22;((0, 8000000), (2000000, 4000000, 6000000));
5;0.750000000000000;2000000;0;86.64;((0, 8000000), (2000000, 4000000, 6000000));
5;0.625000000000000;2000000;11;139.92;((0, 8000000), (2000000, 4000000, 6000000));
5;0.687500000000000;2000000;11;154.54;((0, 8000000), (2000000, 4000000, 6000000));
5;0.718750000000000;2000000;11;160.45;((0, 8000000), (2000000, 4000000, 6000000));
5;0.734375000000000;2000000;11;162.38;((0, 8000000), (2000000, 4000000, 6000000));
5;0.742187500000000;2000000;0;91.43;((0, 8000000), (2000000, 4000000, 6000000));
5;0.738281250000000;2000000;11;164.60;((0, 8000000), (2000000, 4000000, 6000000));
5;0.740234375000000;2000000;11;166.19;((0, 8000000), (2000000, 4000000, 6000000));
5;0.741210937500000;2000000;8;159.46;((0, 8000000), (2000000, 4000000, 6000000));
5;0.741699218750000;2000000;0;91.47;((0, 8000000), (2000000, 4000000, 6000000));
5;0.741455078125000;2000000;7;161.60;((0, 8000000), (2000000, 4000000, 6000000));
5;0.741577148437500;2000000;6;160.27;((0, 8000000), (2000000, 4000000, 6000000));
5;0.741638183593750;2000000;5;165.01;((0, 8000000), (2000000, 4000000, 6000000));
5;0.741607666015625;2000000;5;158.69;((0, 8000000), (2000000, 4000000, 6000000));
5;0.741592407226562;2000000;5;158.36;((0, 8000000), (2000000, 4000000, 6000000));
5;0.741584777832031;2000000;6;159.68;((0, 8000000), (2000000, 4000000, 6000000));
5;0.741588592529297;2000000;5;158.96;((0, 8000000), (2000000, 4000000, 6000000));
5;0.741586685180664;2000000;8;160.13;((0, 8000000), (2000000, 4000000, 6000000));
5;0.741587638854980;2000000;6;160.66;((0, 8000000), (2000000, 4000000, 6000000));
5;0.500000000000000;4000000;11;114.35;((0, 8000000), (2000000, 4000000, 6000000));
5;0.750000000000000;4000000;0;79.42;((0, 8000000), (2000000, 4000000, 6000000));
5;0.625000000000000;4000000;0;79.26;((0, 8000000), (2000000, 4000000, 6000000));
5;0.562500000000000;4000000;11;128.62;((0, 8000000), (2000000, 4000000, 6000000));
5;0.593750000000000;4000000;11;136.96;((0, 8000000), (2000000, 4000000, 6000000));
5;0.609375000000000;4000000;11;139.23;((0, 8000000), (2000000, 4000000, 6000000));
5;0.617187500000000;4000000;0;79.75;((0, 8000000), (2000000, 4000000, 6000000));
5;0.613281250000000;4000000;11;138.72;((0, 8000000), (2000000, 4000000, 6000000));
5;0.615234375000000;4000000;11;139.71;((0, 8000000), (2000000, 4000000, 6000000));
5;0.616210937500000;4000000;2;134.45;((0, 8000000), (2000000, 4000000, 6000000));
5;0.615722656250000;4000000;10;137.74;((0, 8000000), (2000000, 4000000, 6000000));
5;0.615966796875000;4000000;5;134.81;((0, 8000000), (2000000, 4000000, 6000000));
5;0.615844726562500;4000000;7;136.00;((0, 8000000), (2000000, 4000000, 6000000));
5;0.615905761718750;4000000;10;137.76;((0, 8000000), (2000000, 4000000, 6000000));
5;0.615936279296875;4000000;6;134.76;((0, 8000000), (2000000, 4000000, 6000000));
5;0.615951538085938;4000000;5;135.69;((0, 8000000), (2000000, 4000000, 6000000));
5;0.615943908691406;4000000;4;135.15;((0, 8000000), (2000000, 4000000, 6000000));
5;0.615940093994141;4000000;5;134.15;((0, 8000000), (2000000, 4000000, 6000000));
5;0.615938186645508;4000000;7;139.60;((0, 8000000), (2000000, 4000000, 6000000));
5;0.615939140319824;4000000;5;134.63;((0, 8000000), (2000000, 4000000, 6000000));
5;0.500000000000000;6000000;11;114.64;((0, 8000000), (2000000, 4000000, 6000000));
5;0.750000000000000;6000000;0;75.72;((0, 8000000), (2000000, 4000000, 6000000));
5;0.625000000000000;6000000;0;73.69;((0, 8000000), (2000000, 4000000, 6000000));
5;0.562500000000000;6000000;11;129.40;((0, 8000000), (2000000, 4000000, 6000000));
5;0.593750000000000;6000000;11;135.58;((0, 8000000), (2000000, 4000000, 6000000));
5;0.609375000000000;6000000;0;79.87;((0, 8000000), (2000000, 4000000, 6000000));
5;0.601562500000000;6000000;11;136.03;((0, 8000000), (2000000, 4000000, 6000000));
5;0.605468750000000;6000000;11;137.56;((0, 8000000), (2000000, 4000000, 6000000));
5;0.607421875000000;6000000;0;77.04;((0, 8000000), (2000000, 4000000, 6000000));
5;0.606445312500000;6000000;11;137.53;((0, 8000000), (2000000, 4000000, 6000000));
5;0.606933593750000;6000000;11;138.86;((0, 8000000), (2000000, 4000000, 6000000));
5;0.607177734375000;6000000;11;138.16;((0, 8000000), (2000000, 4000000, 6000000));
5;0.607299804687500;6000000;7;133.32;((0, 8000000), (2000000, 4000000, 6000000));
5;0.607360839843750;6000000;7;133.24;((0, 8000000), (2000000, 4000000, 6000000));
5;0.607391357421875;6000000;6;137.21;((0, 8000000), (2000000, 4000000, 6000000));
5;0.607406616210938;6000000;3;131.30;((0, 8000000), (2000000, 4000000, 6000000));
5;0.607398986816406;6000000;6;133.68;((0, 8000000), (2000000, 4000000, 6000000));
5;0.607402801513672;6000000;4;132.21;((0, 8000000), (2000000, 4000000, 6000000));
5;0.607400894165039;6000000;7;133.95;((0, 8000000), (2000000, 4000000, 6000000));
5;0.607401847839355;6000000;3;133.17;((0, 8000000), (2000000, 4000000, 6000000));
5;0.500000000000000;1000000;11;113.48;((0, 4000000), (1000000, 2000000, 3000000));
5;0.750000000000000;1000000;11;166.99;((0, 4000000), (1000000, 2000000, 3000000));
5;0.875000000000000;1000000;0;87.26;((0, 4000000), (1000000, 2000000, 3000000));
5;0.812500000000000;1000000;11;180.13;((0, 4000000), (1000000, 2000000, 3000000));
5;0.843750000000000;1000000;11;186.13;((0, 4000000), (1000000, 2000000, 3000000));
5;0.859375000000000;1000000;11;191.25;((0, 4000000), (1000000, 2000000, 3000000));
5;0.867187500000000;1000000;0;88.05;((0, 4000000), (1000000, 2000000, 3000000));
5;0.863281250000000;1000000;1;178.04;((0, 4000000), (1000000, 2000000, 3000000));
5;0.861328125000000;1000000;11;192.06;((0, 4000000), (1000000, 2000000, 3000000));
5;0.862304687500000;1000000;7;182.86;((0, 4000000), (1000000, 2000000, 3000000));
5;0.862792968750000;1000000;0;119.54;((0, 4000000), (1000000, 2000000, 3000000));
5;0.862548828125000;1000000;5;181.81;((0, 4000000), (1000000, 2000000, 3000000));
5;0.862426757812500;1000000;8;184.53;((0, 4000000), (1000000, 2000000, 3000000));
5;0.862487792968750;1000000;8;185.97;((0, 4000000), (1000000, 2000000, 3000000));
5;0.862518310546875;1000000;7;184.95;((0, 4000000), (1000000, 2000000, 3000000));
5;0.862533569335938;1000000;7;183.90;((0, 4000000), (1000000, 2000000, 3000000));
5;0.862541198730469;1000000;5;182.83;((0, 4000000), (1000000, 2000000, 3000000));
5;0.862537384033203;1000000;8;183.61;((0, 4000000), (1000000, 2000000, 3000000));
5;0.862539291381836;1000000;6;181.92;((0, 4000000), (1000000, 2000000, 3000000));
5;0.862540245056152;1000000;8;191.48;((0, 4000000), (1000000, 2000000, 3000000));
5;0.500000000000000;3000000;11;120.75;((0, 4000000), (1000000, 2000000, 3000000));
5;0.750000000000000;3000000;0;84.27;((0, 4000000), (1000000, 2000000, 3000000));
5;0.625000000000000;3000000;11;147.37;((0, 4000000), (1000000, 2000000, 3000000));
5;0.687500000000000;3000000;0;83.14;((0, 4000000), (1000000, 2000000, 3000000));
5;0.656250000000000;3000000;0;86.71;((0, 4000000), (1000000, 2000000, 3000000));
5;0.640625000000000;3000000;11;152.27;((0, 4000000), (1000000, 2000000, 3000000));
5;0.648437500000000;3000000;11;154.64;((0, 4000000), (1000000, 2000000, 3000000));
5;0.652343750000000;3000000;0;87.57;((0, 4000000), (1000000, 2000000, 3000000));
5;0.650390625000000;3000000;0;89.44;((0, 4000000), (1000000, 2000000, 3000000));
5;0.649414062500000;3000000;0;90.68;((0, 4000000), (1000000, 2000000, 3000000));
5;0.648925781250000;3000000;4;146.06;((0, 4000000), (1000000, 2000000, 3000000));
5;0.648681640625000;3000000;8;141.59;((0, 4000000), (1000000, 2000000, 3000000));
5;0.648803710937500;3000000;7;141.64;((0, 4000000), (1000000, 2000000, 3000000));
5;0.648864746093750;3000000;5;141.55;((0, 4000000), (1000000, 2000000, 3000000));
5;0.648834228515625;3000000;7;141.98;((0, 4000000), (1000000, 2000000, 3000000));
5;0.648849487304688;3000000;4;140.98;((0, 4000000), (1000000, 2000000, 3000000));
5;0.648841857910156;3000000;3;140.10;((0, 4000000), (1000000, 2000000, 3000000));
5;0.648838043212891;3000000;4;141.50;((0, 4000000), (1000000, 2000000, 3000000));
5;0.648836135864258;3000000;5;141.02;((0, 4000000), (1000000, 2000000, 3000000));
5;0.648835182189941;3000000;5;140.67;((0, 4000000), (1000000, 2000000, 3000000));
5;0.500000000000000;500000;11;115.13;((0, 2000000), (500000, 1000000, 1500000));
5;0.750000000000000;500000;11;164.74;((0, 2000000), (500000, 1000000, 1500000));
5;0.875000000000000;500000;11;190.64;((0, 2000000), (500000, 1000000, 1500000));
5;0.937500000000000;500000;0;87.02;((0, 2000000), (500000, 1000000, 1500000));
5;0.906250000000000;500000;11;197.39;((0, 2000000), (500000, 1000000, 1500000));
5;0.921875000000000;500000;9;195.39;((0, 2000000), (500000, 1000000, 1500000));
5;0.929687500000000;500000;0;87.79;((0, 2000000), (500000, 1000000, 1500000));
5;0.925781250000000;500000;0;88.72;((0, 2000000), (500000, 1000000, 1500000));
5;0.923828125000000;500000;0;108.08;((0, 2000000), (500000, 1000000, 1500000));
5;0.922851562500000;500000;3;190.89;((0, 2000000), (500000, 1000000, 1500000));
5;0.922363281250000;500000;5;192.52;((0, 2000000), (500000, 1000000, 1500000));
5;0.922119140625000;500000;6;195.04;((0, 2000000), (500000, 1000000, 1500000));
5;0.922241210937500;500000;5;193.22;((0, 2000000), (500000, 1000000, 1500000));
5;0.922180175781250;500000;5;196.42;((0, 2000000), (500000, 1000000, 1500000));
5;0.922149658203125;500000;4;192.67;((0, 2000000), (500000, 1000000, 1500000));
5;0.922134399414062;500000;7;193.73;((0, 2000000), (500000, 1000000, 1500000));
5;0.922142028808594;500000;6;197.62;((0, 2000000), (500000, 1000000, 1500000));
5;0.922145843505859;500000;8;195.34;((0, 2000000), (500000, 1000000, 1500000));
5;0.922147750854492;500000;5;192.50;((0, 2000000), (500000, 1000000, 1500000));
5;0.922146797180176;500000;6;192.87;((0, 2000000), (500000, 1000000, 1500000));
5;0.500000000000000;1500000;11;113.03;((0, 2000000), (500000, 1000000, 1500000));
5;0.750000000000000;1500000;11;168.35;((0, 2000000), (500000, 1000000, 1500000));
5;0.875000000000000;1500000;0;86.71;((0, 2000000), (500000, 1000000, 1500000));
5;0.812500000000000;1500000;0;86.03;((0, 2000000), (500000, 1000000, 1500000));
5;0.781250000000000;1500000;11;173.64;((0, 2000000), (500000, 1000000, 1500000));
5;0.796875000000000;1500000;11;177.47;((0, 2000000), (500000, 1000000, 1500000));
5;0.804687500000000;1500000;0;89.45;((0, 2000000), (500000, 1000000, 1500000));
5;0.800781250000000;1500000;11;178.24;((0, 2000000), (500000, 1000000, 1500000));
5;0.802734375000000;1500000;0;98.23;((0, 2000000), (500000, 1000000, 1500000));
5;0.801757812500000;1500000;8;172.77;((0, 2000000), (500000, 1000000, 1500000));
5;0.802246093750000;1500000;2;169.56;((0, 2000000), (500000, 1000000, 1500000));
5;0.802001953125000;1500000;8;171.61;((0, 2000000), (500000, 1000000, 1500000));
5;0.802124023437500;1500000;1;166.01;((0, 2000000), (500000, 1000000, 1500000));
5;0.802062988281250;1500000;6;172.13;((0, 2000000), (500000, 1000000, 1500000));
5;0.802093505859375;1500000;7;173.41;((0, 2000000), (500000, 1000000, 1500000));
5;0.802108764648438;1500000;3;170.94;((0, 2000000), (500000, 1000000, 1500000));
5;0.802101135253906;1500000;6;172.95;((0, 2000000), (500000, 1000000, 1500000));
5;0.802104949951172;1500000;4;171.06;((0, 2000000), (500000, 1000000, 1500000));
5;0.802103042602539;1500000;5;170.28;((0, 2000000), (500000, 1000000, 1500000));
5;0.802102088928223;1500000;4;170.67;((0, 2000000), (500000, 1000000, 1500000));
5;0.500000000000000;250000;11;112.88;((0, 1000000), (250000, 500000, 750000));
5;0.750000000000000;250000;11;163.82;((0, 1000000), (250000, 500000, 750000));
5;0.875000000000000;250000;11;190.20;((0, 1000000), (250000, 500000, 750000));
5;0.937500000000000;250000;11;202.54;((0, 1000000), (250000, 500000, 750000));
5;0.968750000000000;250000;0;87.51;((0, 1000000), (250000, 500000, 750000));
5;0.953125000000000;250000;0;101.47;((0, 1000000), (250000, 500000, 750000));
5;0.945312500000000;250000;11;220.43;((0, 1000000), (250000, 500000, 750000));
5;0.949218750000000;250000;10;204.60;((0, 1000000), (250000, 500000, 750000));
5;0.951171875000000;250000;0;134.08;((0, 1000000), (250000, 500000, 750000));
5;0.950195312500000;250000;8;198.39;((0, 1000000), (250000, 500000, 750000));
5;0.950683593750000;250000;4;195.97;((0, 1000000), (250000, 500000, 750000));
5;0.950439453125000;250000;4;197.75;((0, 1000000), (250000, 500000, 750000));
5;0.950317382812500;250000;6;206.35;((0, 1000000), (250000, 500000, 750000));
5;0.950378417968750;250000;3;195.21;((0, 1000000), (250000, 500000, 750000));
5;0.950347900390625;250000;6;198.93;((0, 1000000), (250000, 500000, 750000));
5;0.950363159179688;250000;5;197.98;((0, 1000000), (250000, 500000, 750000));
5;0.950355529785156;250000;7;197.23;((0, 1000000), (250000, 500000, 750000));
5;0.950359344482422;250000;3;196.80;((0, 1000000), (250000, 500000, 750000));
5;0.950357437133789;250000;4;203.54;((0, 1000000), (250000, 500000, 750000));
5;0.950356483459473;250000;7;199.41;((0, 1000000), (250000, 500000, 750000));
5;0.500000000000000;750000;11;114.43;((0, 1000000), (250000, 500000, 750000));
5;0.750000000000000;750000;11;168.34;((0, 1000000), (250000, 500000, 750000));
5;0.875000000000000;750000;11;192.58;((0, 1000000), (250000, 500000, 750000));
5;0.937500000000000;750000;0;86.99;((0, 1000000), (250000, 500000, 750000));
5;0.906250000000000;750000;0;87.50;((0, 1000000), (250000, 500000, 750000));
5;0.890625000000000;750000;11;197.10;((0, 1000000), (250000, 500000, 750000));
5;0.898437500000000;750000;0;88.17;((0, 1000000), (250000, 500000, 750000));
5;0.894531250000000;750000;0;109.48;((0, 1000000), (250000, 500000, 750000));
5;0.892578125000000;750000;9;191.65;((0, 1000000), (250000, 500000, 750000));
5;0.893554687500000;750000;1;183.23;((0, 1000000), (250000, 500000, 750000));
5;0.893066406250000;750000;1;185.35;((0, 1000000), (250000, 500000, 750000));
5;0.892822265625000;750000;7;189.38;((0, 1000000), (250000, 500000, 750000));
5;0.892944335937500;750000;2;184.51;((0, 1000000), (250000, 500000, 750000));
5;0.892883300781250;750000;3;186.38;((0, 1000000), (250000, 500000, 750000));
5;0.892852783203125;750000;5;189.67;((0, 1000000), (250000, 500000, 750000));
5;0.892837524414062;750000;3;186.90;((0, 1000000), (250000, 500000, 750000));
5;0.892829895019531;750000;3;186.17;((0, 1000000), (250000, 500000, 750000));
5;0.892826080322266;750000;5;190.35;((0, 1000000), (250000, 500000, 750000));
5;0.892824172973633;750000;6;189.05;((0, 1000000), (250000, 500000, 750000));
5;0.892825126647949;750000;4;187.09;((0, 1000000), (250000, 500000, 750000));
5;0.500000000000000;125000;11;112.40;((0, 500000), (125000, 250000, 375000));
5;0.750000000000000;125000;11;161.36;((0, 500000), (125000, 250000, 375000));
5;0.875000000000000;125000;11;189.53;((0, 500000), (125000, 250000, 375000));
5;0.937500000000000;125000;11;245.34;((0, 500000), (125000, 250000, 375000));
5;0.968750000000000;125000;0;87.82;((0, 500000), (125000, 250000, 375000));
5;0.953125000000000;125000;11;206.55;((0, 500000), (125000, 250000, 375000));
5;0.960937500000000;125000;9;208.97;((0, 500000), (125000, 250000, 375000));
5;0.964843750000000;125000;0;125.09;((0, 500000), (125000, 250000, 375000));
5;0.962890625000000;125000;1;192.96;((0, 500000), (125000, 250000, 375000));
5;0.961914062500000;125000;7;199.29;((0, 500000), (125000, 250000, 375000));
5;0.962402343750000;125000;2;197.00;((0, 500000), (125000, 250000, 375000));
5;0.962158203125000;125000;3;198.16;((0, 500000), (125000, 250000, 375000));
5;0.962036132812500;125000;5;197.65;((0, 500000), (125000, 250000, 375000));
5;0.961975097656250;125000;4;197.07;((0, 500000), (125000, 250000, 375000));
5;0.961944580078125;125000;4;199.13;((0, 500000), (125000, 250000, 375000));
5;0.961929321289062;125000;5;197.00;((0, 500000), (125000, 250000, 375000));
5;0.961921691894531;125000;9;202.53;((0, 500000), (125000, 250000, 375000));
5;0.961925506591797;125000;4;197.16;((0, 500000), (125000, 250000, 375000));
5;0.961923599243164;125000;7;198.19;((0, 500000), (125000, 250000, 375000));
5;0.961924552917480;125000;5;199.50;((0, 500000), (125000, 250000, 375000));
5;0.500000000000000;375000;11;113.47;((0, 500000), (125000, 250000, 375000));
5;0.750000000000000;375000;11;165.00;((0, 500000), (125000, 250000, 375000));
5;0.875000000000000;375000;11;191.16;((0, 500000), (125000, 250000, 375000));
5;0.937500000000000;375000;4;194.19;((0, 500000), (125000, 250000, 375000));
5;0.906250000000000;375000;11;198.51;((0, 500000), (125000, 250000, 375000));
5;0.921875000000000;375000;11;199.70;((0, 500000), (125000, 250000, 375000));
5;0.929687500000000;375000;11;249.91;((0, 500000), (125000, 250000, 375000));
5;0.933593750000000;375000;11;204.83;((0, 500000), (125000, 250000, 375000));
5;0.935546875000000;375000;11;204.96;((0, 500000), (125000, 250000, 375000));
5;0.936523437500000;375000;7;198.79;((0, 500000), (125000, 250000, 375000));
5;0.937011718750000;375000;3;193.42;((0, 500000), (125000, 250000, 375000));
5;0.936767578125000;375000;5;195.91;((0, 500000), (125000, 250000, 375000));
5;0.936645507812500;375000;4;195.62;((0, 500000), (125000, 250000, 375000));
5;0.936584472656250;375000;6;199.63;((0, 500000), (125000, 250000, 375000));
5;0.936614990234375;375000;6;196.21;((0, 500000), (125000, 250000, 375000));
5;0.936630249023438;375000;5;194.74;((0, 500000), (125000, 250000, 375000));
5;0.936622619628906;375000;7;197.71;((0, 500000), (125000, 250000, 375000));
5;0.936626434326172;375000;9;199.29;((0, 500000), (125000, 250000, 375000));
5;0.936628341674805;375000;3;196.86;((0, 500000), (125000, 250000, 375000));
5;0.936627388000488;375000;6;196.13;((0, 500000), (125000, 250000, 375000));
5;0.500000000000000;62500;11;111.62;((0, 250000), (62500, 125000, 187500));
5;0.750000000000000;62500;11;162.42;((0, 250000), (62500, 125000, 187500));
5;0.875000000000000;62500;11;187.18;((0, 250000), (62500, 125000, 187500));
5;0.937500000000000;62500;11;198.06;((0, 250000), (62500, 125000, 187500));
5;0.968750000000000;62500;0;98.23;((0, 250000), (62500, 125000, 187500));
5;0.953125000000000;62500;11;203.57;((0, 250000), (62500, 125000, 187500));
5;0.960937500000000;62500;11;202.74;((0, 250000), (62500, 125000, 187500));
5;0.964843750000000;62500;2;192.51;((0, 250000), (62500, 125000, 187500));
5;0.962890625000000;62500;9;204.77;((0, 250000), (62500, 125000, 187500));
5;0.963867187500000;62500;6;196.31;((0, 250000), (62500, 125000, 187500));
5;0.964355468750000;62500;4;196.12;((0, 250000), (62500, 125000, 187500));
5;0.964111328125000;62500;4;195.91;((0, 250000), (62500, 125000, 187500));
5;0.963989257812500;62500;7;199.74;((0, 250000), (62500, 125000, 187500));
5;0.964050292968750;62500;8;197.38;((0, 250000), (62500, 125000, 187500));
5;0.964080810546875;62500;4;194.99;((0, 250000), (62500, 125000, 187500));
5;0.964065551757812;62500;3;194.05;((0, 250000), (62500, 125000, 187500));
5;0.964057922363281;62500;7;198.20;((0, 250000), (62500, 125000, 187500));
5;0.964061737060547;62500;2;194.21;((0, 250000), (62500, 125000, 187500));
5;0.964059829711914;62500;7;196.64;((0, 250000), (62500, 125000, 187500));
5;0.964060783386230;62500;5;194.10;((0, 250000), (62500, 125000, 187500));
5;0.500000000000000;187500;11;113.22;((0, 250000), (62500, 125000, 187500));
5;0.750000000000000;187500;11;165.45;((0, 250000), (62500, 125000, 187500));
5;0.875000000000000;187500;11;190.47;((0, 250000), (62500, 125000, 187500));
5;0.937500000000000;187500;11;202.64;((0, 250000), (62500, 125000, 187500));
5;0.968750000000000;187500;0;87.02;((0, 250000), (62500, 125000, 187500));
5;0.953125000000000;187500;11;204.85;((0, 250000), (62500, 125000, 187500));
5;0.960937500000000;187500;0;93.84;((0, 250000), (62500, 125000, 187500));
5;0.957031250000000;187500;2;197.12;((0, 250000), (62500, 125000, 187500));
5;0.955078125000000;187500;11;205.33;((0, 250000), (62500, 125000, 187500));
5;0.956054687500000;187500;6;199.80;((0, 250000), (62500, 125000, 187500));
5;0.956542968750000;187500;7;198.91;((0, 250000), (62500, 125000, 187500));
5;0.956787109375000;187500;7;199.83;((0, 250000), (62500, 125000, 187500));
5;0.956909179687500;187500;5;197.47;((0, 250000), (62500, 125000, 187500));
5;0.956848144531250;187500;5;197.62;((0, 250000), (62500, 125000, 187500));
5;0.956817626953125;187500;3;195.82;((0, 250000), (62500, 125000, 187500));
5;0.956802368164062;187500;4;195.80;((0, 250000), (62500, 125000, 187500));
5;0.956794738769531;187500;6;198.13;((0, 250000), (62500, 125000, 187500));
5;0.956798553466797;187500;6;198.73;((0, 250000), (62500, 125000, 187500));
5;0.956800460815430;187500;3;199.76;((0, 250000), (62500, 125000, 187500));
5;0.956799507141113;187500;7;197.09;((0, 250000), (62500, 125000, 187500));
5;0.500000000000000;31250;11;111.57;((0, 125000), (31250, 62500, 93750));
5;0.750000000000000;31250;11;159.45;((0, 125000), (31250, 62500, 93750));
5;0.875000000000000;31250;11;185.52;((0, 125000), (31250, 62500, 93750));
5;0.937500000000000;31250;11;198.79;((0, 125000), (31250, 62500, 93750));
5;0.968750000000000;31250;0;86.77;((0, 125000), (31250, 62500, 93750));
5;0.953125000000000;31250;11;200.63;((0, 125000), (31250, 62500, 93750));
5;0.960937500000000;31250;2;191.49;((0, 125000), (31250, 62500, 93750));
5;0.957031250000000;31250;9;197.19;((0, 125000), (31250, 62500, 93750));
5;0.958984375000000;31250;4;192.24;((0, 125000), (31250, 62500, 93750));
5;0.958007812500000;31250;8;198.57;((0, 125000), (31250, 62500, 93750));
5;0.958496093750000;31250;9;195.34;((0, 125000), (31250, 62500, 93750));
5;0.958740234375000;31250;3;194.05;((0, 125000), (31250, 62500, 93750));
5;0.958618164062500;31250;6;193.22;((0, 125000), (31250, 62500, 93750));
5;0.958679199218750;31250;6;195.47;((0, 125000), (31250, 62500, 93750));
5;0.958709716796875;31250;9;206.24;((0, 125000), (31250, 62500, 93750));
5;0.958724975585938;31250;4;192.20;((0, 125000), (31250, 62500, 93750));
5;0.958717346191406;31250;6;193.54;((0, 125000), (31250, 62500, 93750));
5;0.958721160888672;31250;5;194.54;((0, 125000), (31250, 62500, 93750));
5;0.958719253540039;31250;10;198.21;((0, 125000), (31250, 62500, 93750));
5;0.958720207214355;31250;6;193.00;((0, 125000), (31250, 62500, 93750));
5;0.500000000000000;93750;11;112.31;((0, 125000), (31250, 62500, 93750));
5;0.750000000000000;93750;11;162.27;((0, 125000), (31250, 62500, 93750));
5;0.875000000000000;93750;11;187.16;((0, 125000), (31250, 62500, 93750));
5;0.937500000000000;93750;11;211.11;((0, 125000), (31250, 62500, 93750));
5;0.968750000000000;93750;0;99.15;((0, 125000), (31250, 62500, 93750));
5;0.953125000000000;93750;11;202.43;((0, 125000), (31250, 62500, 93750));
5;0.960937500000000;93750;11;210.48;((0, 125000), (31250, 62500, 93750));
5;0.964843750000000;93750;1;195.63;((0, 125000), (31250, 62500, 93750));
5;0.962890625000000;93750;10;205.69;((0, 125000), (31250, 62500, 93750));
5;0.963867187500000;93750;1;194.51;((0, 125000), (31250, 62500, 93750));
5;0.963378906250000;93750;7;200.24;((0, 125000), (31250, 62500, 93750));
5;0.963623046875000;93750;3;198.87;((0, 125000), (31250, 62500, 93750));
5;0.963500976562500;93750;5;198.18;((0, 125000), (31250, 62500, 93750));
5;0.963439941406250;93750;6;196.64;((0, 125000), (31250, 62500, 93750));
5;0.963470458984375;93750;7;198.75;((0, 125000), (31250, 62500, 93750));
5;0.963485717773438;93750;6;197.57;((0, 125000), (31250, 62500, 93750));
5;0.963493347167969;93750;3;196.78;((0, 125000), (31250, 62500, 93750));
5;0.963489532470703;93750;5;199.92;((0, 125000), (31250, 62500, 93750));
5;0.963487625122070;93750;7;200.28;((0, 125000), (31250, 62500, 93750));
5;0.963488578796387;93750;7;198.06;((0, 125000), (31250, 62500, 93750));
5;0.500000000000000;46875;11;112.85;((31250, 93750), (46875, 62500, 78125));
5;0.750000000000000;46875;11;160.79;((31250, 93750), (46875, 62500, 78125));
5;0.875000000000000;46875;11;186.23;((31250, 93750), (46875, 62500, 78125));
5;0.937500000000000;46875;11;199.49;((31250, 93750), (46875, 62500, 78125));
5;0.968750000000000;46875;4;195.14;((31250, 93750), (46875, 62500, 78125));
5;0.953125000000000;46875;11;202.88;((31250, 93750), (46875, 62500, 78125));
5;0.960937500000000;46875;11;220.43;((31250, 93750), (46875, 62500, 78125));
5;0.964843750000000;46875;11;206.32;((31250, 93750), (46875, 62500, 78125));
5;0.966796875000000;46875;8;199.93;((31250, 93750), (46875, 62500, 78125));
5;0.967773437500000;46875;7;197.18;((31250, 93750), (46875, 62500, 78125));
5;0.968261718750000;46875;3;195.70;((31250, 93750), (46875, 62500, 78125));
5;0.968017578125000;46875;6;197.94;((31250, 93750), (46875, 62500, 78125));
5;0.968139648437500;46875;2;191.56;((31250, 93750), (46875, 62500, 78125));
5;0.968078613281250;46875;7;197.89;((31250, 93750), (46875, 62500, 78125));
5;0.968109130859375;46875;5;196.61;((31250, 93750), (46875, 62500, 78125));
5;0.968093872070312;46875;5;196.98;((31250, 93750), (46875, 62500, 78125));
5;0.968086242675781;46875;4;196.79;((31250, 93750), (46875, 62500, 78125));
5;0.968082427978516;46875;5;196.61;((31250, 93750), (46875, 62500, 78125));
5;0.968080520629883;46875;5;196.19;((31250, 93750), (46875, 62500, 78125));
5;0.968079566955566;46875;3;193.99;((31250, 93750), (46875, 62500, 78125));
5;0.500000000000000;78125;11;113.02;((31250, 93750), (46875, 62500, 78125));
5;0.750000000000000;78125;11;162.33;((31250, 93750), (46875, 62500, 78125));
5;0.875000000000000;78125;11;192.36;((31250, 93750), (46875, 62500, 78125));
5;0.937500000000000;78125;11;201.17;((31250, 93750), (46875, 62500, 78125));
5;0.968750000000000;78125;6;198.56;((31250, 93750), (46875, 62500, 78125));
5;0.984375000000000;78125;0;85.88;((31250, 93750), (46875, 62500, 78125));
5;0.976562500000000;78125;0;90.25;((31250, 93750), (46875, 62500, 78125));
5;0.972656250000000;78125;0;109.71;((31250, 93750), (46875, 62500, 78125));
5;0.970703125000000;78125;1;192.80;((31250, 93750), (46875, 62500, 78125));
5;0.969726562500000;78125;2;193.49;((31250, 93750), (46875, 62500, 78125));
5;0.969238281250000;78125;7;200.01;((31250, 93750), (46875, 62500, 78125));
5;0.969482421875000;78125;5;199.16;((31250, 93750), (46875, 62500, 78125));
5;0.969360351562500;78125;4;197.74;((31250, 93750), (46875, 62500, 78125));
5;0.969299316406250;78125;3;196.25;((31250, 93750), (46875, 62500, 78125));
5;0.969268798828125;78125;4;198.23;((31250, 93750), (46875, 62500, 78125));
5;0.969253540039062;78125;9;210.40;((31250, 93750), (46875, 62500, 78125));
5;0.969261169433594;78125;6;199.28;((31250, 93750), (46875, 62500, 78125));
5;0.969264984130859;78125;3;196.87;((31250, 93750), (46875, 62500, 78125));
5;0.969263076782227;78125;5;196.78;((31250, 93750), (46875, 62500, 78125));
5;0.969262123107910;78125;4;197.22;((31250, 93750), (46875, 62500, 78125));
5;0.500000000000000;70312;11;111.53;((62500, 93750), (70312, 78124, 85936));
5;0.750000000000000;70312;11;162.46;((62500, 93750), (70312, 78124, 85936));
5;0.875000000000000;70312;11;187.48;((62500, 93750), (70312, 78124, 85936));
5;0.937500000000000;70312;11;202.37;((62500, 93750), (70312, 78124, 85936));
5;0.968750000000000;70312;0;97.14;((62500, 93750), (70312, 78124, 85936));
5;0.953125000000000;70312;11;203.52;((62500, 93750), (70312, 78124, 85936));
5;0.960937500000000;70312;11;198.42;((62500, 93750), (70312, 78124, 85936));
5;0.964843750000000;70312;3;191.44;((62500, 93750), (70312, 78124, 85936));
5;0.962890625000000;70312;9;205.51;((62500, 93750), (70312, 78124, 85936));
5;0.963867187500000;70312;9;198.53;((62500, 93750), (70312, 78124, 85936));
5;0.964355468750000;70312;7;196.65;((62500, 93750), (70312, 78124, 85936));
5;0.964599609375000;70312;4;192.72;((62500, 93750), (70312, 78124, 85936));
5;0.964477539062500;70312;3;191.06;((62500, 93750), (70312, 78124, 85936));
5;0.964416503906250;70312;5;195.09;((62500, 93750), (70312, 78124, 85936));
5;0.964385986328125;70312;6;194.49;((62500, 93750), (70312, 78124, 85936));
5;0.964401245117188;70312;4;195.58;((62500, 93750), (70312, 78124, 85936));
5;0.964393615722656;70312;4;191.57;((62500, 93750), (70312, 78124, 85936));
5;0.964389801025391;70312;4;193.94;((62500, 93750), (70312, 78124, 85936));
5;0.964387893676758;70312;4;190.92;((62500, 93750), (70312, 78124, 85936));
5;0.964386940002441;70312;4;192.31;((62500, 93750), (70312, 78124, 85936));
5;0.500000000000000;78124;11;108.69;((62500, 93750), (70312, 78124, 85936));
5;0.750000000000000;78124;11;163.25;((62500, 93750), (70312, 78124, 85936));
5;0.875000000000000;78124;11;183.94;((62500, 93750), (70312, 78124, 85936));
5;0.937500000000000;78124;11;195.54;((62500, 93750), (70312, 78124, 85936));
5;0.968750000000000;78124;0;91.51;((62500, 93750), (70312, 78124, 85936));
5;0.953125000000000;78124;11;196.20;((62500, 93750), (70312, 78124, 85936));
5;0.960937500000000;78124;10;197.73;((62500, 93750), (70312, 78124, 85936));
5;0.964843750000000;78124;3;191.53;((62500, 93750), (70312, 78124, 85936));
5;0.962890625000000;78124;10;198.23;((62500, 93750), (70312, 78124, 85936));
5;0.963867187500000;78124;6;194.87;((62500, 93750), (70312, 78124, 85936));
5;0.964355468750000;78124;4;192.60;((62500, 93750), (70312, 78124, 85936));
5;0.964111328125000;78124;5;193.00;((62500, 93750), (70312, 78124, 85936));
5;0.963989257812500;78124;5;193.85;((62500, 93750), (70312, 78124, 85936));
5;0.963928222656250;78124;8;196.00;((62500, 93750), (70312, 78124, 85936));
5;0.963958740234375;78124;8;196.38;((62500, 93750), (70312, 78124, 85936));
5;0.963973999023438;78124;7;194.40;((62500, 93750), (70312, 78124, 85936));
5;0.963981628417969;78124;5;195.86;((62500, 93750), (70312, 78124, 85936));
5;0.963977813720703;78124;7;195.69;((62500, 93750), (70312, 78124, 85936));
5;0.963979721069336;78124;7;194.63;((62500, 93750), (70312, 78124, 85936));
5;0.963980674743652;78124;8;194.90;((62500, 93750), (70312, 78124, 85936));
5;0.500000000000000;85936;11;109.54;((62500, 93750), (70312, 78124, 85936));
5;0.750000000000000;85936;11;157.82;((62500, 93750), (70312, 78124, 85936));
5;0.875000000000000;85936;11;185.68;((62500, 93750), (70312, 78124, 85936));
5;0.937500000000000;85936;11;196.78;((62500, 93750), (70312, 78124, 85936));
5;0.968750000000000;85936;9;196.89;((62500, 93750), (70312, 78124, 85936));
5;0.984375000000000;85936;0;84.19;((62500, 93750), (70312, 78124, 85936));
5;0.976562500000000;85936;0;85.33;((62500, 93750), (70312, 78124, 85936));
5;0.972656250000000;85936;0;93.11;((62500, 93750), (70312, 78124, 85936));
5;0.970703125000000;85936;0;118.32;((62500, 93750), (70312, 78124, 85936));
5;0.969726562500000;85936;3;191.89;((62500, 93750), (70312, 78124, 85936));
5;0.969238281250000;85936;4;194.95;((62500, 93750), (70312, 78124, 85936));
5;0.968994140625000;85936;7;196.38;((62500, 93750), (70312, 78124, 85936));
5;0.969116210937500;85936;4;193.73;((62500, 93750), (70312, 78124, 85936));
5;0.969055175781250;85936;6;195.34;((62500, 93750), (70312, 78124, 85936));
5;0.969085693359375;85936;3;192.89;((62500, 93750), (70312, 78124, 85936));
5;0.969070434570312;85936;8;201.00;((62500, 93750), (70312, 78124, 85936));
5;0.969078063964844;85936;4;193.40;((62500, 93750), (70312, 78124, 85936));
5;0.969074249267578;85936;4;193.71;((62500, 93750), (70312, 78124, 85936));
5;0.969072341918945;85936;3;193.62;((62500, 93750), (70312, 78124, 85936));
5;0.969071388244629;85936;8;200.96;((62500, 93750), (70312, 78124, 85936));
5;0.500000000000000;82030;11;110.48;((78124, 93750), (82030, 85936, 89842));
5;0.750000000000000;82030;11;157.51;((78124, 93750), (82030, 85936, 89842));
5;0.875000000000000;82030;11;183.71;((78124, 93750), (82030, 85936, 89842));
5;0.937500000000000;82030;11;194.31;((78124, 93750), (82030, 85936, 89842));
5;0.968750000000000;82030;0;96.79;((78124, 93750), (82030, 85936, 89842));
5;0.953125000000000;82030;11;197.73;((78124, 93750), (82030, 85936, 89842));
5;0.960937500000000;82030;11;202.13;((78124, 93750), (82030, 85936, 89842));
5;0.964843750000000;82030;3;192.78;((78124, 93750), (82030, 85936, 89842));
5;0.962890625000000;82030;8;196.11;((78124, 93750), (82030, 85936, 89842));
5;0.963867187500000;82030;8;196.62;((78124, 93750), (82030, 85936, 89842));
5;0.964355468750000;82030;3;192.76;((78124, 93750), (82030, 85936, 89842));
5;0.964111328125000;82030;5;192.24;((78124, 93750), (82030, 85936, 89842));
5;0.963989257812500;82030;7;208.59;((78124, 93750), (82030, 85936, 89842));
5;0.964050292968750;82030;5;195.24;((78124, 93750), (82030, 85936, 89842));
5;0.964019775390625;82030;6;195.78;((78124, 93750), (82030, 85936, 89842));
5;0.964035034179688;82030;7;194.27;((78124, 93750), (82030, 85936, 89842));
5;0.964042663574219;82030;7;194.84;((78124, 93750), (82030, 85936, 89842));
5;0.964046478271484;82030;5;194.38;((78124, 93750), (82030, 85936, 89842));
5;0.964044570922852;82030;7;196.50;((78124, 93750), (82030, 85936, 89842));
5;0.964045524597168;82030;6;194.81;((78124, 93750), (82030, 85936, 89842));
5;0.500000000000000;89842;11;109.54;((78124, 93750), (82030, 85936, 89842));
5;0.750000000000000;89842;11;158.19;((78124, 93750), (82030, 85936, 89842));
5;0.875000000000000;89842;11;182.95;((78124, 93750), (82030, 85936, 89842));
5;0.937500000000000;89842;11;194.64;((78124, 93750), (82030, 85936, 89842));
5;0.968750000000000;89842;0;93.37;((78124, 93750), (82030, 85936, 89842));
5;0.953125000000000;89842;11;197.95;((78124, 93750), (82030, 85936, 89842));
5;0.960937500000000;89842;11;200.39;((78124, 93750), (82030, 85936, 89842));
5;0.964843750000000;89842;0;122.46;((78124, 93750), (82030, 85936, 89842));
5;0.962890625000000;89842;9;198.99;((78124, 93750), (82030, 85936, 89842));
5;0.963867187500000;89842;6;193.62;((78124, 93750), (82030, 85936, 89842));
5;0.964355468750000;89842;3;190.94;((78124, 93750), (82030, 85936, 89842));
5;0.964111328125000;89842;2;190.86;((78124, 93750), (82030, 85936, 89842));
5;0.963989257812500;89842;3;192.83;((78124, 93750), (82030, 85936, 89842));
5;0.963928222656250;89842;5;192.50;((78124, 93750), (82030, 85936, 89842));
5;0.963897705078125;89842;6;194.90;((78124, 93750), (82030, 85936, 89842));
5;0.963912963867188;89842;5;193.19;((78124, 93750), (82030, 85936, 89842));
5;0.963905334472656;89842;4;193.91;((78124, 93750), (82030, 85936, 89842));
5;0.963901519775391;89842;4;193.22;((78124, 93750), (82030, 85936, 89842));
5;0.963899612426758;89842;6;194.62;((78124, 93750), (82030, 85936, 89842));
5;0.963900566101074;89842;4;192.96;((78124, 93750), (82030, 85936, 89842));
5;0.500000000000000;83983;11;108.89;((82030, 89842), (83983, 85936, 87889));
5;0.750000000000000;83983;11;158.03;((82030, 89842), (83983, 85936, 87889));
5;0.875000000000000;83983;11;182.33;((82030, 89842), (83983, 85936, 87889));
5;0.937500000000000;83983;11;194.72;((82030, 89842), (83983, 85936, 87889));
5;0.968750000000000;83983;8;197.34;((82030, 89842), (83983, 85936, 87889));
5;0.984375000000000;83983;0;84.23;((82030, 89842), (83983, 85936, 87889));
5;0.976562500000000;83983;0;85.84;((82030, 89842), (83983, 85936, 87889));
5;0.972656250000000;83983;0;95.74;((82030, 89842), (83983, 85936, 87889));
5;0.970703125000000;83983;1;188.90;((82030, 89842), (83983, 85936, 87889));
5;0.969726562500000;83983;4;194.09;((82030, 89842), (83983, 85936, 87889));
5;0.969238281250000;83983;3;193.10;((82030, 89842), (83983, 85936, 87889));
5;0.968994140625000;83983;6;196.34;((82030, 89842), (83983, 85936, 87889));
5;0.969116210937500;83983;6;197.11;((82030, 89842), (83983, 85936, 87889));
5;0.969177246093750;83983;2;189.33;((82030, 89842), (83983, 85936, 87889));
5;0.969146728515625;83983;4;195.53;((82030, 89842), (83983, 85936, 87889));
5;0.969131469726562;83983;6;195.32;((82030, 89842), (83983, 85936, 87889));
5;0.969139099121094;83983;4;197.84;((82030, 89842), (83983, 85936, 87889));
5;0.969135284423828;83983;5;193.91;((82030, 89842), (83983, 85936, 87889));
5;0.969133377075195;83983;4;216.26;((82030, 89842), (83983, 85936, 87889));
5;0.969132423400879;83983;5;193.27;((82030, 89842), (83983, 85936, 87889));
5;0.500000000000000;87889;11;108.76;((82030, 89842), (83983, 85936, 87889));
5;0.750000000000000;87889;11;158.08;((82030, 89842), (83983, 85936, 87889));
5;0.875000000000000;87889;11;182.70;((82030, 89842), (83983, 85936, 87889));
5;0.937500000000000;87889;11;194.64;((82030, 89842), (83983, 85936, 87889));
5;0.968750000000000;87889;4;196.62;((82030, 89842), (83983, 85936, 87889));
5;0.953125000000000;87889;11;197.05;((82030, 89842), (83983, 85936, 87889));
5;0.960937500000000;87889;11;200.17;((82030, 89842), (83983, 85936, 87889));
5;0.964843750000000;87889;11;204.29;((82030, 89842), (83983, 85936, 87889));
5;0.966796875000000;87889;11;200.10;((82030, 89842), (83983, 85936, 87889));
5;0.967773437500000;87889;10;201.49;((82030, 89842), (83983, 85936, 87889));
5;0.968261718750000;87889;8;196.13;((82030, 89842), (83983, 85936, 87889));
5;0.968505859375000;87889;6;198.96;((82030, 89842), (83983, 85936, 87889));
5;0.968627929687500;87889;10;199.15;((82030, 89842), (83983, 85936, 87889));
5;0.968688964843750;87889;6;199.24;((82030, 89842), (83983, 85936, 87889));
5;0.968719482421875;87889;8;197.48;((82030, 89842), (83983, 85936, 87889));
5;0.968734741210938;87889;6;196.54;((82030, 89842), (83983, 85936, 87889));
5;0.968742370605469;87889;7;196.79;((82030, 89842), (83983, 85936, 87889));
5;0.968746185302734;87889;7;196.02;((82030, 89842), (83983, 85936, 87889));
5;0.968748092651367;87889;8;197.86;((82030, 89842), (83983, 85936, 87889));
5;0.968749046325684;87889;8;197.41;((82030, 89842), (83983, 85936, 87889));
5;0.500000000000000;83006;11;114.69;((82030, 85936), (83006, 83982, 84958));
5;0.750000000000000;83006;11;161.02;((82030, 85936), (83006, 83982, 84958));
5;0.875000000000000;83006;11;183.34;((82030, 85936), (83006, 83982, 84958));
5;0.937500000000000;83006;11;195.44;((82030, 85936), (83006, 83982, 84958));
5;0.968750000000000;83006;7;196.05;((82030, 85936), (83006, 83982, 84958));
5;0.984375000000000;83006;0;84.48;((82030, 85936), (83006, 83982, 84958));
5;0.976562500000000;83006;0;88.10;((82030, 85936), (83006, 83982, 84958));
5;0.972656250000000;83006;0;102.35;((82030, 85936), (83006, 83982, 84958));
5;0.970703125000000;83006;1;186.00;((82030, 85936), (83006, 83982, 84958));
5;0.969726562500000;83006;3;195.61;((82030, 85936), (83006, 83982, 84958));
5;0.969238281250000;83006;6;195.22;((82030, 85936), (83006, 83982, 84958));
5;0.969482421875000;83006;6;196.08;((82030, 85936), (83006, 83982, 84958));
5;0.969604492187500;83006;5;193.68;((82030, 85936), (83006, 83982, 84958));
5;0.969543457031250;83006;3;191.73;((82030, 85936), (83006, 83982, 84958));
5;0.969512939453125;83006;2;190.26;((82030, 85936), (83006, 83982, 84958));
5;0.969497680664062;83006;3;192.51;((82030, 85936), (83006, 83982, 84958));
5;0.969490051269531;83006;1;190.18;((82030, 85936), (83006, 83982, 84958));
5;0.969486236572266;83006;4;193.06;((82030, 85936), (83006, 83982, 84958));
5;0.969484329223633;83006;4;192.71;((82030, 85936), (83006, 83982, 84958));
5;0.969483375549316;83006;5;194.53;((82030, 85936), (83006, 83982, 84958));
5;0.500000000000000;83982;11;109.23;((82030, 85936), (83006, 83982, 84958));
5;0.750000000000000;83982;11;157.20;((82030, 85936), (83006, 83982, 84958));
5;0.875000000000000;83982;11;183.05;((82030, 85936), (83006, 83982, 84958));
5;0.937500000000000;83982;11;195.23;((82030, 85936), (83006, 83982, 84958));
5;0.968750000000000;83982;0;90.90;((82030, 85936), (83006, 83982, 84958));
5;0.953125000000000;83982;11;197.14;((82030, 85936), (83006, 83982, 84958));
5;0.960937500000000;83982;11;199.22;((82030, 85936), (83006, 83982, 84958));
5;0.964843750000000;83982;1;186.69;((82030, 85936), (83006, 83982, 84958));
5;0.962890625000000;83982;11;198.93;((82030, 85936), (83006, 83982, 84958));
5;0.963867187500000;83982;4;194.73;((82030, 85936), (83006, 83982, 84958));
5;0.963378906250000;83982;8;196.80;((82030, 85936), (83006, 83982, 84958));
5;0.963623046875000;83982;8;195.50;((82030, 85936), (83006, 83982, 84958));
5;0.963745117187500;83982;6;194.73;((82030, 85936), (83006, 83982, 84958));
5;0.963806152343750;83982;8;195.23;((82030, 85936), (83006, 83982, 84958));
5;0.963836669921875;83982;7;195.24;((82030, 85936), (83006, 83982, 84958));
5;0.963851928710938;83982;4;193.43;((82030, 85936), (83006, 83982, 84958));
5;0.963844299316406;83982;7;196.14;((82030, 85936), (83006, 83982, 84958));
5;0.963848114013672;83982;8;196.12;((82030, 85936), (83006, 83982, 84958));
5;0.963850021362305;83982;9;196.54;((82030, 85936), (83006, 83982, 84958));
5;0.963850975036621;83982;7;195.02;((82030, 85936), (83006, 83982, 84958));
5;0.500000000000000;84958;11;109.34;((82030, 85936), (83006, 83982, 84958));
5;0.750000000000000;84958;11;158.81;((82030, 85936), (83006, 83982, 84958));
5;0.875000000000000;84958;11;183.35;((82030, 85936), (83006, 83982, 84958));
5;0.937500000000000;84958;11;194.00;((82030, 85936), (83006, 83982, 84958));
5;0.968750000000000;84958;7;196.16;((82030, 85936), (83006, 83982, 84958));
5;0.984375000000000;84958;0;85.58;((82030, 85936), (83006, 83982, 84958));
5;0.976562500000000;84958;0;86.66;((82030, 85936), (83006, 83982, 84958));
5;0.972656250000000;84958;0;98.10;((82030, 85936), (83006, 83982, 84958));
5;0.970703125000000;84958;0;128.82;((82030, 85936), (83006, 83982, 84958));
5;0.969726562500000;84958;0;127.06;((82030, 85936), (83006, 83982, 84958));
5;0.969238281250000;84958;4;192.94;((82030, 85936), (83006, 83982, 84958));
5;0.968994140625000;84958;9;198.38;((82030, 85936), (83006, 83982, 84958));
5;0.969116210937500;84958;4;194.59;((82030, 85936), (83006, 83982, 84958));
5;0.969055175781250;84958;6;194.86;((82030, 85936), (83006, 83982, 84958));
5;0.969085693359375;84958;4;195.13;((82030, 85936), (83006, 83982, 84958));
5;0.969070434570312;84958;4;194.28;((82030, 85936), (83006, 83982, 84958));
5;0.969062805175781;84958;4;193.68;((82030, 85936), (83006, 83982, 84958));
5;0.969058990478516;84958;5;193.85;((82030, 85936), (83006, 83982, 84958));
5;0.969057083129883;84958;6;197.87;((82030, 85936), (83006, 83982, 84958));
5;0.969058036804199;84958;6;194.71;((82030, 85936), (83006, 83982, 84958));
5;0.500000000000000;82518;11;108.85;((82030, 83982), (82518, 83006, 83494));
5;0.750000000000000;82518;11;157.32;((82030, 83982), (82518, 83006, 83494));
5;0.875000000000000;82518;11;181.55;((82030, 83982), (82518, 83006, 83494));
5;0.937500000000000;82518;11;197.92;((82030, 83982), (82518, 83006, 83494));
5;0.968750000000000;82518;6;195.10;((82030, 83982), (82518, 83006, 83494));
5;0.984375000000000;82518;0;84.15;((82030, 83982), (82518, 83006, 83494));
5;0.976562500000000;82518;0;85.86;((82030, 83982), (82518, 83006, 83494));
5;0.972656250000000;82518;0;102.50;((82030, 83982), (82518, 83006, 83494));
5;0.970703125000000;82518;0;124.77;((82030, 83982), (82518, 83006, 83494));
5;0.969726562500000;82518;3;194.37;((82030, 83982), (82518, 83006, 83494));
5;0.969238281250000;82518;4;193.98;((82030, 83982), (82518, 83006, 83494));
5;0.968994140625000;82518;7;195.70;((82030, 83982), (82518, 83006, 83494));
5;0.969116210937500;82518;5;194.02;((82030, 83982), (82518, 83006, 83494));
5;0.969055175781250;82518;5;193.83;((82030, 83982), (82518, 83006, 83494));
5;0.969024658203125;82518;8;196.97;((82030, 83982), (82518, 83006, 83494));
5;0.969039916992188;82518;4;193.33;((82030, 83982), (82518, 83006, 83494));
5;0.969032287597656;82518;3;192.39;((82030, 83982), (82518, 83006, 83494));
5;0.969028472900391;82518;5;194.48;((82030, 83982), (82518, 83006, 83494));
5;0.969026565551758;82518;7;195.66;((82030, 83982), (82518, 83006, 83494));
5;0.969027519226074;82518;4;193.89;((82030, 83982), (82518, 83006, 83494));
5;0.500000000000000;83494;11;108.64;((82030, 83982), (82518, 83006, 83494));
5;0.750000000000000;83494;11;157.30;((82030, 83982), (82518, 83006, 83494));
5;0.875000000000000;83494;11;182.17;((82030, 83982), (82518, 83006, 83494));
5;0.937500000000000;83494;11;193.90;((82030, 83982), (82518, 83006, 83494));
5;0.968750000000000;83494;0;90.26;((82030, 83982), (82518, 83006, 83494));
5;0.953125000000000;83494;11;198.82;((82030, 83982), (82518, 83006, 83494));
5;0.960937500000000;83494;11;199.75;((82030, 83982), (82518, 83006, 83494));
5;0.964843750000000;83494;3;193.20;((82030, 83982), (82518, 83006, 83494));
5;0.962890625000000;83494;9;197.01;((82030, 83982), (82518, 83006, 83494));
5;0.963867187500000;83494;4;195.07;((82030, 83982), (82518, 83006, 83494));
5;0.963378906250000;83494;7;195.16;((82030, 83982), (82518, 83006, 83494));
5;0.963623046875000;83494;6;194.56;((82030, 83982), (82518, 83006, 83494));
5;0.963745117187500;83494;6;195.27;((82030, 83982), (82518, 83006, 83494));
5;0.963806152343750;83494;7;195.05;((82030, 83982), (82518, 83006, 83494));
5;0.963836669921875;83494;6;194.66;((82030, 83982), (82518, 83006, 83494));
5;0.963851928710938;83494;3;192.11;((82030, 83982), (82518, 83006, 83494));
5;0.963844299316406;83494;6;193.99;((82030, 83982), (82518, 83006, 83494));
5;0.963848114013672;83494;4;192.35;((82030, 83982), (82518, 83006, 83494));
5;0.963846206665039;83494;4;193.53;((82030, 83982), (82518, 83006, 83494));
5;0.963845252990723;83494;7;199.16;((82030, 83982), (82518, 83006, 83494));
5;0.500000000000000;82762;11;110.11;((82518, 83494), (82762, 83006, 83250));
5;0.750000000000000;82762;11;157.36;((82518, 83494), (82762, 83006, 83250));
5;0.875000000000000;82762;11;181.79;((82518, 83494), (82762, 83006, 83250));
5;0.937500000000000;82762;11;194.90;((82518, 83494), (82762, 83006, 83250));
5;0.968750000000000;82762;0;93.56;((82518, 83494), (82762, 83006, 83250));
5;0.953125000000000;82762;11;197.31;((82518, 83494), (82762, 83006, 83250));
5;0.960937500000000;82762;10;197.92;((82518, 83494), (82762, 83006, 83250));
5;0.964843750000000;82762;2;190.96;((82518, 83494), (82762, 83006, 83250));
5;0.962890625000000;82762;8;195.55;((82518, 83494), (82762, 83006, 83250));
5;0.963867187500000;82762;7;195.74;((82518, 83494), (82762, 83006, 83250));
5;0.964355468750000;82762;3;191.52;((82518, 83494), (82762, 83006, 83250));
5;0.964111328125000;82762;6;194.73;((82518, 83494), (82762, 83006, 83250));
5;0.964233398437500;82762;7;196.02;((82518, 83494), (82762, 83006, 83250));
5;0.964294433593750;82762;5;192.88;((82518, 83494), (82762, 83006, 83250));
5;0.964263916015625;82762;4;194.42;((82518, 83494), (82762, 83006, 83250));
5;0.964248657226562;82762;3;190.67;((82518, 83494), (82762, 83006, 83250));
5;0.964241027832031;82762;6;196.13;((82518, 83494), (82762, 83006, 83250));
5;0.964244842529297;82762;6;195.36;((82518, 83494), (82762, 83006, 83250));
5;0.964246749877930;82762;7;196.90;((82518, 83494), (82762, 83006, 83250));
5;0.964247703552246;82762;5;192.62;((82518, 83494), (82762, 83006, 83250));
5;0.500000000000000;83250;11;109.07;((82518, 83494), (82762, 83006, 83250));
5;0.750000000000000;83250;11;157.77;((82518, 83494), (82762, 83006, 83250));
5;0.875000000000000;83250;11;182.08;((82518, 83494), (82762, 83006, 83250));
5;0.937500000000000;83250;11;198.77;((82518, 83494), (82762, 83006, 83250));
5;0.968750000000000;83250;0;95.74;((82518, 83494), (82762, 83006, 83250));
5;0.953125000000000;83250;11;199.54;((82518, 83494), (82762, 83006, 83250));
5;0.960937500000000;83250;11;198.36;((82518, 83494), (82762, 83006, 83250));
5;0.964843750000000;83250;2;189.82;((82518, 83494), (82762, 83006, 83250));
5;0.962890625000000;83250;8;195.57;((82518, 83494), (82762, 83006, 83250));
5;0.963867187500000;83250;4;195.94;((82518, 83494), (82762, 83006, 83250));
5;0.963378906250000;83250;5;192.74;((82518, 83494), (82762, 83006, 83250));
5;0.963134765625000;83250;6;194.93;((82518, 83494), (82762, 83006, 83250));
5;0.963256835937500;83250;8;195.20;((82518, 83494), (82762, 83006, 83250));
5;0.963317871093750;83250;7;196.02;((82518, 83494), (82762, 83006, 83250));
5;0.963348388671875;83250;8;194.86;((82518, 83494), (82762, 83006, 83250));
5;0.963363647460938;83250;8;196.20;((82518, 83494), (82762, 83006, 83250));
5;0.963371276855469;83250;10;199.76;((82518, 83494), (82762, 83006, 83250));
5;0.963375091552734;83250;7;195.78;((82518, 83494), (82762, 83006, 83250));
5;0.963376998901367;83250;10;197.95;((82518, 83494), (82762, 83006, 83250));
5;0.963377952575684;83250;8;196.42;((82518, 83494), (82762, 83006, 83250));
5;0.500000000000000;82884;11;109.19;((82762, 83250), (82884, 83006, 83128));
5;0.750000000000000;82884;11;163.22;((82762, 83250), (82884, 83006, 83128));
5;0.875000000000000;82884;11;181.52;((82762, 83250), (82884, 83006, 83128));
5;0.937500000000000;82884;11;196.38;((82762, 83250), (82884, 83006, 83128));
5;0.968750000000000;82884;0;93.07;((82762, 83250), (82884, 83006, 83128));
5;0.953125000000000;82884;11;196.91;((82762, 83250), (82884, 83006, 83128));
5;0.960937500000000;82884;11;198.83;((82762, 83250), (82884, 83006, 83128));
5;0.964843750000000;82884;4;205.88;((82762, 83250), (82884, 83006, 83128));
5;0.962890625000000;82884;10;196.54;((82762, 83250), (82884, 83006, 83128));
5;0.963867187500000;82884;7;194.94;((82762, 83250), (82884, 83006, 83128));
5;0.964355468750000;82884;5;192.60;((82762, 83250), (82884, 83006, 83128));
5;0.964111328125000;82884;5;194.51;((82762, 83250), (82884, 83006, 83128));
5;0.963989257812500;82884;5;193.70;((82762, 83250), (82884, 83006, 83128));
5;0.963928222656250;82884;6;193.74;((82762, 83250), (82884, 83006, 83128));
5;0.963958740234375;82884;4;195.10;((82762, 83250), (82884, 83006, 83128));
5;0.963943481445312;82884;7;194.62;((82762, 83250), (82884, 83006, 83128));
5;0.963951110839844;82884;8;196.17;((82762, 83250), (82884, 83006, 83128));
5;0.963954925537109;82884;4;193.75;((82762, 83250), (82884, 83006, 83128));
5;0.963953018188477;82884;7;196.02;((82762, 83250), (82884, 83006, 83128));
5;0.963953971862793;82884;5;193.36;((82762, 83250), (82884, 83006, 83128));
5;0.500000000000000;83128;11;109.01;((82762, 83250), (82884, 83006, 83128));
5;0.750000000000000;83128;11;158.18;((82762, 83250), (82884, 83006, 83128));
5;0.875000000000000;83128;11;182.59;((82762, 83250), (82884, 83006, 83128));
5;0.937500000000000;83128;11;194.85;((82762, 83250), (82884, 83006, 83128));
5;0.968750000000000;83128;11;202.27;((82762, 83250), (82884, 83006, 83128));
5;0.984375000000000;83128;0;84.03;((82762, 83250), (82884, 83006, 83128));
5;0.976562500000000;83128;0;87.09;((82762, 83250), (82884, 83006, 83128));
5;0.972656250000000;83128;0;112.12;((82762, 83250), (82884, 83006, 83128));
5;0.970703125000000;83128;0;119.49;((82762, 83250), (82884, 83006, 83128));
5;0.969726562500000;83128;5;194.37;((82762, 83250), (82884, 83006, 83128));
5;0.969238281250000;83128;8;197.96;((82762, 83250), (82884, 83006, 83128));
5;0.969482421875000;83128;2;188.66;((82762, 83250), (82884, 83006, 83128));
5;0.969360351562500;83128;3;193.03;((82762, 83250), (82884, 83006, 83128));
5;0.969299316406250;83128;4;193.37;((82762, 83250), (82884, 83006, 83128));
5;0.969268798828125;83128;8;195.56;((82762, 83250), (82884, 83006, 83128));
5;0.969284057617188;83128;5;195.42;((82762, 83250), (82884, 83006, 83128));
5;0.969276428222656;83128;4;194.01;((82762, 83250), (82884, 83006, 83128));
5;0.969272613525391;83128;3;192.95;((82762, 83250), (82884, 83006, 83128));
5;0.969270706176758;83128;5;194.31;((82762, 83250), (82884, 83006, 83128));
5;0.969269752502441;83128;6;196.40;((82762, 83250), (82884, 83006, 83128));
5;0.500000000000000;82945;11;108.65;((82884, 83128), (82945, 83006, 83067));
5;0.750000000000000;82945;11;158.17;((82884, 83128), (82945, 83006, 83067));
5;0.875000000000000;82945;11;181.75;((82884, 83128), (82945, 83006, 83067));
5;0.937500000000000;82945;11;193.02;((82884, 83128), (82945, 83006, 83067));
5;0.968750000000000;82945;7;196.39;((82884, 83128), (82945, 83006, 83067));
5;0.984375000000000;82945;0;84.75;((82884, 83128), (82945, 83006, 83067));
5;0.976562500000000;82945;0;86.36;((82884, 83128), (82945, 83006, 83067));
5;0.972656250000000;82945;0;97.72;((82884, 83128), (82945, 83006, 83067));
5;0.970703125000000;82945;0;129.81;((82884, 83128), (82945, 83006, 83067));
5;0.969726562500000;82945;3;192.70;((82884, 83128), (82945, 83006, 83067));
5;0.969238281250000;82945;4;193.28;((82884, 83128), (82945, 83006, 83067));
5;0.968994140625000;82945;8;204.36;((82884, 83128), (82945, 83006, 83067));
5;0.969116210937500;82945;4;194.10;((82884, 83128), (82945, 83006, 83067));
5;0.969055175781250;82945;4;193.89;((82884, 83128), (82945, 83006, 83067));
5;0.969024658203125;82945;6;194.86;((82884, 83128), (82945, 83006, 83067));
5;0.969039916992188;82945;5;195.57;((82884, 83128), (82945, 83006, 83067));
5;0.969032287597656;82945;6;196.26;((82884, 83128), (82945, 83006, 83067));
5;0.969036102294922;82945;4;198.44;((82884, 83128), (82945, 83006, 83067));
5;0.969034194946289;82945;5;198.71;((82884, 83128), (82945, 83006, 83067));
5;0.969033241271973;82945;4;192.93;((82884, 83128), (82945, 83006, 83067));
5;0.500000000000000;83067;11;109.16;((82884, 83128), (82945, 83006, 83067));
5;0.750000000000000;83067;11;160.01;((82884, 83128), (82945, 83006, 83067));
5;0.875000000000000;83067;11;183.08;((82884, 83128), (82945, 83006, 83067));
5;0.937500000000000;83067;11;193.24;((82884, 83128), (82945, 83006, 83067));
5;0.968750000000000;83067;7;195.82;((82884, 83128), (82945, 83006, 83067));
5;0.984375000000000;83067;0;84.38;((82884, 83128), (82945, 83006, 83067));
5;0.976562500000000;83067;0;85.94;((82884, 83128), (82945, 83006, 83067));
5;0.972656250000000;83067;0;106.49;((82884, 83128), (82945, 83006, 83067));
5;0.970703125000000;83067;0;141.94;((82884, 83128), (82945, 83006, 83067));
5;0.969726562500000;83067;2;189.65;((82884, 83128), (82945, 83006, 83067));
5;0.969238281250000;83067;3;193.45;((82884, 83128), (82945, 83006, 83067));
5;0.968994140625000;83067;6;195.28;((82884, 83128), (82945, 83006, 83067));
5;0.969116210937500;83067;7;196.12;((82884, 83128), (82945, 83006, 83067));
5;0.969177246093750;83067;7;200.15;((82884, 83128), (82945, 83006, 83067));
5;0.969207763671875;83067;2;189.47;((82884, 83128), (82945, 83006, 83067));
5;0.969192504882812;83067;5;196.14;((82884, 83128), (82945, 83006, 83067));
5;0.969184875488281;83067;2;190.65;((82884, 83128), (82945, 83006, 83067));
5;0.969181060791016;83067;6;194.76;((82884, 83128), (82945, 83006, 83067));
5;0.969182968139648;83067;6;194.62;((82884, 83128), (82945, 83006, 83067));
5;0.969183921813965;83067;2;191.76;((82884, 83128), (82945, 83006, 83067));
5;0.500000000000000;82975;11;109.92;((82945, 83067), (82975, 83005, 83035));
5;0.750000000000000;82975;11;157.21;((82945, 83067), (82975, 83005, 83035));
5;0.875000000000000;82975;11;181.54;((82945, 83067), (82975, 83005, 83035));
5;0.937500000000000;82975;11;197.12;((82945, 83067), (82975, 83005, 83035));
5;0.968750000000000;82975;7;196.49;((82945, 83067), (82975, 83005, 83035));
5;0.984375000000000;82975;0;84.12;((82945, 83067), (82975, 83005, 83035));
5;0.976562500000000;82975;0;87.09;((82945, 83067), (82975, 83005, 83035));
5;0.972656250000000;82975;0;99.18;((82945, 83067), (82975, 83005, 83035));
5;0.970703125000000;82975;0;123.94;((82945, 83067), (82975, 83005, 83035));
5;0.969726562500000;82975;0;138.11;((82945, 83067), (82975, 83005, 83035));
5;0.969238281250000;82975;6;195.65;((82945, 83067), (82975, 83005, 83035));
5;0.969482421875000;82975;5;194.07;((82945, 83067), (82975, 83005, 83035));
5;0.969360351562500;82975;2;189.96;((82945, 83067), (82975, 83005, 83035));
5;0.969299316406250;82975;5;194.32;((82945, 83067), (82975, 83005, 83035));
5;0.969268798828125;82975;4;193.88;((82945, 83067), (82975, 83005, 83035));
5;0.969253540039062;82975;5;194.60;((82945, 83067), (82975, 83005, 83035));
5;0.969245910644531;82975;4;192.52;((82945, 83067), (82975, 83005, 83035));
5;0.969242095947266;82975;4;193.90;((82945, 83067), (82975, 83005, 83035));
5;0.969240188598633;82975;4;199.31;((82945, 83067), (82975, 83005, 83035));
5;0.969239234924316;82975;6;194.77;((82945, 83067), (82975, 83005, 83035));
5;0.500000000000000;83005;11;110.15;((82945, 83067), (82975, 83005, 83035));
5;0.750000000000000;83005;11;158.39;((82945, 83067), (82975, 83005, 83035));
5;0.875000000000000;83005;11;182.26;((82945, 83067), (82975, 83005, 83035));
5;0.937500000000000;83005;11;194.11;((82945, 83067), (82975, 83005, 83035));
5;0.968750000000000;83005;7;195.28;((82945, 83067), (82975, 83005, 83035));
5;0.984375000000000;83005;0;84.22;((82945, 83067), (82975, 83005, 83035));
5;0.976562500000000;83005;0;85.73;((82945, 83067), (82975, 83005, 83035));
5;0.972656250000000;83005;0;99.65;((82945, 83067), (82975, 83005, 83035));
5;0.970703125000000;83005;0;127.02;((82945, 83067), (82975, 83005, 83035));
5;0.969726562500000;83005;2;189.63;((82945, 83067), (82975, 83005, 83035));
5;0.969238281250000;83005;6;196.97;((82945, 83067), (82975, 83005, 83035));
5;0.969482421875000;83005;3;192.78;((82945, 83067), (82975, 83005, 83035));
5;0.969360351562500;83005;4;195.78;((82945, 83067), (82975, 83005, 83035));
5;0.969299316406250;83005;5;192.92;((82945, 83067), (82975, 83005, 83035));
5;0.969268798828125;83005;5;194.33;((82945, 83067), (82975, 83005, 83035));
5;0.969253540039062;83005;6;196.00;((82945, 83067), (82975, 83005, 83035));
5;0.969261169433594;83005;4;195.27;((82945, 83067), (82975, 83005, 83035));
5;0.969257354736328;83005;6;200.73;((82945, 83067), (82975, 83005, 83035));
5;0.969259262084961;83005;2;190.24;((82945, 83067), (82975, 83005, 83035));
5;0.969258308410645;83005;2;189.93;((82945, 83067), (82975, 83005, 83035));
5;0.500000000000000;83035;11;109.48;((82945, 83067), (82975, 83005, 83035));
5;0.750000000000000;83035;11;158.87;((82945, 83067), (82975, 83005, 83035));
5;0.875000000000000;83035;11;182.80;((82945, 83067), (82975, 83005, 83035));
5;0.937500000000000;83035;11;200.79;((82945, 83067), (82975, 83005, 83035));
5;0.968750000000000;83035;6;195.83;((82945, 83067), (82975, 83005, 83035));
5;0.984375000000000;83035;0;84.43;((82945, 83067), (82975, 83005, 83035));
5;0.976562500000000;83035;0;85.92;((82945, 83067), (82975, 83005, 83035));
5;0.972656250000000;83035;0;106.30;((82945, 83067), (82975, 83005, 83035));
5;0.970703125000000;83035;1;188.09;((82945, 83067), (82975, 83005, 83035));
5;0.969726562500000;83035;3;194.56;((82945, 83067), (82975, 83005, 83035));
5;0.969238281250000;83035;6;195.10;((82945, 83067), (82975, 83005, 83035));
5;0.969482421875000;83035;2;189.93;((82945, 83067), (82975, 83005, 83035));
5;0.969360351562500;83035;4;193.05;((82945, 83067), (82975, 83005, 83035));
5;0.969299316406250;83035;6;202.70;((82945, 83067), (82975, 83005, 83035));
5;0.969329833984375;83035;3;191.56;((82945, 83067), (82975, 83005, 83035));
5;0.969314575195312;83035;4;193.40;((82945, 83067), (82975, 83005, 83035));
5;0.969306945800781;83035;5;193.52;((82945, 83067), (82975, 83005, 83035));
5;0.969303131103516;83035;5;193.96;((82945, 83067), (82975, 83005, 83035));
5;0.969301223754883;83035;3;192.42;((82945, 83067), (82975, 83005, 83035));
5;0.969300270080566;83035;4;193.86;((82945, 83067), (82975, 83005, 83035));
5;0.500000000000000;83020;11;108.66;((83005, 83067), (83020, 83035, 83050));
5;0.750000000000000;83020;11;160.27;((83005, 83067), (83020, 83035, 83050));
5;0.875000000000000;83020;11;182.05;((83005, 83067), (83020, 83035, 83050));
5;0.937500000000000;83020;11;193.97;((83005, 83067), (83020, 83035, 83050));
5;0.968750000000000;83020;0;95.48;((83005, 83067), (83020, 83035, 83050));
5;0.953125000000000;83020;11;207.93;((83005, 83067), (83020, 83035, 83050));
5;0.960937500000000;83020;11;198.48;((83005, 83067), (83020, 83035, 83050));
5;0.964843750000000;83020;2;193.94;((83005, 83067), (83020, 83035, 83050));
5;0.962890625000000;83020;10;197.65;((83005, 83067), (83020, 83035, 83050));
5;0.963867187500000;83020;8;197.11;((83005, 83067), (83020, 83035, 83050));
5;0.964355468750000;83020;3;193.42;((83005, 83067), (83020, 83035, 83050));
5;0.964111328125000;83020;5;192.55;((83005, 83067), (83020, 83035, 83050));
5;0.963989257812500;83020;4;195.90;((83005, 83067), (83020, 83035, 83050));
5;0.963928222656250;83020;4;194.02;((83005, 83067), (83020, 83035, 83050));
5;0.963897705078125;83020;4;192.98;((83005, 83067), (83020, 83035, 83050));
5;0.963882446289062;83020;6;193.83;((83005, 83067), (83020, 83035, 83050));
5;0.963890075683594;83020;8;196.64;((83005, 83067), (83020, 83035, 83050));
5;0.963893890380859;83020;8;199.44;((83005, 83067), (83020, 83035, 83050));
5;0.963895797729492;83020;5;193.88;((83005, 83067), (83020, 83035, 83050));
5;0.963894844055176;83020;8;196.24;((83005, 83067), (83020, 83035, 83050));
5;0.500000000000000;83050;11;131.74;((83005, 83067), (83020, 83035, 83050));
5;0.750000000000000;83050;11;157.05;((83005, 83067), (83020, 83035, 83050));
5;0.875000000000000;83050;11;181.47;((83005, 83067), (83020, 83035, 83050));
5;0.937500000000000;83050;11;194.33;((83005, 83067), (83020, 83035, 83050));
5;0.968750000000000;83050;0;96.59;((83005, 83067), (83020, 83035, 83050));
5;0.953125000000000;83050;11;196.73;((83005, 83067), (83020, 83035, 83050));
5;0.960937500000000;83050;11;199.48;((83005, 83067), (83020, 83035, 83050));
5;0.964843750000000;83050;3;191.09;((83005, 83067), (83020, 83035, 83050));
5;0.962890625000000;83050;11;198.47;((83005, 83067), (83020, 83035, 83050));
5;0.963867187500000;83050;6;194.43;((83005, 83067), (83020, 83035, 83050));
5;0.964355468750000;83050;7;194.70;((83005, 83067), (83020, 83035, 83050));
5;0.964599609375000;83050;5;193.65;((83005, 83067), (83020, 83035, 83050));
5;0.964477539062500;83050;3;193.70;((83005, 83067), (83020, 83035, 83050));
5;0.964416503906250;83050;5;197.48;((83005, 83067), (83020, 83035, 83050));
5;0.964385986328125;83050;4;191.38;((83005, 83067), (83020, 83035, 83050));
5;0.964370727539062;83050;6;193.93;((83005, 83067), (83020, 83035, 83050));
5;0.964378356933594;83050;4;193.24;((83005, 83067), (83020, 83035, 83050));
5;0.964374542236328;83050;3;190.89;((83005, 83067), (83020, 83035, 83050));
5;0.964372634887695;83050;6;195.04;((83005, 83067), (83020, 83035, 83050));
5;0.964373588562012;83050;5;192.48;((83005, 83067), (83020, 83035, 83050));
