5;0.500000000000000;2500000;11;141.80;((0, 10000000), (2500000, 5000000, 7500000));
5;0.750000000000000;2500000;0;107.23;((0, 10000000), (2500000, 5000000, 7500000));
5;0.625000000000000;2500000;11;174.39;((0, 10000000), (2500000, 5000000, 7500000));
5;0.687500000000000;2500000;11;189.15;((0, 10000000), (2500000, 5000000, 7500000));
5;0.718750000000000;2500000;11;199.93;((0, 10000000), (2500000, 5000000, 7500000));
5;0.734375000000000;2500000;11;201.00;((0, 10000000), (2500000, 5000000, 7500000));
5;0.742187500000000;2500000;1;189.99;((0, 10000000), (2500000, 5000000, 7500000));
5;0.738281250000000;2500000;11;201.95;((0, 10000000), (2500000, 5000000, 7500000));
5;0.740234375000000;2500000;11;205.24;((0, 10000000), (2500000, 5000000, 7500000));
5;0.741210937500000;2500000;9;198.79;((0, 10000000), (2500000, 5000000, 7500000));
5;0.741699218750000;2500000;5;195.51;((0, 10000000), (2500000, 5000000, 7500000));
5;0.741455078125000;2500000;5;195.74;((0, 10000000), (2500000, 5000000, 7500000));
5;0.741333007812500;2500000;9;198.87;((0, 10000000), (2500000, 5000000, 7500000));
5;0.741394042968750;2500000;8;197.89;((0, 10000000), (2500000, 5000000, 7500000));
5;0.741424560546875;2500000;9;199.37;((0, 10000000), (2500000, 5000000, 7500000));
5;0.741439819335938;2500000;5;195.90;((0, 10000000), (2500000, 5000000, 7500000));
5;0.741432189941406;2500000;6;196.44;((0, 10000000), (2500000, 5000000, 7500000));
5;0.741436004638672;2500000;5;195.16;((0, 10000000), (2500000, 5000000, 7500000));
5;0.741434097290039;2500000;5;194.85;((0, 10000000), (2500000, 5000000, 7500000));
5;0.741433143615723;2500000;10;203.14;((0, 10000000), (2500000, 5000000, 7500000));
5;0.500000000000000;5000000;11;156.35;((0, 10000000), (2500000, 5000000, 7500000));
5;0.750000000000000;5000000;0;106.75;((0, 10000000), (2500000, 5000000, 7500000));
5;0.625000000000000;5000000;0;104.75;((0, 10000000), (2500000, 5000000, 7500000));
5;0.562500000000000;5000000;11;172.27;((0, 10000000), (2500000, 5000000, 7500000));
5;0.593750000000000;5000000;11;180.21;((0, 10000000), (2500000, 5000000, 7500000));
5;0.609375000000000;5000000;11;185.21;((0, 10000000), (2500000, 5000000, 7500000));
5;0.617187500000000;5000000;0;106.94;((0, 10000000), (2500000, 5000000, 7500000));
5;0.613281250000000;5000000;11;191.68;((0, 10000000), (2500000, 5000000, 7500000));
5;0.615234375000000;5000000;11;187.19;((0, 10000000), (2500000, 5000000, 7500000));
5;0.616210937500000;5000000;0;108.14;((0, 10000000), (2500000, 5000000, 7500000));
5;0.615722656250000;5000000;11;187.44;((0, 10000000), (2500000, 5000000, 7500000));
5;0.615966796875000;5000000;5;177.32;((0, 10000000), (2500000, 5000000, 7500000));
5;0.615844726562500;5000000;8;179.03;((0, 10000000), (2500000, 5000000, 7500000));
5;0.615905761718750;5000000;5;177.74;((0, 10000000), (2500000, 5000000, 7500000));
5;0.615875244140625;5000000;9;180.88;((0, 10000000), (2500000, 5000000, 7500000));
5;0.615890502929688;5000000;8;178.02;((0, 10000000), (2500000, 5000000, 7500000));
5;0.615898132324219;5000000;8;179.33;((0, 10000000), (2500000, 5000000, 7500000));
5;0.615901947021484;5000000;9;180.48;((0, 10000000), (2500000, 5000000, 7500000));
5;0.615903854370117;5000000;8;178.33;((0, 10000000), (2500000, 5000000, 7500000));
5;0.615904808044434;5000000;6;176.91;((0, 10000000), (2500000, 5000000, 7500000));
5;0.500000000000000;7500000;11;154.25;((0, 10000000), (2500000, 5000000, 7500000));
5;0.750000000000000;7500000;0;101.60;((0, 10000000), (2500000, 5000000, 7500000));
5;0.625000000000000;7500000;0;98.24;((0, 10000000), (2500000, 5000000, 7500000));
5;0.562500000000000;7500000;11;171.80;((0, 10000000), (2500000, 5000000, 7500000));
5;0.593750000000000;7500000;11;180.76;((0, 10000000), (2500000, 5000000, 7500000));
5;0.609375000000000;7500000;0;101.32;((0, 10000000), (2500000, 5000000, 7500000));
5;0.601562500000000;7500000;11;183.66;((0, 10000000), (2500000, 5000000, 7500000));
5;0.605468750000000;7500000;11;184.06;((0, 10000000), (2500000, 5000000, 7500000));
5;0.607421875000000;7500000;5;174.63;((0, 10000000), (2500000, 5000000, 7500000));
5;0.606445312500000;7500000;11;184.16;((0, 10000000), (2500000, 5000000, 7500000));
5;0.606933593750000;7500000;11;184.93;((0, 10000000), (2500000, 5000000, 7500000));
5;0.607177734375000;7500000;11;189.47;((0, 10000000), (2500000, 5000000, 7500000));
5;0.607299804687500;7500000;6;175.35;((0, 10000000), (2500000, 5000000, 7500000));
5;0.607360839843750;7500000;6;177.75;((0, 10000000), (2500000, 5000000, 7500000));
5;0.607391357421875;7500000;6;174.07;((0, 10000000), (2500000, 5000000, 7500000));
5;0.607406616210938;7500000;4;174.13;((0, 10000000), (2500000, 5000000, 7500000));
5;0.607398986816406;7500000;4;179.66;((0, 10000000), (2500000, 5000000, 7500000));
5;0.607395172119141;7500000;3;174.89;((0, 10000000), (2500000, 5000000, 7500000));
5;0.607393264770508;7500000;5;173.37;((0, 10000000), (2500000, 5000000, 7500000));
5;0.607392311096191;7500000;8;176.25;((0, 10000000), (2500000, 5000000, 7500000));
5;0.500000000000000;1250000;11;152.27;((0, 5000000), (1250000, 2500000, 3750000));
5;0.750000000000000;1250000;11;221.25;((0, 5000000), (1250000, 2500000, 3750000));
5;0.875000000000000;1250000;0;117.66;((0, 5000000), (1250000, 2500000, 3750000));
5;0.812500000000000;1250000;11;239.64;((0, 5000000), (1250000, 2500000, 3750000));
5;0.843750000000000;1250000;11;248.26;((0, 5000000), (1250000, 2500000, 3750000));
5;0.859375000000000;1250000;11;252.53;((0, 5000000), (1250000, 2500000, 3750000));
5;0.867187500000000;1250000;0;118.69;((0, 5000000), (1250000, 2500000, 3750000));
5;0.863281250000000;1250000;3;240.10;((0, 5000000), (1250000, 2500000, 3750000));
5;0.861328125000000;1250000;11;253.64;((0, 5000000), (1250000, 2500000, 3750000));
5;0.862304687500000;1250000;11;253.77;((0, 5000000), (1250000, 2500000, 3750000));
5;0.862792968750000;1250000;7;241.17;((0, 5000000), (1250000, 2500000, 3750000));
5;0.863037109375000;1250000;3;237.79;((0, 5000000), (1250000, 2500000, 3750000));
5;0.862915039062500;1250000;5;240.31;((0, 5000000), (1250000, 2500000, 3750000));
5;0.862854003906250;1250000;6;239.96;((0, 5000000), (1250000, 2500000, 3750000));
5;0.862884521484375;1250000;7;239.75;((0, 5000000), (1250000, 2500000, 3750000));
5;0.862899780273438;1250000;2;237.94;((0, 5000000), (1250000, 2500000, 3750000));
5;0.862892150878906;1250000;3;237.87;((0, 5000000), (1250000, 2500000, 3750000));
5;0.862888336181641;1250000;8;241.51;((0, 5000000), (1250000, 2500000, 3750000));
5;0.862890243530273;1250000;5;238.28;((0, 5000000), (1250000, 2500000, 3750000));
5;0.862889289855957;1250000;4;241.20;((0, 5000000), (1250000, 2500000, 3750000));
5;0.500000000000000;3750000;11;152.79;((0, 5000000), (1250000, 2500000, 3750000));
5;0.750000000000000;3750000;0;108.24;((0, 5000000), (1250000, 2500000, 3750000));
5;0.625000000000000;3750000;11;189.03;((0, 5000000), (1250000, 2500000, 3750000));
5;0.687500000000000;3750000;0;107.72;((0, 5000000), (1250000, 2500000, 3750000));
5;0.656250000000000;3750000;0;109.99;((0, 5000000), (1250000, 2500000, 3750000));
5;0.640625000000000;3750000;11;193.76;((0, 5000000), (1250000, 2500000, 3750000));
5;0.648437500000000;3750000;11;196.46;((0, 5000000), (1250000, 2500000, 3750000));
5;0.652343750000000;3750000;0;111.23;((0, 5000000), (1250000, 2500000, 3750000));
5;0.650390625000000;3750000;0;112.30;((0, 5000000), (1250000, 2500000, 3750000));
5;0.649414062500000;3750000;0;114.58;((0, 5000000), (1250000, 2500000, 3750000));
5;0.648925781250000;3750000;4;184.98;((0, 5000000), (1250000, 2500000, 3750000));
5;0.648681640625000;3750000;10;191.58;((0, 5000000), (1250000, 2500000, 3750000));
5;0.648803710937500;3750000;5;184.84;((0, 5000000), (1250000, 2500000, 3750000));
5;0.648742675781250;3750000;9;188.80;((0, 5000000), (1250000, 2500000, 3750000));
5;0.648773193359375;3750000;9;220.53;((0, 5000000), (1250000, 2500000, 3750000));
5;0.648788452148438;3750000;6;185.00;((0, 5000000), (1250000, 2500000, 3750000));
5;0.648796081542969;3750000;9;188.43;((0, 5000000), (1250000, 2500000, 3750000));
5;0.648799896240234;3750000;6;185.02;((0, 5000000), (1250000, 2500000, 3750000));
5;0.648801803588867;3750000;7;187.24;((0, 5000000), (1250000, 2500000, 3750000));
5;0.648802757263184;3750000;8;187.72;((0, 5000000), (1250000, 2500000, 3750000));
5;0.500000000000000;625000;11;151.16;((0, 2500000), (625000, 1250000, 1875000));
5;0.750000000000000;625000;11;222.26;((0, 2500000), (625000, 1250000, 1875000));
5;0.875000000000000;625000;11;255.64;((0, 2500000), (625000, 1250000, 1875000));
5;0.937500000000000;625000;0;118.27;((0, 2500000), (625000, 1250000, 1875000));
5;0.906250000000000;625000;11;273.50;((0, 2500000), (625000, 1250000, 1875000));
5;0.921875000000000;625000;11;268.93;((0, 2500000), (625000, 1250000, 1875000));
5;0.929687500000000;625000;0;118.43;((0, 2500000), (625000, 1250000, 1875000));
5;0.925781250000000;625000;0;125.96;((0, 2500000), (625000, 1250000, 1875000));
5;0.923828125000000;625000;0;161.04;((0, 2500000), (625000, 1250000, 1875000));
5;0.922851562500000;625000;3;254.62;((0, 2500000), (625000, 1250000, 1875000));
5;0.922363281250000;625000;7;255.06;((0, 2500000), (625000, 1250000, 1875000));
5;0.922607421875000;625000;9;258.59;((0, 2500000), (625000, 1250000, 1875000));
5;0.922729492187500;625000;4;253.23;((0, 2500000), (625000, 1250000, 1875000));
5;0.922668457031250;625000;7;254.52;((0, 2500000), (625000, 1250000, 1875000));
5;0.922698974609375;625000;5;255.40;((0, 2500000), (625000, 1250000, 1875000));
5;0.922683715820312;625000;7;257.97;((0, 2500000), (625000, 1250000, 1875000));
5;0.922691345214844;625000;7;257.93;((0, 2500000), (625000, 1250000, 1875000));
5;0.922695159912109;625000;4;253.75;((0, 2500000), (625000, 1250000, 1875000));
5;0.922693252563477;625000;7;254.60;((0, 2500000), (625000, 1250000, 1875000));
5;0.922694206237793;625000;7;267.51;((0, 2500000), (625000, 1250000, 1875000));
5;0.500000000000000;1875000;11;153.36;((0, 2500000), (625000, 1250000, 1875000));
5;0.750000000000000;1875000;11;222.73;((0, 2500000), (625000, 1250000, 1875000));
5;0.875000000000000;1875000;0;116.11;((0, 2500000), (625000, 1250000, 1875000));
5;0.812500000000000;1875000;0;116.46;((0, 2500000), (625000, 1250000, 1875000));
5;0.781250000000000;1875000;11;231.57;((0, 2500000), (625000, 1250000, 1875000));
5;0.796875000000000;1875000;11;238.94;((0, 2500000), (625000, 1250000, 1875000));
5;0.804687500000000;1875000;0;119.22;((0, 2500000), (625000, 1250000, 1875000));
5;0.800781250000000;1875000;11;236.70;((0, 2500000), (625000, 1250000, 1875000));
5;0.802734375000000;1875000;0;135.74;((0, 2500000), (625000, 1250000, 1875000));
5;0.801757812500000;1875000;9;228.62;((0, 2500000), (625000, 1250000, 1875000));
5;0.802246093750000;1875000;2;220.71;((0, 2500000), (625000, 1250000, 1875000));
5;0.802001953125000;1875000;9;228.03;((0, 2500000), (625000, 1250000, 1875000));
5;0.802124023437500;1875000;6;223.31;((0, 2500000), (625000, 1250000, 1875000));
5;0.802185058593750;1875000;3;222.61;((0, 2500000), (625000, 1250000, 1875000));
5;0.802154541015625;1875000;3;222.65;((0, 2500000), (625000, 1250000, 1875000));
5;0.802139282226562;1875000;3;230.79;((0, 2500000), (625000, 1250000, 1875000));
5;0.802131652832031;1875000;3;221.63;((0, 2500000), (625000, 1250000, 1875000));
5;0.802127838134766;1875000;3;222.14;((0, 2500000), (625000, 1250000, 1875000));
5;0.802125930786133;1875000;6;222.84;((0, 2500000), (625000, 1250000, 1875000));
5;0.802126884460449;1875000;5;223.17;((0, 2500000), (625000, 1250000, 1875000));
5;0.500000000000000;312500;11;151.33;((0, 1250000), (312500, 625000, 937500));
5;0.750000000000000;312500;11;220.62;((0, 1250000), (312500, 625000, 937500));
5;0.875000000000000;312500;11;254.75;((0, 1250000), (312500, 625000, 937500));
5;0.937500000000000;312500;11;272.12;((0, 1250000), (312500, 625000, 937500));
5;0.968750000000000;312500;0;114.32;((0, 1250000), (312500, 625000, 937500));
5;0.953125000000000;312500;0;129.00;((0, 1250000), (312500, 625000, 937500));
5;0.945312500000000;312500;11;258.77;((0, 1250000), (312500, 625000, 937500));
5;0.949218750000000;312500;11;257.05;((0, 1250000), (312500, 625000, 937500));
5;0.951171875000000;312500;7;246.92;((0, 1250000), (312500, 625000, 937500));
5;0.952148437500000;312500;2;241.95;((0, 1250000), (312500, 625000, 937500));
5;0.951660156250000;312500;3;243.91;((0, 1250000), (312500, 625000, 937500));
5;0.951416015625000;312500;5;244.32;((0, 1250000), (312500, 625000, 937500));
5;0.951293945312500;312500;6;248.13;((0, 1250000), (312500, 625000, 937500));
5;0.951354980468750;312500;4;243.65;((0, 1250000), (312500, 625000, 937500));
5;0.951324462890625;312500;3;242.70;((0, 1250000), (312500, 625000, 937500));
5;0.951309204101562;312500;3;239.85;((0, 1250000), (312500, 625000, 937500));
5;0.951301574707031;312500;2;238.93;((0, 1250000), (312500, 625000, 937500));
5;0.951297760009766;312500;6;245.08;((0, 1250000), (312500, 625000, 937500));
5;0.951299667358398;312500;4;243.83;((0, 1250000), (312500, 625000, 937500));
5;0.951298713684082;312500;3;242.62;((0, 1250000), (312500, 625000, 937500));
5;0.500000000000000;937500;11;140.83;((0, 1250000), (312500, 625000, 937500));
5;0.750000000000000;937500;11;206.14;((0, 1250000), (312500, 625000, 937500));
5;0.875000000000000;937500;11;239.43;((0, 1250000), (312500, 625000, 937500));
5;0.937500000000000;937500;0;109.45;((0, 1250000), (312500, 625000, 937500));
5;0.906250000000000;937500;0;108.86;((0, 1250000), (312500, 625000, 937500));
5;0.890625000000000;937500;11;247.09;((0, 1250000), (312500, 625000, 937500));
5;0.898437500000000;937500;0;110.04;((0, 1250000), (312500, 625000, 937500));
5;0.894531250000000;937500;0;119.35;((0, 1250000), (312500, 625000, 937500));
5;0.892578125000000;937500;10;240.53;((0, 1250000), (312500, 625000, 937500));
5;0.893554687500000;937500;1;226.43;((0, 1250000), (312500, 625000, 937500));
5;0.893066406250000;937500;3;239.22;((0, 1250000), (312500, 625000, 937500));
5;0.892822265625000;937500;8;235.63;((0, 1250000), (312500, 625000, 937500));
5;0.892944335937500;937500;4;231.25;((0, 1250000), (312500, 625000, 937500));
5;0.892883300781250;937500;7;234.52;((0, 1250000), (312500, 625000, 937500));
5;0.892913818359375;937500;7;236.16;((0, 1250000), (312500, 625000, 937500));
5;0.892929077148438;937500;6;234.65;((0, 1250000), (312500, 625000, 937500));
5;0.892936706542969;937500;5;233.60;((0, 1250000), (312500, 625000, 937500));
5;0.892932891845703;937500;6;233.54;((0, 1250000), (312500, 625000, 937500));
5;0.892934799194336;937500;8;234.74;((0, 1250000), (312500, 625000, 937500));
5;0.892935752868652;937500;7;234.73;((0, 1250000), (312500, 625000, 937500));
5;0.500000000000000;156250;11;140.79;((0, 625000), (156250, 312500, 468750));
5;0.750000000000000;156250;11;203.61;((0, 625000), (156250, 312500, 468750));
5;0.875000000000000;156250;11;235.14;((0, 625000), (156250, 312500, 468750));
5;0.937500000000000;156250;11;260.68;((0, 625000), (156250, 312500, 468750));
5;0.968750000000000;156250;0;115.10;((0, 625000), (156250, 312500, 468750));
5;0.953125000000000;156250;11;256.05;((0, 625000), (156250, 312500, 468750));
5;0.960937500000000;156250;11;261.40;((0, 625000), (156250, 312500, 468750));
5;0.964843750000000;156250;0;141.15;((0, 625000), (156250, 312500, 468750));
5;0.962890625000000;156250;6;247.96;((0, 625000), (156250, 312500, 468750));
5;0.963867187500000;156250;1;241.34;((0, 625000), (156250, 312500, 468750));
5;0.963378906250000;156250;4;242.33;((0, 625000), (156250, 312500, 468750));
5;0.963134765625000;156250;7;248.76;((0, 625000), (156250, 312500, 468750));
5;0.963256835937500;156250;3;243.27;((0, 625000), (156250, 312500, 468750));
5;0.963195800781250;156250;4;244.86;((0, 625000), (156250, 312500, 468750));
5;0.963165283203125;156250;2;242.74;((0, 625000), (156250, 312500, 468750));
5;0.963150024414062;156250;5;250.51;((0, 625000), (156250, 312500, 468750));
5;0.963142395019531;156250;3;245.53;((0, 625000), (156250, 312500, 468750));
5;0.963138580322266;156250;3;243.67;((0, 625000), (156250, 312500, 468750));
5;0.963136672973633;156250;6;249.00;((0, 625000), (156250, 312500, 468750));
5;0.963137626647949;156250;7;248.20;((0, 625000), (156250, 312500, 468750));
5;0.500000000000000;468750;11;142.29;((0, 625000), (156250, 312500, 468750));
5;0.750000000000000;468750;11;205.72;((0, 625000), (156250, 312500, 468750));
5;0.875000000000000;468750;11;238.52;((0, 625000), (156250, 312500, 468750));
5;0.937500000000000;468750;5;240.90;((0, 625000), (156250, 312500, 468750));
5;0.906250000000000;468750;11;254.27;((0, 625000), (156250, 312500, 468750));
5;0.921875000000000;468750;11;251.11;((0, 625000), (156250, 312500, 468750));
5;0.929687500000000;468750;11;252.39;((0, 625000), (156250, 312500, 468750));
5;0.933593750000000;468750;11;254.32;((0, 625000), (156250, 312500, 468750));
5;0.935546875000000;468750;11;255.09;((0, 625000), (156250, 312500, 468750));
5;0.936523437500000;468750;11;264.21;((0, 625000), (156250, 312500, 468750));
5;0.937011718750000;468750;9;248.06;((0, 625000), (156250, 312500, 468750));
5;0.937255859375000;468750;3;239.80;((0, 625000), (156250, 312500, 468750));
5;0.937133789062500;468750;7;244.50;((0, 625000), (156250, 312500, 468750));
5;0.937194824218750;468750;8;248.18;((0, 625000), (156250, 312500, 468750));
5;0.937225341796875;468750;4;242.10;((0, 625000), (156250, 312500, 468750));
5;0.937210083007812;468750;8;244.51;((0, 625000), (156250, 312500, 468750));
5;0.937217712402344;468750;5;241.02;((0, 625000), (156250, 312500, 468750));
5;0.937213897705078;468750;7;243.70;((0, 625000), (156250, 312500, 468750));
5;0.937215805053711;468750;8;249.78;((0, 625000), (156250, 312500, 468750));
5;0.937216758728027;468750;6;245.90;((0, 625000), (156250, 312500, 468750));
5;0.500000000000000;78125;11;138.15;((0, 312500), (78125, 156250, 234375));
5;0.750000000000000;78125;11;201.68;((0, 312500), (78125, 156250, 234375));
5;0.875000000000000;78125;11;232.93;((0, 312500), (78125, 156250, 234375));
5;0.937500000000000;78125;11;249.91;((0, 312500), (78125, 156250, 234375));
5;0.968750000000000;78125;11;258.64;((0, 312500), (78125, 156250, 234375));
5;0.984375000000000;78125;0;107.73;((0, 312500), (78125, 156250, 234375));
5;0.976562500000000;78125;0;113.01;((0, 312500), (78125, 156250, 234375));
5;0.972656250000000;78125;0;171.27;((0, 312500), (78125, 156250, 234375));
5;0.970703125000000;78125;2;241.60;((0, 312500), (78125, 156250, 234375));
5;0.969726562500000;78125;6;248.54;((0, 312500), (78125, 156250, 234375));
5;0.970214843750000;78125;6;245.48;((0, 312500), (78125, 156250, 234375));
5;0.970458984375000;78125;5;247.83;((0, 312500), (78125, 156250, 234375));
5;0.970336914062500;78125;7;249.03;((0, 312500), (78125, 156250, 234375));
5;0.970397949218750;78125;5;245.42;((0, 312500), (78125, 156250, 234375));
5;0.970367431640625;78125;7;248.78;((0, 312500), (78125, 156250, 234375));
5;0.970382690429688;78125;4;243.88;((0, 312500), (78125, 156250, 234375));
5;0.970375061035156;78125;2;242.72;((0, 312500), (78125, 156250, 234375));
5;0.970371246337891;78125;7;249.78;((0, 312500), (78125, 156250, 234375));
5;0.970373153686523;78125;7;248.91;((0, 312500), (78125, 156250, 234375));
5;0.970374107360840;78125;7;248.30;((0, 312500), (78125, 156250, 234375));
5;0.500000000000000;234375;11;141.03;((0, 312500), (78125, 156250, 234375));
5;0.750000000000000;234375;11;204.14;((0, 312500), (78125, 156250, 234375));
5;0.875000000000000;234375;11;236.06;((0, 312500), (78125, 156250, 234375));
5;0.937500000000000;234375;11;252.77;((0, 312500), (78125, 156250, 234375));
5;0.968750000000000;234375;0;111.19;((0, 312500), (78125, 156250, 234375));
5;0.953125000000000;234375;11;260.08;((0, 312500), (78125, 156250, 234375));
5;0.960937500000000;234375;10;253.82;((0, 312500), (78125, 156250, 234375));
5;0.964843750000000;234375;0;121.78;((0, 312500), (78125, 156250, 234375));
5;0.962890625000000;234375;4;245.24;((0, 312500), (78125, 156250, 234375));
5;0.961914062500000;234375;8;256.26;((0, 312500), (78125, 156250, 234375));
5;0.962402343750000;234375;4;246.23;((0, 312500), (78125, 156250, 234375));
5;0.962158203125000;234375;6;250.09;((0, 312500), (78125, 156250, 234375));
5;0.962280273437500;234375;5;248.08;((0, 312500), (78125, 156250, 234375));
5;0.962219238281250;234375;10;259.14;((0, 312500), (78125, 156250, 234375));
5;0.962249755859375;234375;5;247.71;((0, 312500), (78125, 156250, 234375));
5;0.962234497070312;234375;6;248.93;((0, 312500), (78125, 156250, 234375));
5;0.962242126464844;234375;6;249.73;((0, 312500), (78125, 156250, 234375));
5;0.962245941162109;234375;5;245.94;((0, 312500), (78125, 156250, 234375));
5;0.962244033813477;234375;4;244.29;((0, 312500), (78125, 156250, 234375));
5;0.962243080139160;234375;7;250.31;((0, 312500), (78125, 156250, 234375));
5;0.500000000000000;39062;11;137.28;((0, 156250), (39062, 78124, 117186));
5;0.750000000000000;39062;11;199.96;((0, 156250), (39062, 78124, 117186));
5;0.875000000000000;39062;11;234.79;((0, 156250), (39062, 78124, 117186));
5;0.937500000000000;39062;11;247.42;((0, 156250), (39062, 78124, 117186));
5;0.968750000000000;39062;0;119.12;((0, 156250), (39062, 78124, 117186));
5;0.953125000000000;39062;11;252.07;((0, 156250), (39062, 78124, 117186));
5;0.960937500000000;39062;6;243.53;((0, 156250), (39062, 78124, 117186));
5;0.964843750000000;39062;0;138.98;((0, 156250), (39062, 78124, 117186));
5;0.962890625000000;39062;5;241.04;((0, 156250), (39062, 78124, 117186));
5;0.961914062500000;39062;8;244.79;((0, 156250), (39062, 78124, 117186));
5;0.962402343750000;39062;3;239.77;((0, 156250), (39062, 78124, 117186));
5;0.962158203125000;39062;8;242.84;((0, 156250), (39062, 78124, 117186));
5;0.962280273437500;39062;5;241.05;((0, 156250), (39062, 78124, 117186));
5;0.962219238281250;39062;2;233.70;((0, 156250), (39062, 78124, 117186));
5;0.962188720703125;39062;6;243.17;((0, 156250), (39062, 78124, 117186));
5;0.962203979492188;39062;4;240.38;((0, 156250), (39062, 78124, 117186));
5;0.962196350097656;39062;6;243.53;((0, 156250), (39062, 78124, 117186));
5;0.962200164794922;39062;7;241.69;((0, 156250), (39062, 78124, 117186));
5;0.962202072143555;39062;2;238.99;((0, 156250), (39062, 78124, 117186));
5;0.962201118469238;39062;7;242.97;((0, 156250), (39062, 78124, 117186));
5;0.500000000000000;78124;11;139.44;((0, 156250), (39062, 78124, 117186));
5;0.750000000000000;78124;11;202.37;((0, 156250), (39062, 78124, 117186));
5;0.875000000000000;78124;11;233.82;((0, 156250), (39062, 78124, 117186));
5;0.937500000000000;78124;11;256.30;((0, 156250), (39062, 78124, 117186));
5;0.968750000000000;78124;0;131.62;((0, 156250), (39062, 78124, 117186));
5;0.953125000000000;78124;11;254.26;((0, 156250), (39062, 78124, 117186));
5;0.960937500000000;78124;11;260.61;((0, 156250), (39062, 78124, 117186));
5;0.964843750000000;78124;7;246.23;((0, 156250), (39062, 78124, 117186));
5;0.966796875000000;78124;0;171.97;((0, 156250), (39062, 78124, 117186));
5;0.965820312500000;78124;5;244.49;((0, 156250), (39062, 78124, 117186));
5;0.965332031250000;78124;6;246.32;((0, 156250), (39062, 78124, 117186));
5;0.965576171875000;78124;7;247.06;((0, 156250), (39062, 78124, 117186));
5;0.965698242187500;78124;1;238.21;((0, 156250), (39062, 78124, 117186));
5;0.965637207031250;78124;6;248.08;((0, 156250), (39062, 78124, 117186));
5;0.965667724609375;78124;3;241.08;((0, 156250), (39062, 78124, 117186));
5;0.965652465820312;78124;8;246.32;((0, 156250), (39062, 78124, 117186));
5;0.965660095214844;78124;4;243.91;((0, 156250), (39062, 78124, 117186));
5;0.965656280517578;78124;4;243.58;((0, 156250), (39062, 78124, 117186));
5;0.965654373168945;78124;7;250.10;((0, 156250), (39062, 78124, 117186));
5;0.965655326843262;78124;5;245.06;((0, 156250), (39062, 78124, 117186));
5;0.500000000000000;117186;11;139.59;((0, 156250), (39062, 78124, 117186));
5;0.750000000000000;117186;11;202.76;((0, 156250), (39062, 78124, 117186));
5;0.875000000000000;117186;11;235.73;((0, 156250), (39062, 78124, 117186));
5;0.937500000000000;117186;11;251.04;((0, 156250), (39062, 78124, 117186));
5;0.968750000000000;117186;10;254.88;((0, 156250), (39062, 78124, 117186));
5;0.984375000000000;117186;0;118.82;((0, 156250), (39062, 78124, 117186));
5;0.976562500000000;117186;0;110.42;((0, 156250), (39062, 78124, 117186));
5;0.972656250000000;117186;0;133.57;((0, 156250), (39062, 78124, 117186));
5;0.970703125000000;117186;3;242.67;((0, 156250), (39062, 78124, 117186));
5;0.969726562500000;117186;7;248.21;((0, 156250), (39062, 78124, 117186));
5;0.970214843750000;117186;5;246.64;((0, 156250), (39062, 78124, 117186));
5;0.969970703125000;117186;4;244.74;((0, 156250), (39062, 78124, 117186));
5;0.969848632812500;117186;7;250.55;((0, 156250), (39062, 78124, 117186));
5;0.969909667968750;117186;8;250.99;((0, 156250), (39062, 78124, 117186));
5;0.969940185546875;117186;6;249.28;((0, 156250), (39062, 78124, 117186));
5;0.969955444335938;117186;7;246.40;((0, 156250), (39062, 78124, 117186));
5;0.969963073730469;117186;4;246.21;((0, 156250), (39062, 78124, 117186));
5;0.969959259033203;117186;5;245.97;((0, 156250), (39062, 78124, 117186));
5;0.969957351684570;117186;3;243.20;((0, 156250), (39062, 78124, 117186));
5;0.969956398010254;117186;8;249.33;((0, 156250), (39062, 78124, 117186));
5;0.500000000000000;97655;11;139.67;((78124, 156250), (97655, 117186, 136717));
5;0.750000000000000;97655;11;202.89;((78124, 156250), (97655, 117186, 136717));
5;0.875000000000000;97655;11;234.67;((78124, 156250), (97655, 117186, 136717));
5;0.937500000000000;97655;11;250.55;((78124, 156250), (97655, 117186, 136717));
5;0.968750000000000;97655;10;252.79;((78124, 156250), (97655, 117186, 136717));
5;0.984375000000000;97655;0;107.98;((78124, 156250), (97655, 117186, 136717));
5;0.976562500000000;97655;0;115.18;((78124, 156250), (97655, 117186, 136717));
5;0.972656250000000;97655;0;135.80;((78124, 156250), (97655, 117186, 136717));
5;0.970703125000000;97655;4;246.10;((78124, 156250), (97655, 117186, 136717));
5;0.969726562500000;97655;6;247.61;((78124, 156250), (97655, 117186, 136717));
5;0.970214843750000;97655;10;254.25;((78124, 156250), (97655, 117186, 136717));
5;0.970458984375000;97655;7;249.40;((78124, 156250), (97655, 117186, 136717));
5;0.970581054687500;97655;1;242.62;((78124, 156250), (97655, 117186, 136717));
5;0.970520019531250;97655;6;247.75;((78124, 156250), (97655, 117186, 136717));
5;0.970550537109375;97655;3;245.52;((78124, 156250), (97655, 117186, 136717));
5;0.970535278320312;97655;5;248.72;((78124, 156250), (97655, 117186, 136717));
5;0.970527648925781;97655;7;250.30;((78124, 156250), (97655, 117186, 136717));
5;0.970531463623047;97655;4;245.75;((78124, 156250), (97655, 117186, 136717));
5;0.970529556274414;97655;4;247.79;((78124, 156250), (97655, 117186, 136717));
5;0.970528602600098;97655;3;243.19;((78124, 156250), (97655, 117186, 136717));
5;0.500000000000000;136717;11;139.99;((78124, 156250), (97655, 117186, 136717));
5;0.750000000000000;136717;11;205.90;((78124, 156250), (97655, 117186, 136717));
5;0.875000000000000;136717;11;235.80;((78124, 156250), (97655, 117186, 136717));
5;0.937500000000000;136717;11;251.93;((78124, 156250), (97655, 117186, 136717));
5;0.968750000000000;136717;5;250.28;((78124, 156250), (97655, 117186, 136717));
5;0.953125000000000;136717;11;255.49;((78124, 156250), (97655, 117186, 136717));
5;0.960937500000000;136717;11;258.72;((78124, 156250), (97655, 117186, 136717));
5;0.964843750000000;136717;11;259.67;((78124, 156250), (97655, 117186, 136717));
5;0.966796875000000;136717;10;256.13;((78124, 156250), (97655, 117186, 136717));
5;0.967773437500000;136717;8;251.18;((78124, 156250), (97655, 117186, 136717));
5;0.968261718750000;136717;8;251.37;((78124, 156250), (97655, 117186, 136717));
5;0.968505859375000;136717;9;254.38;((78124, 156250), (97655, 117186, 136717));
5;0.968627929687500;136717;7;249.64;((78124, 156250), (97655, 117186, 136717));
5;0.968688964843750;136717;5;248.75;((78124, 156250), (97655, 117186, 136717));
5;0.968658447265625;136717;9;251.69;((78124, 156250), (97655, 117186, 136717));
5;0.968673706054688;136717;5;261.06;((78124, 156250), (97655, 117186, 136717));
5;0.968666076660156;136717;8;249.46;((78124, 156250), (97655, 117186, 136717));
5;0.968669891357422;136717;8;251.72;((78124, 156250), (97655, 117186, 136717));
5;0.968671798706055;136717;7;254.66;((78124, 156250), (97655, 117186, 136717));
5;0.968672752380371;136717;9;252.37;((78124, 156250), (97655, 117186, 136717));
5;0.500000000000000;87889;11;139.13;((78124, 117186), (87889, 97654, 107419));
5;0.750000000000000;87889;11;202.25;((78124, 117186), (87889, 97654, 107419));
5;0.875000000000000;87889;11;235.71;((78124, 117186), (87889, 97654, 107419));
5;0.937500000000000;87889;11;251.03;((78124, 117186), (87889, 97654, 107419));
5;0.968750000000000;87889;11;258.52;((78124, 117186), (87889, 97654, 107419));
5;0.984375000000000;87889;0;108.15;((78124, 117186), (87889, 97654, 107419));
5;0.976562500000000;87889;0;111.81;((78124, 117186), (87889, 97654, 107419));
5;0.972656250000000;87889;0;142.02;((78124, 117186), (87889, 97654, 107419));
5;0.970703125000000;87889;6;246.82;((78124, 117186), (87889, 97654, 107419));
5;0.971679687500000;87889;2;240.04;((78124, 117186), (87889, 97654, 107419));
5;0.971191406250000;87889;1;240.75;((78124, 117186), (87889, 97654, 107419));
5;0.970947265625000;87889;5;245.13;((78124, 117186), (87889, 97654, 107419));
5;0.970825195312500;87889;6;278.47;((78124, 117186), (87889, 97654, 107419));
5;0.970886230468750;87889;2;241.99;((78124, 117186), (87889, 97654, 107419));
5;0.970855712890625;87889;4;244.31;((78124, 117186), (87889, 97654, 107419));
5;0.970840454101562;87889;5;244.48;((78124, 117186), (87889, 97654, 107419));
5;0.970832824707031;87889;6;251.08;((78124, 117186), (87889, 97654, 107419));
5;0.970836639404297;87889;7;249.00;((78124, 117186), (87889, 97654, 107419));
5;0.970838546752930;87889;4;245.83;((78124, 117186), (87889, 97654, 107419));
5;0.970837593078613;87889;5;245.83;((78124, 117186), (87889, 97654, 107419));
5;0.500000000000000;97654;11;139.44;((78124, 117186), (87889, 97654, 107419));
5;0.750000000000000;97654;11;203.10;((78124, 117186), (87889, 97654, 107419));
5;0.875000000000000;97654;11;237.34;((78124, 117186), (87889, 97654, 107419));
5;0.937500000000000;97654;11;249.45;((78124, 117186), (87889, 97654, 107419));
5;0.968750000000000;97654;0;143.20;((78124, 117186), (87889, 97654, 107419));
5;0.953125000000000;97654;11;254.47;((78124, 117186), (87889, 97654, 107419));
5;0.960937500000000;97654;11;256.17;((78124, 117186), (87889, 97654, 107419));
5;0.964843750000000;97654;8;248.64;((78124, 117186), (87889, 97654, 107419));
5;0.966796875000000;97654;2;239.28;((78124, 117186), (87889, 97654, 107419));
5;0.965820312500000;97654;5;247.12;((78124, 117186), (87889, 97654, 107419));
5;0.965332031250000;97654;6;247.45;((78124, 117186), (87889, 97654, 107419));
5;0.965576171875000;97654;8;248.87;((78124, 117186), (87889, 97654, 107419));
5;0.965698242187500;97654;5;245.09;((78124, 117186), (87889, 97654, 107419));
5;0.965637207031250;97654;5;244.27;((78124, 117186), (87889, 97654, 107419));
5;0.965606689453125;97654;8;248.82;((78124, 117186), (87889, 97654, 107419));
5;0.965621948242188;97654;4;244.39;((78124, 117186), (87889, 97654, 107419));
5;0.965614318847656;97654;8;249.12;((78124, 117186), (87889, 97654, 107419));
5;0.965618133544922;97654;7;249.97;((78124, 117186), (87889, 97654, 107419));
5;0.965620040893555;97654;6;248.46;((78124, 117186), (87889, 97654, 107419));
5;0.965620994567871;97654;5;245.23;((78124, 117186), (87889, 97654, 107419));
5;0.500000000000000;107419;11;139.82;((78124, 117186), (87889, 97654, 107419));
5;0.750000000000000;107419;11;203.36;((78124, 117186), (87889, 97654, 107419));
5;0.875000000000000;107419;11;234.57;((78124, 117186), (87889, 97654, 107419));
5;0.937500000000000;107419;11;251.53;((78124, 117186), (87889, 97654, 107419));
5;0.968750000000000;107419;11;263.74;((78124, 117186), (87889, 97654, 107419));
5;0.984375000000000;107419;0;108.32;((78124, 117186), (87889, 97654, 107419));
5;0.976562500000000;107419;0;111.52;((78124, 117186), (87889, 97654, 107419));
5;0.972656250000000;107419;0;143.47;((78124, 117186), (87889, 97654, 107419));
5;0.970703125000000;107419;2;240.82;((78124, 117186), (87889, 97654, 107419));
5;0.969726562500000;107419;6;247.18;((78124, 117186), (87889, 97654, 107419));
5;0.970214843750000;107419;8;249.35;((78124, 117186), (87889, 97654, 107419));
5;0.970458984375000;107419;4;245.53;((78124, 117186), (87889, 97654, 107419));
5;0.970336914062500;107419;5;245.62;((78124, 117186), (87889, 97654, 107419));
5;0.970275878906250;107419;7;249.97;((78124, 117186), (87889, 97654, 107419));
5;0.970306396484375;107419;4;247.05;((78124, 117186), (87889, 97654, 107419));
5;0.970291137695312;107419;5;246.94;((78124, 117186), (87889, 97654, 107419));
5;0.970283508300781;107419;7;252.60;((78124, 117186), (87889, 97654, 107419));
5;0.970287322998047;107419;2;240.93;((78124, 117186), (87889, 97654, 107419));
5;0.970285415649414;107419;8;249.31;((78124, 117186), (87889, 97654, 107419));
5;0.970286369323730;107419;7;249.29;((78124, 117186), (87889, 97654, 107419));
5;0.500000000000000;83006;11;138.96;((78124, 97654), (83006, 87888, 92770));
5;0.750000000000000;83006;11;202.43;((78124, 97654), (83006, 87888, 92770));
5;0.875000000000000;83006;11;233.88;((78124, 97654), (83006, 87888, 92770));
5;0.937500000000000;83006;11;250.52;((78124, 97654), (83006, 87888, 92770));
5;0.968750000000000;83006;10;255.21;((78124, 97654), (83006, 87888, 92770));
5;0.984375000000000;83006;0;107.96;((78124, 97654), (83006, 87888, 92770));
5;0.976562500000000;83006;0;115.84;((78124, 97654), (83006, 87888, 92770));
5;0.972656250000000;83006;0;159.73;((78124, 97654), (83006, 87888, 92770));
5;0.970703125000000;83006;5;248.34;((78124, 97654), (83006, 87888, 92770));
5;0.969726562500000;83006;9;252.94;((78124, 97654), (83006, 87888, 92770));
5;0.970214843750000;83006;10;261.02;((78124, 97654), (83006, 87888, 92770));
5;0.970458984375000;83006;7;248.91;((78124, 97654), (83006, 87888, 92770));
5;0.970581054687500;83006;4;244.69;((78124, 97654), (83006, 87888, 92770));
5;0.970520019531250;83006;6;246.30;((78124, 97654), (83006, 87888, 92770));
5;0.970550537109375;83006;8;251.13;((78124, 97654), (83006, 87888, 92770));
5;0.970565795898438;83006;6;247.34;((78124, 97654), (83006, 87888, 92770));
5;0.970573425292969;83006;6;247.53;((78124, 97654), (83006, 87888, 92770));
5;0.970577239990234;83006;7;248.13;((78124, 97654), (83006, 87888, 92770));
5;0.970579147338867;83006;5;246.37;((78124, 97654), (83006, 87888, 92770));
5;0.970578193664551;83006;9;249.68;((78124, 97654), (83006, 87888, 92770));
5;0.500000000000000;87888;11;140.05;((78124, 97654), (83006, 87888, 92770));
5;0.750000000000000;87888;11;203.01;((78124, 97654), (83006, 87888, 92770));
5;0.875000000000000;87888;11;235.96;((78124, 97654), (83006, 87888, 92770));
5;0.937500000000000;87888;11;252.36;((78124, 97654), (83006, 87888, 92770));
5;0.968750000000000;87888;11;259.43;((78124, 97654), (83006, 87888, 92770));
5;0.984375000000000;87888;0;107.64;((78124, 97654), (83006, 87888, 92770));
5;0.976562500000000;87888;0;110.99;((78124, 97654), (83006, 87888, 92770));
5;0.972656250000000;87888;0;146.33;((78124, 97654), (83006, 87888, 92770));
5;0.970703125000000;87888;6;247.10;((78124, 97654), (83006, 87888, 92770));
5;0.971679687500000;87888;2;239.90;((78124, 97654), (83006, 87888, 92770));
5;0.971191406250000;87888;2;240.62;((78124, 97654), (83006, 87888, 92770));
5;0.970947265625000;87888;3;244.23;((78124, 97654), (83006, 87888, 92770));
5;0.970825195312500;87888;5;244.43;((78124, 97654), (83006, 87888, 92770));
5;0.970764160156250;87888;5;245.27;((78124, 97654), (83006, 87888, 92770));
5;0.970733642578125;87888;4;245.73;((78124, 97654), (83006, 87888, 92770));
5;0.970718383789062;87888;7;248.30;((78124, 97654), (83006, 87888, 92770));
5;0.970726013183594;87888;5;245.30;((78124, 97654), (83006, 87888, 92770));
5;0.970722198486328;87888;5;244.77;((78124, 97654), (83006, 87888, 92770));
5;0.970720291137695;87888;4;244.66;((78124, 97654), (83006, 87888, 92770));
5;0.970719337463379;87888;7;250.42;((78124, 97654), (83006, 87888, 92770));
5;0.500000000000000;92770;11;140.44;((78124, 97654), (83006, 87888, 92770));
5;0.750000000000000;92770;11;205.01;((78124, 97654), (83006, 87888, 92770));
5;0.875000000000000;92770;11;234.66;((78124, 97654), (83006, 87888, 92770));
5;0.937500000000000;92770;11;252.10;((78124, 97654), (83006, 87888, 92770));
5;0.968750000000000;92770;0;129.09;((78124, 97654), (83006, 87888, 92770));
5;0.953125000000000;92770;11;255.99;((78124, 97654), (83006, 87888, 92770));
5;0.960937500000000;92770;11;256.11;((78124, 97654), (83006, 87888, 92770));
5;0.964843750000000;92770;8;248.94;((78124, 97654), (83006, 87888, 92770));
5;0.966796875000000;92770;0;153.60;((78124, 97654), (83006, 87888, 92770));
5;0.965820312500000;92770;4;245.51;((78124, 97654), (83006, 87888, 92770));
5;0.965332031250000;92770;7;249.28;((78124, 97654), (83006, 87888, 92770));
5;0.965576171875000;92770;5;246.80;((78124, 97654), (83006, 87888, 92770));
5;0.965454101562500;92770;8;251.78;((78124, 97654), (83006, 87888, 92770));
5;0.965515136718750;92770;6;249.11;((78124, 97654), (83006, 87888, 92770));
5;0.965545654296875;92770;5;245.38;((78124, 97654), (83006, 87888, 92770));
5;0.965530395507812;92770;7;248.43;((78124, 97654), (83006, 87888, 92770));
5;0.965538024902344;92770;4;251.65;((78124, 97654), (83006, 87888, 92770));
5;0.965534210205078;92770;8;249.96;((78124, 97654), (83006, 87888, 92770));
5;0.965536117553711;92770;6;247.30;((78124, 97654), (83006, 87888, 92770));
5;0.965537071228027;92770;5;247.72;((78124, 97654), (83006, 87888, 92770));
5;0.500000000000000;85447;11;139.76;((83006, 92770), (85447, 87888, 90329));
5;0.750000000000000;85447;11;201.86;((83006, 92770), (85447, 87888, 90329));
5;0.875000000000000;85447;11;233.98;((83006, 92770), (85447, 87888, 90329));
5;0.937500000000000;85447;11;249.94;((83006, 92770), (85447, 87888, 90329));
5;0.968750000000000;85447;9;251.55;((83006, 92770), (85447, 87888, 90329));
5;0.984375000000000;85447;0;108.10;((83006, 92770), (85447, 87888, 90329));
5;0.976562500000000;85447;0;114.29;((83006, 92770), (85447, 87888, 90329));
5;0.972656250000000;85447;0;153.42;((83006, 92770), (85447, 87888, 90329));
5;0.970703125000000;85447;6;245.55;((83006, 92770), (85447, 87888, 90329));
5;0.971679687500000;85447;3;242.98;((83006, 92770), (85447, 87888, 90329));
5;0.971191406250000;85447;5;247.16;((83006, 92770), (85447, 87888, 90329));
5;0.970947265625000;85447;3;244.30;((83006, 92770), (85447, 87888, 90329));
5;0.970825195312500;85447;5;243.58;((83006, 92770), (85447, 87888, 90329));
5;0.970764160156250;85447;6;247.27;((83006, 92770), (85447, 87888, 90329));
5;0.970794677734375;85447;8;248.35;((83006, 92770), (85447, 87888, 90329));
5;0.970809936523438;85447;5;250.07;((83006, 92770), (85447, 87888, 90329));
5;0.970802307128906;85447;5;244.78;((83006, 92770), (85447, 87888, 90329));
5;0.970798492431641;85447;6;250.77;((83006, 92770), (85447, 87888, 90329));
5;0.970800399780273;85447;8;250.56;((83006, 92770), (85447, 87888, 90329));
5;0.970801353454590;85447;4;243.74;((83006, 92770), (85447, 87888, 90329));
5;0.500000000000000;90329;11;139.24;((83006, 92770), (85447, 87888, 90329));
5;0.750000000000000;90329;11;207.17;((83006, 92770), (85447, 87888, 90329));
5;0.875000000000000;90329;11;236.24;((83006, 92770), (85447, 87888, 90329));
5;0.937500000000000;90329;11;251.65;((83006, 92770), (85447, 87888, 90329));
5;0.968750000000000;90329;11;259.39;((83006, 92770), (85447, 87888, 90329));
5;0.984375000000000;90329;0;108.25;((83006, 92770), (85447, 87888, 90329));
5;0.976562500000000;90329;0;110.70;((83006, 92770), (85447, 87888, 90329));
5;0.972656250000000;90329;0;171.41;((83006, 92770), (85447, 87888, 90329));
5;0.970703125000000;90329;2;241.89;((83006, 92770), (85447, 87888, 90329));
5;0.969726562500000;90329;9;251.75;((83006, 92770), (85447, 87888, 90329));
5;0.970214843750000;90329;5;248.44;((83006, 92770), (85447, 87888, 90329));
5;0.969970703125000;90329;6;250.66;((83006, 92770), (85447, 87888, 90329));
5;0.970092773437500;90329;6;248.87;((83006, 92770), (85447, 87888, 90329));
5;0.970153808593750;90329;7;248.90;((83006, 92770), (85447, 87888, 90329));
5;0.970184326171875;90329;8;249.23;((83006, 92770), (85447, 87888, 90329));
5;0.970199584960938;90329;6;249.76;((83006, 92770), (85447, 87888, 90329));
5;0.970207214355469;90329;8;256.57;((83006, 92770), (85447, 87888, 90329));
5;0.970211029052734;90329;7;247.72;((83006, 92770), (85447, 87888, 90329));
5;0.970212936401367;90329;8;248.42;((83006, 92770), (85447, 87888, 90329));
5;0.970213890075684;90329;3;244.03;((83006, 92770), (85447, 87888, 90329));
5;0.500000000000000;84226;11;138.76;((83006, 87888), (84226, 85446, 86666));
5;0.750000000000000;84226;11;202.77;((83006, 87888), (84226, 85446, 86666));
5;0.875000000000000;84226;11;234.19;((83006, 87888), (84226, 85446, 86666));
5;0.937500000000000;84226;11;249.77;((83006, 87888), (84226, 85446, 86666));
5;0.968750000000000;84226;11;257.37;((83006, 87888), (84226, 85446, 86666));
5;0.984375000000000;84226;0;108.31;((83006, 87888), (84226, 85446, 86666));
5;0.976562500000000;84226;0;115.23;((83006, 87888), (84226, 85446, 86666));
5;0.972656250000000;84226;0;164.49;((83006, 87888), (84226, 85446, 86666));
5;0.970703125000000;84226;6;249.55;((83006, 87888), (84226, 85446, 86666));
5;0.971679687500000;84226;3;242.38;((83006, 87888), (84226, 85446, 86666));
5;0.971191406250000;84226;2;239.32;((83006, 87888), (84226, 85446, 86666));
5;0.970947265625000;84226;5;244.80;((83006, 87888), (84226, 85446, 86666));
5;0.970825195312500;84226;5;244.66;((83006, 87888), (84226, 85446, 86666));
5;0.970764160156250;84226;4;245.74;((83006, 87888), (84226, 85446, 86666));
5;0.970733642578125;84226;5;248.34;((83006, 87888), (84226, 85446, 86666));
5;0.970718383789062;84226;6;246.84;((83006, 87888), (84226, 85446, 86666));
5;0.970726013183594;84226;4;245.83;((83006, 87888), (84226, 85446, 86666));
5;0.970722198486328;84226;3;245.15;((83006, 87888), (84226, 85446, 86666));
5;0.970720291137695;84226;9;251.13;((83006, 87888), (84226, 85446, 86666));
5;0.970721244812012;84226;5;246.88;((83006, 87888), (84226, 85446, 86666));
5;0.500000000000000;85446;11;140.06;((83006, 87888), (84226, 85446, 86666));
5;0.750000000000000;85446;11;202.96;((83006, 87888), (84226, 85446, 86666));
5;0.875000000000000;85446;11;234.67;((83006, 87888), (84226, 85446, 86666));
5;0.937500000000000;85446;11;251.20;((83006, 87888), (84226, 85446, 86666));
5;0.968750000000000;85446;11;259.43;((83006, 87888), (84226, 85446, 86666));
5;0.984375000000000;85446;0;108.20;((83006, 87888), (84226, 85446, 86666));
5;0.976562500000000;85446;0;114.54;((83006, 87888), (84226, 85446, 86666));
5;0.972656250000000;85446;1;236.95;((83006, 87888), (84226, 85446, 86666));
5;0.970703125000000;85446;5;247.09;((83006, 87888), (84226, 85446, 86666));
5;0.969726562500000;85446;6;249.00;((83006, 87888), (84226, 85446, 86666));
5;0.970214843750000;85446;9;255.25;((83006, 87888), (84226, 85446, 86666));
5;0.970458984375000;85446;9;249.95;((83006, 87888), (84226, 85446, 86666));
5;0.970581054687500;85446;4;244.08;((83006, 87888), (84226, 85446, 86666));
5;0.970520019531250;85446;6;248.36;((83006, 87888), (84226, 85446, 86666));
5;0.970550537109375;85446;6;247.86;((83006, 87888), (84226, 85446, 86666));
5;0.970565795898438;85446;6;248.89;((83006, 87888), (84226, 85446, 86666));
5;0.970573425292969;85446;6;256.51;((83006, 87888), (84226, 85446, 86666));
5;0.970577239990234;85446;6;251.76;((83006, 87888), (84226, 85446, 86666));
5;0.970579147338867;85446;4;253.07;((83006, 87888), (84226, 85446, 86666));
5;0.970578193664551;85446;8;261.38;((83006, 87888), (84226, 85446, 86666));
5;0.500000000000000;86666;11;139.34;((83006, 87888), (84226, 85446, 86666));
5;0.750000000000000;86666;11;203.33;((83006, 87888), (84226, 85446, 86666));
5;0.875000000000000;86666;11;236.54;((83006, 87888), (84226, 85446, 86666));
5;0.937500000000000;86666;11;250.65;((83006, 87888), (84226, 85446, 86666));
5;0.968750000000000;86666;11;262.03;((83006, 87888), (84226, 85446, 86666));
5;0.984375000000000;86666;0;108.08;((83006, 87888), (84226, 85446, 86666));
5;0.976562500000000;86666;0;111.21;((83006, 87888), (84226, 85446, 86666));
5;0.972656250000000;86666;0;156.38;((83006, 87888), (84226, 85446, 86666));
5;0.970703125000000;86666;6;246.63;((83006, 87888), (84226, 85446, 86666));
5;0.971679687500000;86666;2;238.05;((83006, 87888), (84226, 85446, 86666));
5;0.971191406250000;86666;5;247.17;((83006, 87888), (84226, 85446, 86666));
5;0.970947265625000;86666;4;248.37;((83006, 87888), (84226, 85446, 86666));
5;0.970825195312500;86666;8;251.07;((83006, 87888), (84226, 85446, 86666));
5;0.970886230468750;86666;5;245.28;((83006, 87888), (84226, 85446, 86666));
5;0.970855712890625;86666;6;246.43;((83006, 87888), (84226, 85446, 86666));
5;0.970870971679688;86666;6;246.10;((83006, 87888), (84226, 85446, 86666));
5;0.970878601074219;86666;7;248.59;((83006, 87888), (84226, 85446, 86666));
5;0.970882415771484;86666;4;244.27;((83006, 87888), (84226, 85446, 86666));
5;0.970880508422852;86666;4;245.80;((83006, 87888), (84226, 85446, 86666));
5;0.970879554748535;86666;5;247.47;((83006, 87888), (84226, 85446, 86666));
5;0.500000000000000;86056;11;139.96;((85446, 87888), (86056, 86666, 87276));
5;0.750000000000000;86056;11;203.68;((85446, 87888), (86056, 86666, 87276));
5;0.875000000000000;86056;11;236.24;((85446, 87888), (86056, 86666, 87276));
5;0.937500000000000;86056;11;251.95;((85446, 87888), (86056, 86666, 87276));
5;0.968750000000000;86056;9;253.74;((85446, 87888), (86056, 86666, 87276));
5;0.984375000000000;86056;0;108.20;((85446, 87888), (86056, 86666, 87276));
5;0.976562500000000;86056;0;111.24;((85446, 87888), (86056, 86666, 87276));
5;0.972656250000000;86056;0;166.83;((85446, 87888), (86056, 86666, 87276));
5;0.970703125000000;86056;6;247.00;((85446, 87888), (86056, 86666, 87276));
5;0.971679687500000;86056;3;242.08;((85446, 87888), (86056, 86666, 87276));
5;0.971191406250000;86056;4;244.83;((85446, 87888), (86056, 86666, 87276));
5;0.970947265625000;86056;5;256.72;((85446, 87888), (86056, 86666, 87276));
5;0.970825195312500;86056;7;247.79;((85446, 87888), (86056, 86666, 87276));
5;0.970886230468750;86056;4;245.18;((85446, 87888), (86056, 86666, 87276));
5;0.970855712890625;86056;4;247.53;((85446, 87888), (86056, 86666, 87276));
5;0.970840454101562;86056;6;250.22;((85446, 87888), (86056, 86666, 87276));
5;0.970848083496094;86056;5;245.46;((85446, 87888), (86056, 86666, 87276));
5;0.970844268798828;86056;6;300.15;((85446, 87888), (86056, 86666, 87276));
5;0.970846176147461;86056;6;248.01;((85446, 87888), (86056, 86666, 87276));
5;0.970847129821777;86056;5;247.19;((85446, 87888), (86056, 86666, 87276));
5;0.500000000000000;87276;11;139.17;((85446, 87888), (86056, 86666, 87276));
5;0.750000000000000;87276;11;203.15;((85446, 87888), (86056, 86666, 87276));
5;0.875000000000000;87276;11;286.62;((85446, 87888), (86056, 86666, 87276));
5;0.937500000000000;87276;11;250.17;((85446, 87888), (86056, 86666, 87276));
5;0.968750000000000;87276;9;252.43;((85446, 87888), (86056, 86666, 87276));
5;0.984375000000000;87276;0;108.62;((85446, 87888), (86056, 86666, 87276));
5;0.976562500000000;87276;0;113.49;((85446, 87888), (86056, 86666, 87276));
5;0.972656250000000;87276;0;141.68;((85446, 87888), (86056, 86666, 87276));
5;0.970703125000000;87276;6;247.35;((85446, 87888), (86056, 86666, 87276));
5;0.971679687500000;87276;2;243.12;((85446, 87888), (86056, 86666, 87276));
5;0.971191406250000;87276;3;246.10;((85446, 87888), (86056, 86666, 87276));
5;0.970947265625000;87276;3;241.21;((85446, 87888), (86056, 86666, 87276));
5;0.970825195312500;87276;4;245.99;((85446, 87888), (86056, 86666, 87276));
5;0.970764160156250;87276;6;248.35;((85446, 87888), (86056, 86666, 87276));
5;0.970794677734375;87276;3;244.17;((85446, 87888), (86056, 86666, 87276));
5;0.970779418945312;87276;6;247.15;((85446, 87888), (86056, 86666, 87276));
5;0.970787048339844;87276;5;245.51;((85446, 87888), (86056, 86666, 87276));
5;0.970783233642578;87276;7;248.12;((85446, 87888), (86056, 86666, 87276));
5;0.970785140991211;87276;6;247.56;((85446, 87888), (86056, 86666, 87276));
5;0.970786094665527;87276;5;245.53;((85446, 87888), (86056, 86666, 87276));
5;0.500000000000000;86361;11;139.60;((86056, 87276), (86361, 86666, 86971));
5;0.750000000000000;86361;11;202.47;((86056, 87276), (86361, 86666, 86971));
5;0.875000000000000;86361;11;235.00;((86056, 87276), (86361, 86666, 86971));
5;0.937500000000000;86361;11;252.50;((86056, 87276), (86361, 86666, 86971));
5;0.968750000000000;86361;10;251.50;((86056, 87276), (86361, 86666, 86971));
5;0.984375000000000;86361;0;107.89;((86056, 87276), (86361, 86666, 86971));
5;0.976562500000000;86361;0;112.14;((86056, 87276), (86361, 86666, 86971));
5;0.972656250000000;86361;0;170.66;((86056, 87276), (86361, 86666, 86971));
5;0.970703125000000;86361;6;248.49;((86056, 87276), (86361, 86666, 86971));
5;0.971679687500000;86361;1;239.51;((86056, 87276), (86361, 86666, 86971));
5;0.971191406250000;86361;3;241.98;((86056, 87276), (86361, 86666, 86971));
5;0.970947265625000;86361;6;249.40;((86056, 87276), (86361, 86666, 86971));
5;0.971069335937500;86361;3;244.37;((86056, 87276), (86361, 86666, 86971));
5;0.971008300781250;86361;4;258.97;((86056, 87276), (86361, 86666, 86971));
5;0.970977783203125;86361;1;236.48;((86056, 87276), (86361, 86666, 86971));
5;0.970962524414062;86361;4;244.88;((86056, 87276), (86361, 86666, 86971));
5;0.970954895019531;86361;3;244.43;((86056, 87276), (86361, 86666, 86971));
5;0.970951080322266;86361;5;246.86;((86056, 87276), (86361, 86666, 86971));
5;0.970949172973633;86361;5;244.62;((86056, 87276), (86361, 86666, 86971));
5;0.970948219299316;86361;1;240.30;((86056, 87276), (86361, 86666, 86971));
5;0.500000000000000;86971;11;139.13;((86056, 87276), (86361, 86666, 86971));
5;0.750000000000000;86971;11;210.75;((86056, 87276), (86361, 86666, 86971));
5;0.875000000000000;86971;11;233.88;((86056, 87276), (86361, 86666, 86971));
5;0.937500000000000;86971;11;251.16;((86056, 87276), (86361, 86666, 86971));
5;0.968750000000000;86971;11;258.79;((86056, 87276), (86361, 86666, 86971));
5;0.984375000000000;86971;0;107.70;((86056, 87276), (86361, 86666, 86971));
5;0.976562500000000;86971;0;113.78;((86056, 87276), (86361, 86666, 86971));
5;0.972656250000000;86971;0;172.59;((86056, 87276), (86361, 86666, 86971));
5;0.970703125000000;86971;4;244.28;((86056, 87276), (86361, 86666, 86971));
5;0.969726562500000;86971;10;258.65;((86056, 87276), (86361, 86666, 86971));
5;0.970214843750000;86971;7;249.46;((86056, 87276), (86361, 86666, 86971));
5;0.970458984375000;86971;7;249.30;((86056, 87276), (86361, 86666, 86971));
5;0.970581054687500;86971;6;256.76;((86056, 87276), (86361, 86666, 86971));
5;0.970642089843750;86971;7;248.68;((86056, 87276), (86361, 86666, 86971));
5;0.970672607421875;86971;4;246.51;((86056, 87276), (86361, 86666, 86971));
5;0.970657348632812;86971;6;245.64;((86056, 87276), (86361, 86666, 86971));
5;0.970664978027344;86971;7;251.51;((86056, 87276), (86361, 86666, 86971));
5;0.970668792724609;86971;6;248.33;((86056, 87276), (86361, 86666, 86971));
5;0.970670700073242;86971;8;249.79;((86056, 87276), (86361, 86666, 86971));
5;0.970671653747559;86971;3;242.96;((86056, 87276), (86361, 86666, 86971));
5;0.500000000000000;86208;11;140.94;((86056, 86666), (86208, 86360, 86512));
5;0.750000000000000;86208;11;202.18;((86056, 86666), (86208, 86360, 86512));
5;0.875000000000000;86208;11;234.92;((86056, 86666), (86208, 86360, 86512));
5;0.937500000000000;86208;11;259.77;((86056, 86666), (86208, 86360, 86512));
5;0.968750000000000;86208;9;253.13;((86056, 86666), (86208, 86360, 86512));
5;0.984375000000000;86208;0;109.44;((86056, 86666), (86208, 86360, 86512));
5;0.976562500000000;86208;0;111.84;((86056, 86666), (86208, 86360, 86512));
5;0.972656250000000;86208;0;150.75;((86056, 86666), (86208, 86360, 86512));
5;0.970703125000000;86208;9;254.22;((86056, 86666), (86208, 86360, 86512));
5;0.971679687500000;86208;4;248.26;((86056, 86666), (86208, 86360, 86512));
5;0.971191406250000;86208;2;242.27;((86056, 86666), (86208, 86360, 86512));
5;0.970947265625000;86208;6;249.59;((86056, 86666), (86208, 86360, 86512));
5;0.971069335937500;86208;3;244.87;((86056, 86666), (86208, 86360, 86512));
5;0.971008300781250;86208;4;248.21;((86056, 86666), (86208, 86360, 86512));
5;0.970977783203125;86208;6;260.70;((86056, 86666), (86208, 86360, 86512));
5;0.970993041992188;86208;2;243.94;((86056, 86666), (86208, 86360, 86512));
5;0.970985412597656;86208;3;245.24;((86056, 86666), (86208, 86360, 86512));
5;0.970981597900391;86208;4;247.04;((86056, 86666), (86208, 86360, 86512));
5;0.970979690551758;86208;3;246.50;((86056, 86666), (86208, 86360, 86512));
5;0.970978736877441;86208;3;246.53;((86056, 86666), (86208, 86360, 86512));
5;0.500000000000000;86360;11;146.04;((86056, 86666), (86208, 86360, 86512));
5;0.750000000000000;86360;11;204.61;((86056, 86666), (86208, 86360, 86512));
5;0.875000000000000;86360;11;237.02;((86056, 86666), (86208, 86360, 86512));
5;0.937500000000000;86360;11;253.68;((86056, 86666), (86208, 86360, 86512));
5;0.968750000000000;86360;0;129.77;((86056, 86666), (86208, 86360, 86512));
5;0.953125000000000;86360;11;259.16;((86056, 86666), (86208, 86360, 86512));
5;0.960937500000000;86360;11;260.93;((86056, 86666), (86208, 86360, 86512));
5;0.964843750000000;86360;11;259.39;((86056, 86666), (86208, 86360, 86512));
5;0.966796875000000;86360;2;242.52;((86056, 86666), (86208, 86360, 86512));
5;0.965820312500000;86360;3;244.59;((86056, 86666), (86208, 86360, 86512));
5;0.965332031250000;86360;4;246.37;((86056, 86666), (86208, 86360, 86512));
5;0.965087890625000;86360;10;254.87;((86056, 86666), (86208, 86360, 86512));
5;0.965209960937500;86360;8;251.77;((86056, 86666), (86208, 86360, 86512));
5;0.965270996093750;86360;8;248.73;((86056, 86666), (86208, 86360, 86512));
5;0.965301513671875;86360;5;247.14;((86056, 86666), (86208, 86360, 86512));
5;0.965286254882812;86360;6;247.43;((86056, 86666), (86208, 86360, 86512));
5;0.965293884277344;86360;6;250.68;((86056, 86666), (86208, 86360, 86512));
5;0.965297698974609;86360;7;248.87;((86056, 86666), (86208, 86360, 86512));
5;0.965299606323242;86360;10;255.95;((86056, 86666), (86208, 86360, 86512));
5;0.965300559997559;86360;7;251.58;((86056, 86666), (86208, 86360, 86512));
5;0.500000000000000;86512;11;140.89;((86056, 86666), (86208, 86360, 86512));
5;0.750000000000000;86512;11;205.43;((86056, 86666), (86208, 86360, 86512));
5;0.875000000000000;86512;11;236.72;((86056, 86666), (86208, 86360, 86512));
5;0.937500000000000;86512;11;254.69;((86056, 86666), (86208, 86360, 86512));
5;0.968750000000000;86512;0;126.14;((86056, 86666), (86208, 86360, 86512));
5;0.953125000000000;86512;11;257.25;((86056, 86666), (86208, 86360, 86512));
5;0.960937500000000;86512;11;259.03;((86056, 86666), (86208, 86360, 86512));
5;0.964843750000000;86512;7;248.62;((86056, 86666), (86208, 86360, 86512));
5;0.966796875000000;86512;1;239.55;((86056, 86666), (86208, 86360, 86512));
5;0.965820312500000;86512;5;246.82;((86056, 86666), (86208, 86360, 86512));
5;0.965332031250000;86512;7;250.94;((86056, 86666), (86208, 86360, 86512));
5;0.965576171875000;86512;7;251.20;((86056, 86666), (86208, 86360, 86512));
5;0.965698242187500;86512;8;251.24;((86056, 86666), (86208, 86360, 86512));
5;0.965759277343750;86512;8;251.02;((86056, 86666), (86208, 86360, 86512));
5;0.965789794921875;86512;4;246.57;((86056, 86666), (86208, 86360, 86512));
5;0.965774536132812;86512;3;244.81;((86056, 86666), (86208, 86360, 86512));
5;0.965766906738281;86512;6;246.96;((86056, 86666), (86208, 86360, 86512));
5;0.965770721435547;86512;3;257.59;((86056, 86666), (86208, 86360, 86512));
5;0.965768814086914;86512;7;253.12;((86056, 86666), (86208, 86360, 86512));
5;0.965769767761230;86512;4;246.19;((86056, 86666), (86208, 86360, 86512));
5;0.500000000000000;86132;11;141.70;((86056, 86360), (86132, 86208, 86284));
5;0.750000000000000;86132;11;209.00;((86056, 86360), (86132, 86208, 86284));
5;0.875000000000000;86132;11;235.89;((86056, 86360), (86132, 86208, 86284));
5;0.937500000000000;86132;11;252.50;((86056, 86360), (86132, 86208, 86284));
5;0.968750000000000;86132;0;145.30;((86056, 86360), (86132, 86208, 86284));
5;0.953125000000000;86132;11;257.32;((86056, 86360), (86132, 86208, 86284));
5;0.960937500000000;86132;11;259.40;((86056, 86360), (86132, 86208, 86284));
5;0.964843750000000;86132;7;249.71;((86056, 86360), (86132, 86208, 86284));
5;0.966796875000000;86132;1;243.43;((86056, 86360), (86132, 86208, 86284));
5;0.965820312500000;86132;3;246.15;((86056, 86360), (86132, 86208, 86284));
5;0.965332031250000;86132;8;250.00;((86056, 86360), (86132, 86208, 86284));
5;0.965576171875000;86132;4;246.74;((86056, 86360), (86132, 86208, 86284));
5;0.965454101562500;86132;7;249.74;((86056, 86360), (86132, 86208, 86284));
5;0.965515136718750;86132;4;246.52;((86056, 86360), (86132, 86208, 86284));
5;0.965484619140625;86132;9;257.61;((86056, 86360), (86132, 86208, 86284));
5;0.965499877929688;86132;7;260.74;((86056, 86360), (86132, 86208, 86284));
5;0.965507507324219;86132;7;249.05;((86056, 86360), (86132, 86208, 86284));
5;0.965511322021484;86132;9;253.47;((86056, 86360), (86132, 86208, 86284));
5;0.965513229370117;86132;4;247.98;((86056, 86360), (86132, 86208, 86284));
5;0.965512275695801;86132;7;248.70;((86056, 86360), (86132, 86208, 86284));
5;0.500000000000000;86284;11;140.60;((86056, 86360), (86132, 86208, 86284));
5;0.750000000000000;86284;11;220.96;((86056, 86360), (86132, 86208, 86284));
5;0.875000000000000;86284;11;237.00;((86056, 86360), (86132, 86208, 86284));
5;0.937500000000000;86284;11;252.80;((86056, 86360), (86132, 86208, 86284));
5;0.968750000000000;86284;0;141.30;((86056, 86360), (86132, 86208, 86284));
5;0.953125000000000;86284;11;256.84;((86056, 86360), (86132, 86208, 86284));
5;0.960937500000000;86284;11;259.82;((86056, 86360), (86132, 86208, 86284));
5;0.964843750000000;86284;7;249.71;((86056, 86360), (86132, 86208, 86284));
5;0.966796875000000;86284;2;239.39;((86056, 86360), (86132, 86208, 86284));
5;0.965820312500000;86284;7;250.20;((86056, 86360), (86132, 86208, 86284));
5;0.966308593750000;86284;1;241.57;((86056, 86360), (86132, 86208, 86284));
5;0.966064453125000;86284;4;243.69;((86056, 86360), (86132, 86208, 86284));
5;0.965942382812500;86284;3;245.10;((86056, 86360), (86132, 86208, 86284));
5;0.965881347656250;86284;1;243.43;((86056, 86360), (86132, 86208, 86284));
5;0.965850830078125;86284;3;243.77;((86056, 86360), (86132, 86208, 86284));
5;0.965835571289062;86284;5;246.47;((86056, 86360), (86132, 86208, 86284));
5;0.965827941894531;86284;6;249.06;((86056, 86360), (86132, 86208, 86284));
5;0.965831756591797;86284;5;248.60;((86056, 86360), (86132, 86208, 86284));
5;0.965829849243164;86284;8;250.99;((86056, 86360), (86132, 86208, 86284));
5;0.965830802917480;86284;5;245.89;((86056, 86360), (86132, 86208, 86284));
5;0.500000000000000;86170;11;140.63;((86132, 86284), (86170, 86208, 86246));
5;0.750000000000000;86170;11;204.72;((86132, 86284), (86170, 86208, 86246));
5;0.875000000000000;86170;11;236.76;((86132, 86284), (86170, 86208, 86246));
5;0.937500000000000;86170;11;253.23;((86132, 86284), (86170, 86208, 86246));
5;0.968750000000000;86170;0;159.44;((86132, 86284), (86170, 86208, 86246));
5;0.953125000000000;86170;11;257.05;((86132, 86284), (86170, 86208, 86246));
5;0.960937500000000;86170;11;258.36;((86132, 86284), (86170, 86208, 86246));
5;0.964843750000000;86170;7;250.94;((86132, 86284), (86170, 86208, 86246));
5;0.966796875000000;86170;1;240.29;((86132, 86284), (86170, 86208, 86246));
5;0.965820312500000;86170;4;247.89;((86132, 86284), (86170, 86208, 86246));
5;0.965332031250000;86170;9;251.32;((86132, 86284), (86170, 86208, 86246));
5;0.965576171875000;86170;3;246.81;((86132, 86284), (86170, 86208, 86246));
5;0.965454101562500;86170;4;252.17;((86132, 86284), (86170, 86208, 86246));
5;0.965393066406250;86170;6;247.79;((86132, 86284), (86170, 86208, 86246));
5;0.965423583984375;86170;7;250.13;((86132, 86284), (86170, 86208, 86246));
5;0.965438842773438;86170;7;250.36;((86132, 86284), (86170, 86208, 86246));
5;0.965446472167969;86170;7;250.52;((86132, 86284), (86170, 86208, 86246));
5;0.965450286865234;86170;10;256.01;((86132, 86284), (86170, 86208, 86246));
5;0.965452194213867;86170;8;249.45;((86132, 86284), (86170, 86208, 86246));
5;0.965453147888184;86170;9;255.35;((86132, 86284), (86170, 86208, 86246));
5;0.500000000000000;86246;11;141.30;((86132, 86284), (86170, 86208, 86246));
5;0.750000000000000;86246;11;206.84;((86132, 86284), (86170, 86208, 86246));
5;0.875000000000000;86246;11;235.77;((86132, 86284), (86170, 86208, 86246));
5;0.937500000000000;86246;11;252.21;((86132, 86284), (86170, 86208, 86246));
5;0.968750000000000;86246;10;259.66;((86132, 86284), (86170, 86208, 86246));
5;0.984375000000000;86246;0;108.97;((86132, 86284), (86170, 86208, 86246));
5;0.976562500000000;86246;0;114.43;((86132, 86284), (86170, 86208, 86246));
5;0.972656250000000;86246;0;158.74;((86132, 86284), (86170, 86208, 86246));
5;0.970703125000000;86246;7;250.87;((86132, 86284), (86170, 86208, 86246));
5;0.971679687500000;86246;1;241.79;((86132, 86284), (86170, 86208, 86246));
5;0.971191406250000;86246;3;243.18;((86132, 86284), (86170, 86208, 86246));
5;0.970947265625000;86246;1;244.68;((86132, 86284), (86170, 86208, 86246));
5;0.970825195312500;86246;7;250.40;((86132, 86284), (86170, 86208, 86246));
5;0.970886230468750;86246;5;249.67;((86132, 86284), (86170, 86208, 86246));
5;0.970855712890625;86246;5;248.39;((86132, 86284), (86170, 86208, 86246));
5;0.970840454101562;86246;5;245.48;((86132, 86284), (86170, 86208, 86246));
5;0.970832824707031;86246;5;251.08;((86132, 86284), (86170, 86208, 86246));
5;0.970829010009766;86246;6;248.28;((86132, 86284), (86170, 86208, 86246));
5;0.970830917358398;86246;6;249.20;((86132, 86284), (86170, 86208, 86246));
5;0.970831871032715;86246;4;256.96;((86132, 86284), (86170, 86208, 86246));
5;0.500000000000000;86189;11;140.48;((86170, 86246), (86189, 86208, 86227));
5;0.750000000000000;86189;11;203.82;((86170, 86246), (86189, 86208, 86227));
5;0.875000000000000;86189;11;236.61;((86170, 86246), (86189, 86208, 86227));
5;0.937500000000000;86189;11;252.47;((86170, 86246), (86189, 86208, 86227));
5;0.968750000000000;86189;11;260.56;((86170, 86246), (86189, 86208, 86227));
5;0.984375000000000;86189;0;109.75;((86170, 86246), (86189, 86208, 86227));
5;0.976562500000000;86189;0;116.05;((86170, 86246), (86189, 86208, 86227));
5;0.972656250000000;86189;0;134.78;((86170, 86246), (86189, 86208, 86227));
5;0.970703125000000;86189;5;247.42;((86170, 86246), (86189, 86208, 86227));
5;0.969726562500000;86189;7;249.59;((86170, 86246), (86189, 86208, 86227));
5;0.970214843750000;86189;7;256.21;((86170, 86246), (86189, 86208, 86227));
5;0.970458984375000;86189;8;252.36;((86170, 86246), (86189, 86208, 86227));
5;0.970581054687500;86189;5;247.90;((86170, 86246), (86189, 86208, 86227));
5;0.970520019531250;86189;5;250.02;((86170, 86246), (86189, 86208, 86227));
5;0.970489501953125;86189;5;249.97;((86170, 86246), (86189, 86208, 86227));
5;0.970474243164062;86189;6;248.89;((86170, 86246), (86189, 86208, 86227));
5;0.970481872558594;86189;2;243.85;((86170, 86246), (86189, 86208, 86227));
5;0.970478057861328;86189;8;251.35;((86170, 86246), (86189, 86208, 86227));
5;0.970479965209961;86189;5;247.95;((86170, 86246), (86189, 86208, 86227));
5;0.970479011535645;86189;9;257.33;((86170, 86246), (86189, 86208, 86227));
5;0.500000000000000;86227;11;143.87;((86170, 86246), (86189, 86208, 86227));
5;0.750000000000000;86227;11;204.52;((86170, 86246), (86189, 86208, 86227));
5;0.875000000000000;86227;11;236.19;((86170, 86246), (86189, 86208, 86227));
5;0.937500000000000;86227;11;259.23;((86170, 86246), (86189, 86208, 86227));
5;0.968750000000000;86227;10;254.76;((86170, 86246), (86189, 86208, 86227));
5;0.984375000000000;86227;0;109.53;((86170, 86246), (86189, 86208, 86227));
5;0.976562500000000;86227;0;114.52;((86170, 86246), (86189, 86208, 86227));
5;0.972656250000000;86227;1;239.44;((86170, 86246), (86189, 86208, 86227));
5;0.970703125000000;86227;3;245.18;((86170, 86246), (86189, 86208, 86227));
5;0.969726562500000;86227;7;251.77;((86170, 86246), (86189, 86208, 86227));
5;0.970214843750000;86227;7;251.13;((86170, 86246), (86189, 86208, 86227));
5;0.970458984375000;86227;7;256.09;((86170, 86246), (86189, 86208, 86227));
5;0.970581054687500;86227;9;255.10;((86170, 86246), (86189, 86208, 86227));
5;0.970642089843750;86227;5;249.15;((86170, 86246), (86189, 86208, 86227));
5;0.970611572265625;86227;7;251.57;((86170, 86246), (86189, 86208, 86227));
5;0.970626831054688;86227;5;247.48;((86170, 86246), (86189, 86208, 86227));
5;0.970619201660156;86227;3;244.80;((86170, 86246), (86189, 86208, 86227));
5;0.970615386962891;86227;7;253.74;((86170, 86246), (86189, 86208, 86227));
5;0.970617294311523;86227;5;248.30;((86170, 86246), (86189, 86208, 86227));
5;0.970616340637207;86227;6;250.16;((86170, 86246), (86189, 86208, 86227));
