5;0.500000000000000;1125000;11;63.06;((0, 4500000), (1125000, 2250000, 3375000));
5;0.750000000000000;1125000;0;47.81;((0, 4500000), (1125000, 2250000, 3375000));
5;0.625000000000000;1125000;11;76.64;((0, 4500000), (1125000, 2250000, 3375000));
5;0.687500000000000;1125000;11;84.82;((0, 4500000), (1125000, 2250000, 3375000));
5;0.718750000000000;1125000;11;89.46;((0, 4500000), (1125000, 2250000, 3375000));
5;0.734375000000000;1125000;11;89.11;((0, 4500000), (1125000, 2250000, 3375000));
5;0.742187500000000;1125000;3;86.51;((0, 4500000), (1125000, 2250000, 3375000));
5;0.738281250000000;1125000;11;89.20;((0, 4500000), (1125000, 2250000, 3375000));
5;0.740234375000000;1125000;11;90.07;((0, 4500000), (1125000, 2250000, 3375000));
5;0.741210937500000;1125000;7;87.77;((0, 4500000), (1125000, 2250000, 3375000));
5;0.741699218750000;1125000;4;87.26;((0, 4500000), (1125000, 2250000, 3375000));
5;0.741455078125000;1125000;5;88.73;((0, 4500000), (1125000, 2250000, 3375000));
5;0.741333007812500;1125000;6;87.43;((0, 4500000), (1125000, 2250000, 3375000));
5;0.741394042968750;1125000;6;87.16;((0, 4500000), (1125000, 2250000, 3375000));
5;0.741424560546875;1125000;7;88.06;((0, 4500000), (1125000, 2250000, 3375000));
5;0.741439819335938;1125000;7;87.98;((0, 4500000), (1125000, 2250000, 3375000));
5;0.741447448730469;1125000;7;87.59;((0, 4500000), (1125000, 2250000, 3375000));
5;0.741451263427734;1125000;4;86.49;((0, 4500000), (1125000, 2250000, 3375000));
5;0.741449356079102;1125000;4;87.91;((0, 4500000), (1125000, 2250000, 3375000));
5;0.741448402404785;1125000;6;87.41;((0, 4500000), (1125000, 2250000, 3375000));
5;0.500000000000000;2250000;11;62.60;((0, 4500000), (1125000, 2250000, 3375000));
5;0.750000000000000;2250000;0;43.77;((0, 4500000), (1125000, 2250000, 3375000));
5;0.625000000000000;2250000;0;42.85;((0, 4500000), (1125000, 2250000, 3375000));
5;0.562500000000000;2250000;11;69.88;((0, 4500000), (1125000, 2250000, 3375000));
5;0.593750000000000;2250000;11;73.73;((0, 4500000), (1125000, 2250000, 3375000));
5;0.609375000000000;2250000;11;76.57;((0, 4500000), (1125000, 2250000, 3375000));
5;0.617187500000000;2250000;0;44.02;((0, 4500000), (1125000, 2250000, 3375000));
5;0.613281250000000;2250000;11;75.95;((0, 4500000), (1125000, 2250000, 3375000));
5;0.615234375000000;2250000;11;76.28;((0, 4500000), (1125000, 2250000, 3375000));
5;0.616210937500000;2250000;3;72.85;((0, 4500000), (1125000, 2250000, 3375000));
5;0.615722656250000;2250000;8;74.87;((0, 4500000), (1125000, 2250000, 3375000));
5;0.615966796875000;2250000;5;73.60;((0, 4500000), (1125000, 2250000, 3375000));
5;0.615844726562500;2250000;8;74.60;((0, 4500000), (1125000, 2250000, 3375000));
5;0.615905761718750;2250000;9;74.85;((0, 4500000), (1125000, 2250000, 3375000));
5;0.615936279296875;2250000;8;75.62;((0, 4500000), (1125000, 2250000, 3375000));
5;0.615951538085938;2250000;5;73.70;((0, 4500000), (1125000, 2250000, 3375000));
5;0.615943908691406;2250000;3;73.50;((0, 4500000), (1125000, 2250000, 3375000));
5;0.615940093994141;2250000;8;74.88;((0, 4500000), (1125000, 2250000, 3375000));
5;0.615942001342773;2250000;6;74.22;((0, 4500000), (1125000, 2250000, 3375000));
5;0.615942955017090;2250000;3;72.97;((0, 4500000), (1125000, 2250000, 3375000));
5;0.500000000000000;3375000;11;63.36;((0, 4500000), (1125000, 2250000, 3375000));
5;0.750000000000000;3375000;0;41.84;((0, 4500000), (1125000, 2250000, 3375000));
5;0.625000000000000;3375000;0;40.23;((0, 4500000), (1125000, 2250000, 3375000));
5;0.562500000000000;3375000;11;69.95;((0, 4500000), (1125000, 2250000, 3375000));
5;0.593750000000000;3375000;11;73.17;((0, 4500000), (1125000, 2250000, 3375000));
5;0.609375000000000;3375000;0;43.29;((0, 4500000), (1125000, 2250000, 3375000));
5;0.601562500000000;3375000;11;74.24;((0, 4500000), (1125000, 2250000, 3375000));
5;0.605468750000000;3375000;11;75.08;((0, 4500000), (1125000, 2250000, 3375000));
5;0.607421875000000;3375000;5;72.68;((0, 4500000), (1125000, 2250000, 3375000));
5;0.606445312500000;3375000;11;75.95;((0, 4500000), (1125000, 2250000, 3375000));
5;0.606933593750000;3375000;10;74.96;((0, 4500000), (1125000, 2250000, 3375000));
5;0.607177734375000;3375000;10;75.63;((0, 4500000), (1125000, 2250000, 3375000));
5;0.607299804687500;3375000;7;73.43;((0, 4500000), (1125000, 2250000, 3375000));
5;0.607360839843750;3375000;5;72.73;((0, 4500000), (1125000, 2250000, 3375000));
5;0.607330322265625;3375000;6;72.88;((0, 4500000), (1125000, 2250000, 3375000));
5;0.607345581054688;3375000;6;73.02;((0, 4500000), (1125000, 2250000, 3375000));
5;0.607353210449219;3375000;4;72.68;((0, 4500000), (1125000, 2250000, 3375000));
5;0.607349395751953;3375000;4;72.23;((0, 4500000), (1125000, 2250000, 3375000));
5;0.607347488403320;3375000;6;73.28;((0, 4500000), (1125000, 2250000, 3375000));
5;0.607348442077637;3375000;4;72.35;((0, 4500000), (1125000, 2250000, 3375000));
5;0.500000000000000;562500;11;62.18;((0, 2250000), (562500, 1125000, 1687500));
5;0.750000000000000;562500;11;90.10;((0, 2250000), (562500, 1125000, 1687500));
5;0.875000000000000;562500;0;47.92;((0, 2250000), (562500, 1125000, 1687500));
5;0.812500000000000;562500;11;97.75;((0, 2250000), (562500, 1125000, 1687500));
5;0.843750000000000;562500;11;102.14;((0, 2250000), (562500, 1125000, 1687500));
5;0.859375000000000;562500;11;102.19;((0, 2250000), (562500, 1125000, 1687500));
5;0.867187500000000;562500;0;48.47;((0, 2250000), (562500, 1125000, 1687500));
5;0.863281250000000;562500;1;95.96;((0, 2250000), (562500, 1125000, 1687500));
5;0.861328125000000;562500;10;101.51;((0, 2250000), (562500, 1125000, 1687500));
5;0.862304687500000;562500;2;97.14;((0, 2250000), (562500, 1125000, 1687500));
5;0.861816406250000;562500;3;97.76;((0, 2250000), (562500, 1125000, 1687500));
5;0.861572265625000;562500;9;101.40;((0, 2250000), (562500, 1125000, 1687500));
5;0.861694335937500;562500;7;100.35;((0, 2250000), (562500, 1125000, 1687500));
5;0.861755371093750;562500;6;100.58;((0, 2250000), (562500, 1125000, 1687500));
5;0.861785888671875;562500;9;100.80;((0, 2250000), (562500, 1125000, 1687500));
5;0.861801147460938;562500;9;101.51;((0, 2250000), (562500, 1125000, 1687500));
5;0.861808776855469;562500;6;99.73;((0, 2250000), (562500, 1125000, 1687500));
5;0.861812591552734;562500;7;101.12;((0, 2250000), (562500, 1125000, 1687500));
5;0.861814498901367;562500;7;100.36;((0, 2250000), (562500, 1125000, 1687500));
5;0.861815452575684;562500;9;101.13;((0, 2250000), (562500, 1125000, 1687500));
5;0.500000000000000;1687500;11;62.58;((0, 2250000), (562500, 1125000, 1687500));
5;0.750000000000000;1687500;0;44.40;((0, 2250000), (562500, 1125000, 1687500));
5;0.625000000000000;1687500;11;78.96;((0, 2250000), (562500, 1125000, 1687500));
5;0.687500000000000;1687500;0;44.88;((0, 2250000), (562500, 1125000, 1687500));
5;0.656250000000000;1687500;0;45.08;((0, 2250000), (562500, 1125000, 1687500));
5;0.640625000000000;1687500;11;79.25;((0, 2250000), (562500, 1125000, 1687500));
5;0.648437500000000;1687500;9;78.67;((0, 2250000), (562500, 1125000, 1687500));
5;0.652343750000000;1687500;0;45.36;((0, 2250000), (562500, 1125000, 1687500));
5;0.650390625000000;1687500;0;46.15;((0, 2250000), (562500, 1125000, 1687500));
5;0.649414062500000;1687500;0;46.40;((0, 2250000), (562500, 1125000, 1687500));
5;0.648925781250000;1687500;3;76.41;((0, 2250000), (562500, 1125000, 1687500));
5;0.648681640625000;1687500;6;77.84;((0, 2250000), (562500, 1125000, 1687500));
5;0.648803710937500;1687500;7;78.92;((0, 2250000), (562500, 1125000, 1687500));
5;0.648864746093750;1687500;7;82.39;((0, 2250000), (562500, 1125000, 1687500));
5;0.648895263671875;1687500;3;76.18;((0, 2250000), (562500, 1125000, 1687500));
5;0.648880004882812;1687500;3;76.28;((0, 2250000), (562500, 1125000, 1687500));
5;0.648872375488281;1687500;4;76.61;((0, 2250000), (562500, 1125000, 1687500));
5;0.648868560791016;1687500;7;77.89;((0, 2250000), (562500, 1125000, 1687500));
5;0.648870468139648;1687500;5;79.60;((0, 2250000), (562500, 1125000, 1687500));
5;0.648869514465332;1687500;2;75.51;((0, 2250000), (562500, 1125000, 1687500));
5;0.500000000000000;281250;11;62.46;((0, 1125000), (281250, 562500, 843750));
5;0.750000000000000;281250;11;90.03;((0, 1125000), (281250, 562500, 843750));
5;0.875000000000000;281250;11;105.68;((0, 1125000), (281250, 562500, 843750));
5;0.937500000000000;281250;0;47.88;((0, 1125000), (281250, 562500, 843750));
5;0.906250000000000;281250;11;106.68;((0, 1125000), (281250, 562500, 843750));
5;0.921875000000000;281250;1;102.75;((0, 1125000), (281250, 562500, 843750));
5;0.914062500000000;281250;11;114.16;((0, 1125000), (281250, 562500, 843750));
5;0.917968750000000;281250;11;112.04;((0, 1125000), (281250, 562500, 843750));
5;0.919921875000000;281250;9;106.75;((0, 1125000), (281250, 562500, 843750));
5;0.920898437500000;281250;3;103.72;((0, 1125000), (281250, 562500, 843750));
5;0.920410156250000;281250;8;106.54;((0, 1125000), (281250, 562500, 843750));
5;0.920654296875000;281250;8;106.16;((0, 1125000), (281250, 562500, 843750));
5;0.920776367187500;281250;4;104.78;((0, 1125000), (281250, 562500, 843750));
5;0.920715332031250;281250;5;104.79;((0, 1125000), (281250, 562500, 843750));
5;0.920684814453125;281250;6;106.37;((0, 1125000), (281250, 562500, 843750));
5;0.920700073242188;281250;10;107.57;((0, 1125000), (281250, 562500, 843750));
5;0.920707702636719;281250;7;106.08;((0, 1125000), (281250, 562500, 843750));
5;0.920711517333984;281250;6;106.52;((0, 1125000), (281250, 562500, 843750));
5;0.920713424682617;281250;10;108.76;((0, 1125000), (281250, 562500, 843750));
5;0.920714378356934;281250;8;106.10;((0, 1125000), (281250, 562500, 843750));
5;0.500000000000000;843750;11;63.28;((0, 1125000), (281250, 562500, 843750));
5;0.750000000000000;843750;11;90.63;((0, 1125000), (281250, 562500, 843750));
5;0.875000000000000;843750;0;47.40;((0, 1125000), (281250, 562500, 843750));
5;0.812500000000000;843750;0;47.77;((0, 1125000), (281250, 562500, 843750));
5;0.781250000000000;843750;11;94.07;((0, 1125000), (281250, 562500, 843750));
5;0.796875000000000;843750;11;95.81;((0, 1125000), (281250, 562500, 843750));
5;0.804687500000000;843750;0;49.10;((0, 1125000), (281250, 562500, 843750));
5;0.800781250000000;843750;11;97.74;((0, 1125000), (281250, 562500, 843750));
5;0.802734375000000;843750;0;56.89;((0, 1125000), (281250, 562500, 843750));
5;0.801757812500000;843750;4;94.96;((0, 1125000), (281250, 562500, 843750));
5;0.801269531250000;843750;10;95.41;((0, 1125000), (281250, 562500, 843750));
5;0.801513671875000;843750;7;94.43;((0, 1125000), (281250, 562500, 843750));
5;0.801635742187500;843750;8;94.43;((0, 1125000), (281250, 562500, 843750));
5;0.801696777343750;843750;4;97.15;((0, 1125000), (281250, 562500, 843750));
5;0.801666259765625;843750;4;93.01;((0, 1125000), (281250, 562500, 843750));
5;0.801651000976562;843750;3;91.61;((0, 1125000), (281250, 562500, 843750));
5;0.801643371582031;843750;6;93.57;((0, 1125000), (281250, 562500, 843750));
5;0.801647186279297;843750;4;93.38;((0, 1125000), (281250, 562500, 843750));
5;0.801645278930664;843750;8;94.54;((0, 1125000), (281250, 562500, 843750));
5;0.801646232604980;843750;5;92.95;((0, 1125000), (281250, 562500, 843750));
5;0.500000000000000;140625;11;62.05;((0, 562500), (140625, 281250, 421875));
5;0.750000000000000;140625;11;89.66;((0, 562500), (140625, 281250, 421875));
5;0.875000000000000;140625;11;102.33;((0, 562500), (140625, 281250, 421875));
5;0.937500000000000;140625;11;110.19;((0, 562500), (140625, 281250, 421875));
5;0.968750000000000;140625;0;47.35;((0, 562500), (140625, 281250, 421875));
5;0.953125000000000;140625;6;108.62;((0, 562500), (140625, 281250, 421875));
5;0.960937500000000;140625;0;48.23;((0, 562500), (140625, 281250, 421875));
5;0.957031250000000;140625;0;52.70;((0, 562500), (140625, 281250, 421875));
5;0.955078125000000;140625;0;63.06;((0, 562500), (140625, 281250, 421875));
5;0.954101562500000;140625;0;69.10;((0, 562500), (140625, 281250, 421875));
5;0.953613281250000;140625;4;107.21;((0, 562500), (140625, 281250, 421875));
5;0.953369140625000;140625;2;106.15;((0, 562500), (140625, 281250, 421875));
5;0.953247070312500;140625;3;106.96;((0, 562500), (140625, 281250, 421875));
5;0.953186035156250;140625;8;109.81;((0, 562500), (140625, 281250, 421875));
5;0.953216552734375;140625;5;108.02;((0, 562500), (140625, 281250, 421875));
5;0.953201293945312;140625;3;106.55;((0, 562500), (140625, 281250, 421875));
5;0.953193664550781;140625;4;107.42;((0, 562500), (140625, 281250, 421875));
5;0.953189849853516;140625;5;108.68;((0, 562500), (140625, 281250, 421875));
5;0.953187942504883;140625;1;104.10;((0, 562500), (140625, 281250, 421875));
5;0.953186988830566;140625;7;108.30;((0, 562500), (140625, 281250, 421875));
5;0.500000000000000;421875;11;62.05;((0, 562500), (140625, 281250, 421875));
5;0.750000000000000;421875;11;90.36;((0, 562500), (140625, 281250, 421875));
5;0.875000000000000;421875;11;105.73;((0, 562500), (140625, 281250, 421875));
5;0.937500000000000;421875;0;47.82;((0, 562500), (140625, 281250, 421875));
5;0.906250000000000;421875;0;48.05;((0, 562500), (140625, 281250, 421875));
5;0.890625000000000;421875;11;105.23;((0, 562500), (140625, 281250, 421875));
5;0.898437500000000;421875;0;63.94;((0, 562500), (140625, 281250, 421875));
5;0.894531250000000;421875;11;106.11;((0, 562500), (140625, 281250, 421875));
5;0.896484375000000;421875;1;99.39;((0, 562500), (140625, 281250, 421875));
5;0.895507812500000;421875;8;104.53;((0, 562500), (140625, 281250, 421875));
5;0.895996093750000;421875;3;101.69;((0, 562500), (140625, 281250, 421875));
5;0.895751953125000;421875;9;104.81;((0, 562500), (140625, 281250, 421875));
5;0.895874023437500;421875;7;126.66;((0, 562500), (140625, 281250, 421875));
5;0.895935058593750;421875;9;104.73;((0, 562500), (140625, 281250, 421875));
5;0.895965576171875;421875;8;105.30;((0, 562500), (140625, 281250, 421875));
5;0.895980834960938;421875;5;102.67;((0, 562500), (140625, 281250, 421875));
5;0.895973205566406;421875;8;104.00;((0, 562500), (140625, 281250, 421875));
5;0.895977020263672;421875;5;102.14;((0, 562500), (140625, 281250, 421875));
5;0.895975112915039;421875;3;102.15;((0, 562500), (140625, 281250, 421875));
5;0.895974159240723;421875;4;101.80;((0, 562500), (140625, 281250, 421875));
5;0.500000000000000;70312;11;61.10;((0, 281250), (70312, 140624, 210936));
5;0.750000000000000;70312;11;88.07;((0, 281250), (70312, 140624, 210936));
5;0.875000000000000;70312;11;101.99;((0, 281250), (70312, 140624, 210936));
5;0.937500000000000;70312;11;108.19;((0, 281250), (70312, 140624, 210936));
5;0.968750000000000;70312;0;47.95;((0, 281250), (70312, 140624, 210936));
5;0.953125000000000;70312;11;110.51;((0, 281250), (70312, 140624, 210936));
5;0.960937500000000;70312;0;70.01;((0, 281250), (70312, 140624, 210936));
5;0.957031250000000;70312;11;111.08;((0, 281250), (70312, 140624, 210936));
5;0.958984375000000;70312;6;107.77;((0, 281250), (70312, 140624, 210936));
5;0.959960937500000;70312;2;104.87;((0, 281250), (70312, 140624, 210936));
5;0.959472656250000;70312;3;105.98;((0, 281250), (70312, 140624, 210936));
5;0.959228515625000;70312;1;104.69;((0, 281250), (70312, 140624, 210936));
5;0.959106445312500;70312;0;75.73;((0, 281250), (70312, 140624, 210936));
5;0.959045410156250;70312;4;106.09;((0, 281250), (70312, 140624, 210936));
5;0.959014892578125;70312;4;107.49;((0, 281250), (70312, 140624, 210936));
5;0.958999633789062;70312;2;105.00;((0, 281250), (70312, 140624, 210936));
5;0.958992004394531;70312;3;106.15;((0, 281250), (70312, 140624, 210936));
5;0.958988189697266;70312;5;107.74;((0, 281250), (70312, 140624, 210936));
5;0.958986282348633;70312;4;106.54;((0, 281250), (70312, 140624, 210936));
5;0.958985328674316;70312;6;108.40;((0, 281250), (70312, 140624, 210936));
5;0.500000000000000;140624;11;61.36;((0, 281250), (70312, 140624, 210936));
5;0.750000000000000;140624;11;97.71;((0, 281250), (70312, 140624, 210936));
5;0.875000000000000;140624;11;102.99;((0, 281250), (70312, 140624, 210936));
5;0.937500000000000;140624;11;109.56;((0, 281250), (70312, 140624, 210936));
5;0.968750000000000;140624;0;47.74;((0, 281250), (70312, 140624, 210936));
5;0.953125000000000;140624;0;55.35;((0, 281250), (70312, 140624, 210936));
5;0.945312500000000;140624;11;114.63;((0, 281250), (70312, 140624, 210936));
5;0.949218750000000;140624;1;104.83;((0, 281250), (70312, 140624, 210936));
5;0.947265625000000;140624;10;109.59;((0, 281250), (70312, 140624, 210936));
5;0.948242187500000;140624;4;107.02;((0, 281250), (70312, 140624, 210936));
5;0.947753906250000;140624;6;109.08;((0, 281250), (70312, 140624, 210936));
5;0.947998046875000;140624;5;107.43;((0, 281250), (70312, 140624, 210936));
5;0.947875976562500;140624;4;107.29;((0, 281250), (70312, 140624, 210936));
5;0.947814941406250;140624;8;108.96;((0, 281250), (70312, 140624, 210936));
5;0.947845458984375;140624;7;108.45;((0, 281250), (70312, 140624, 210936));
5;0.947860717773438;140624;8;109.03;((0, 281250), (70312, 140624, 210936));
5;0.947868347167969;140624;8;108.85;((0, 281250), (70312, 140624, 210936));
5;0.947872161865234;140624;7;108.72;((0, 281250), (70312, 140624, 210936));
5;0.947874069213867;140624;8;108.28;((0, 281250), (70312, 140624, 210936));
5;0.947875022888184;140624;4;106.84;((0, 281250), (70312, 140624, 210936));
5;0.500000000000000;210936;11;61.93;((0, 281250), (70312, 140624, 210936));
5;0.750000000000000;210936;11;90.41;((0, 281250), (70312, 140624, 210936));
5;0.875000000000000;210936;11;103.41;((0, 281250), (70312, 140624, 210936));
5;0.937500000000000;210936;11;109.67;((0, 281250), (70312, 140624, 210936));
5;0.968750000000000;210936;0;49.22;((0, 281250), (70312, 140624, 210936));
5;0.953125000000000;210936;0;47.49;((0, 281250), (70312, 140624, 210936));
5;0.945312500000000;210936;0;49.54;((0, 281250), (70312, 140624, 210936));
5;0.941406250000000;210936;0;62.47;((0, 281250), (70312, 140624, 210936));
5;0.939453125000000;210936;10;109.24;((0, 281250), (70312, 140624, 210936));
5;0.940429687500000;210936;3;105.60;((0, 281250), (70312, 140624, 210936));
5;0.939941406250000;210936;4;106.61;((0, 281250), (70312, 140624, 210936));
5;0.939697265625000;210936;3;105.91;((0, 281250), (70312, 140624, 210936));
5;0.939575195312500;210936;8;107.93;((0, 281250), (70312, 140624, 210936));
5;0.939636230468750;210936;6;107.27;((0, 281250), (70312, 140624, 210936));
5;0.939666748046875;210936;8;108.13;((0, 281250), (70312, 140624, 210936));
5;0.939682006835938;210936;5;106.43;((0, 281250), (70312, 140624, 210936));
5;0.939674377441406;210936;7;108.16;((0, 281250), (70312, 140624, 210936));
5;0.939678192138672;210936;2;104.33;((0, 281250), (70312, 140624, 210936));
5;0.939676284790039;210936;7;107.15;((0, 281250), (70312, 140624, 210936));
5;0.939677238464355;210936;5;106.82;((0, 281250), (70312, 140624, 210936));
5;0.500000000000000;35156;11;62.28;((0, 140624), (35156, 70312, 105468));
5;0.750000000000000;35156;11;87.32;((0, 140624), (35156, 70312, 105468));
5;0.875000000000000;35156;11;100.88;((0, 140624), (35156, 70312, 105468));
5;0.937500000000000;35156;11;107.88;((0, 140624), (35156, 70312, 105468));
5;0.968750000000000;35156;0;56.25;((0, 140624), (35156, 70312, 105468));
5;0.953125000000000;35156;11;109.07;((0, 140624), (35156, 70312, 105468));
5;0.960937500000000;35156;9;109.17;((0, 140624), (35156, 70312, 105468));
5;0.964843750000000;35156;5;106.87;((0, 140624), (35156, 70312, 105468));
5;0.962890625000000;35156;5;107.28;((0, 140624), (35156, 70312, 105468));
5;0.961914062500000;35156;10;109.53;((0, 140624), (35156, 70312, 105468));
5;0.962402343750000;35156;9;108.57;((0, 140624), (35156, 70312, 105468));
5;0.962646484375000;35156;8;107.99;((0, 140624), (35156, 70312, 105468));
5;0.962768554687500;35156;8;108.09;((0, 140624), (35156, 70312, 105468));
5;0.962829589843750;35156;8;108.66;((0, 140624), (35156, 70312, 105468));
5;0.962860107421875;35156;10;109.94;((0, 140624), (35156, 70312, 105468));
5;0.962875366210938;35156;9;108.63;((0, 140624), (35156, 70312, 105468));
5;0.962882995605469;35156;9;108.94;((0, 140624), (35156, 70312, 105468));
5;0.962886810302734;35156;7;108.25;((0, 140624), (35156, 70312, 105468));
5;0.962888717651367;35156;9;108.57;((0, 140624), (35156, 70312, 105468));
5;0.962889671325684;35156;11;110.44;((0, 140624), (35156, 70312, 105468));
5;0.500000000000000;105468;11;61.68;((0, 140624), (35156, 70312, 105468));
5;0.750000000000000;105468;11;88.69;((0, 140624), (35156, 70312, 105468));
5;0.875000000000000;105468;11;103.26;((0, 140624), (35156, 70312, 105468));
5;0.937500000000000;105468;11;109.53;((0, 140624), (35156, 70312, 105468));
5;0.968750000000000;105468;0;48.09;((0, 140624), (35156, 70312, 105468));
5;0.953125000000000;105468;11;111.93;((0, 140624), (35156, 70312, 105468));
5;0.960937500000000;105468;1;105.46;((0, 140624), (35156, 70312, 105468));
5;0.957031250000000;105468;11;110.36;((0, 140624), (35156, 70312, 105468));
5;0.958984375000000;105468;7;108.68;((0, 140624), (35156, 70312, 105468));
5;0.959960937500000;105468;1;104.76;((0, 140624), (35156, 70312, 105468));
5;0.959472656250000;105468;6;108.28;((0, 140624), (35156, 70312, 105468));
5;0.959716796875000;105468;2;105.64;((0, 140624), (35156, 70312, 105468));
5;0.959594726562500;105468;4;108.03;((0, 140624), (35156, 70312, 105468));
5;0.959533691406250;105468;3;106.15;((0, 140624), (35156, 70312, 105468));
5;0.959503173828125;105468;4;108.00;((0, 140624), (35156, 70312, 105468));
5;0.959487915039062;105468;4;107.88;((0, 140624), (35156, 70312, 105468));
5;0.959480285644531;105468;2;106.47;((0, 140624), (35156, 70312, 105468));
5;0.959476470947266;105468;2;106.54;((0, 140624), (35156, 70312, 105468));
5;0.959474563598633;105468;2;106.34;((0, 140624), (35156, 70312, 105468));
5;0.959473609924316;105468;1;104.62;((0, 140624), (35156, 70312, 105468));
5;0.500000000000000;17578;11;61.00;((0, 70312), (17578, 35156, 52734));
5;0.750000000000000;17578;11;87.17;((0, 70312), (17578, 35156, 52734));
5;0.875000000000000;17578;11;99.55;((0, 70312), (17578, 35156, 52734));
5;0.937500000000000;17578;11;107.33;((0, 70312), (17578, 35156, 52734));
5;0.968750000000000;17578;0;52.30;((0, 70312), (17578, 35156, 52734));
5;0.953125000000000;17578;11;107.72;((0, 70312), (17578, 35156, 52734));
5;0.960937500000000;17578;2;102.72;((0, 70312), (17578, 35156, 52734));
5;0.957031250000000;17578;7;106.28;((0, 70312), (17578, 35156, 52734));
5;0.958984375000000;17578;2;103.55;((0, 70312), (17578, 35156, 52734));
5;0.958007812500000;17578;5;104.66;((0, 70312), (17578, 35156, 52734));
5;0.957519531250000;17578;3;104.81;((0, 70312), (17578, 35156, 52734));
5;0.957275390625000;17578;2;102.67;((0, 70312), (17578, 35156, 52734));
5;0.957153320312500;17578;2;104.39;((0, 70312), (17578, 35156, 52734));
5;0.957092285156250;17578;5;106.03;((0, 70312), (17578, 35156, 52734));
5;0.957061767578125;17578;5;104.82;((0, 70312), (17578, 35156, 52734));
5;0.957046508789062;17578;2;106.53;((0, 70312), (17578, 35156, 52734));
5;0.957038879394531;17578;6;104.76;((0, 70312), (17578, 35156, 52734));
5;0.957042694091797;17578;7;105.98;((0, 70312), (17578, 35156, 52734));
5;0.957044601440430;17578;6;105.43;((0, 70312), (17578, 35156, 52734));
5;0.957045555114746;17578;2;103.71;((0, 70312), (17578, 35156, 52734));
5;0.500000000000000;52734;11;61.36;((0, 70312), (17578, 35156, 52734));
5;0.750000000000000;52734;11;87.74;((0, 70312), (17578, 35156, 52734));
5;0.875000000000000;52734;11;101.73;((0, 70312), (17578, 35156, 52734));
5;0.937500000000000;52734;11;111.24;((0, 70312), (17578, 35156, 52734));
5;0.968750000000000;52734;0;50.32;((0, 70312), (17578, 35156, 52734));
5;0.953125000000000;52734;11;109.37;((0, 70312), (17578, 35156, 52734));
5;0.960937500000000;52734;1;104.93;((0, 70312), (17578, 35156, 52734));
5;0.957031250000000;52734;11;111.31;((0, 70312), (17578, 35156, 52734));
5;0.958984375000000;52734;6;107.68;((0, 70312), (17578, 35156, 52734));
5;0.959960937500000;52734;3;106.16;((0, 70312), (17578, 35156, 52734));
5;0.959472656250000;52734;8;115.12;((0, 70312), (17578, 35156, 52734));
5;0.959716796875000;52734;3;106.17;((0, 70312), (17578, 35156, 52734));
5;0.959594726562500;52734;4;106.68;((0, 70312), (17578, 35156, 52734));
5;0.959533691406250;52734;7;107.58;((0, 70312), (17578, 35156, 52734));
5;0.959564208984375;52734;6;108.51;((0, 70312), (17578, 35156, 52734));
5;0.959579467773438;52734;2;106.25;((0, 70312), (17578, 35156, 52734));
5;0.959571838378906;52734;6;107.02;((0, 70312), (17578, 35156, 52734));
5;0.959575653076172;52734;5;107.19;((0, 70312), (17578, 35156, 52734));
5;0.959573745727539;52734;4;106.77;((0, 70312), (17578, 35156, 52734));
5;0.959572792053223;52734;4;106.56;((0, 70312), (17578, 35156, 52734));
5;0.500000000000000;26367;11;60.84;((17578, 52734), (26367, 35156, 43945));
5;0.750000000000000;26367;11;87.45;((17578, 52734), (26367, 35156, 43945));
5;0.875000000000000;26367;11;100.70;((17578, 52734), (26367, 35156, 43945));
5;0.937500000000000;26367;11;107.18;((17578, 52734), (26367, 35156, 43945));
5;0.968750000000000;26367;0;51.58;((17578, 52734), (26367, 35156, 43945));
5;0.953125000000000;26367;11;108.47;((17578, 52734), (26367, 35156, 43945));
5;0.960937500000000;26367;8;108.82;((17578, 52734), (26367, 35156, 43945));
5;0.964843750000000;26367;1;102.57;((17578, 52734), (26367, 35156, 43945));
5;0.962890625000000;26367;4;106.07;((17578, 52734), (26367, 35156, 43945));
5;0.961914062500000;26367;8;107.72;((17578, 52734), (26367, 35156, 43945));
5;0.962402343750000;26367;6;107.26;((17578, 52734), (26367, 35156, 43945));
5;0.962646484375000;26367;2;104.67;((17578, 52734), (26367, 35156, 43945));
5;0.962524414062500;26367;3;105.53;((17578, 52734), (26367, 35156, 43945));
5;0.962463378906250;26367;2;103.94;((17578, 52734), (26367, 35156, 43945));
5;0.962432861328125;26367;4;108.21;((17578, 52734), (26367, 35156, 43945));
5;0.962417602539062;26367;1;103.86;((17578, 52734), (26367, 35156, 43945));
5;0.962409973144531;26367;3;111.70;((17578, 52734), (26367, 35156, 43945));
5;0.962406158447266;26367;3;104.28;((17578, 52734), (26367, 35156, 43945));
5;0.962404251098633;26367;5;106.43;((17578, 52734), (26367, 35156, 43945));
5;0.962403297424316;26367;5;105.80;((17578, 52734), (26367, 35156, 43945));
5;0.500000000000000;43945;11;60.84;((17578, 52734), (26367, 35156, 43945));
5;0.750000000000000;43945;11;88.28;((17578, 52734), (26367, 35156, 43945));
5;0.875000000000000;43945;11;100.78;((17578, 52734), (26367, 35156, 43945));
5;0.937500000000000;43945;11;108.26;((17578, 52734), (26367, 35156, 43945));
5;0.968750000000000;43945;0;56.45;((17578, 52734), (26367, 35156, 43945));
5;0.953125000000000;43945;11;110.26;((17578, 52734), (26367, 35156, 43945));
5;0.960937500000000;43945;11;136.79;((17578, 52734), (26367, 35156, 43945));
5;0.964843750000000;43945;6;109.21;((17578, 52734), (26367, 35156, 43945));
5;0.966796875000000;43945;2;104.66;((17578, 52734), (26367, 35156, 43945));
5;0.965820312500000;43945;2;106.70;((17578, 52734), (26367, 35156, 43945));
5;0.965332031250000;43945;5;107.41;((17578, 52734), (26367, 35156, 43945));
5;0.965087890625000;43945;5;108.24;((17578, 52734), (26367, 35156, 43945));
5;0.964965820312500;43945;2;105.46;((17578, 52734), (26367, 35156, 43945));
5;0.964904785156250;43945;3;107.31;((17578, 52734), (26367, 35156, 43945));
5;0.964874267578125;43945;6;108.34;((17578, 52734), (26367, 35156, 43945));
5;0.964889526367188;43945;7;108.05;((17578, 52734), (26367, 35156, 43945));
5;0.964897155761719;43945;7;108.96;((17578, 52734), (26367, 35156, 43945));
5;0.964900970458984;43945;5;108.01;((17578, 52734), (26367, 35156, 43945));
5;0.964899063110352;43945;6;108.09;((17578, 52734), (26367, 35156, 43945));
5;0.964900016784668;43945;8;108.34;((17578, 52734), (26367, 35156, 43945));
5;0.500000000000000;39550;11;61.27;((35156, 52734), (39550, 43944, 48338));
5;0.750000000000000;39550;11;87.28;((35156, 52734), (39550, 43944, 48338));
5;0.875000000000000;39550;11;101.31;((35156, 52734), (39550, 43944, 48338));
5;0.937500000000000;39550;11;108.36;((35156, 52734), (39550, 43944, 48338));
5;0.968750000000000;39550;0;48.67;((35156, 52734), (39550, 43944, 48338));
5;0.953125000000000;39550;11;117.16;((35156, 52734), (39550, 43944, 48338));
5;0.960937500000000;39550;0;73.06;((35156, 52734), (39550, 43944, 48338));
5;0.957031250000000;39550;9;109.24;((35156, 52734), (39550, 43944, 48338));
5;0.958984375000000;39550;3;105.83;((35156, 52734), (39550, 43944, 48338));
5;0.958007812500000;39550;7;107.80;((35156, 52734), (39550, 43944, 48338));
5;0.958496093750000;39550;6;109.36;((35156, 52734), (39550, 43944, 48338));
5;0.958740234375000;39550;7;116.32;((35156, 52734), (39550, 43944, 48338));
5;0.958862304687500;39550;5;112.37;((35156, 52734), (39550, 43944, 48338));
5;0.958801269531250;39550;5;114.24;((35156, 52734), (39550, 43944, 48338));
5;0.958770751953125;39550;7;114.64;((35156, 52734), (39550, 43944, 48338));
5;0.958786010742188;39550;5;112.18;((35156, 52734), (39550, 43944, 48338));
5;0.958778381347656;39550;5;113.53;((35156, 52734), (39550, 43944, 48338));
5;0.958774566650391;39550;8;114.28;((35156, 52734), (39550, 43944, 48338));
5;0.958776473999023;39550;5;109.46;((35156, 52734), (39550, 43944, 48338));
5;0.958775520324707;39550;4;109.36;((35156, 52734), (39550, 43944, 48338));
5;0.500000000000000;43944;11;67.32;((35156, 52734), (39550, 43944, 48338));
5;0.750000000000000;43944;11;94.75;((35156, 52734), (39550, 43944, 48338));
5;0.875000000000000;43944;11;109.80;((35156, 52734), (39550, 43944, 48338));
5;0.937500000000000;43944;11;112.28;((35156, 52734), (39550, 43944, 48338));
5;0.968750000000000;43944;0;51.23;((35156, 52734), (39550, 43944, 48338));
5;0.953125000000000;43944;11;113.71;((35156, 52734), (39550, 43944, 48338));
5;0.960937500000000;43944;1;107.79;((35156, 52734), (39550, 43944, 48338));
5;0.957031250000000;43944;10;121.32;((35156, 52734), (39550, 43944, 48338));
5;0.958984375000000;43944;6;109.73;((35156, 52734), (39550, 43944, 48338));
5;0.959960937500000;43944;2;108.12;((35156, 52734), (39550, 43944, 48338));
5;0.959472656250000;43944;5;109.02;((35156, 52734), (39550, 43944, 48338));
5;0.959228515625000;43944;6;110.57;((35156, 52734), (39550, 43944, 48338));
5;0.959350585937500;43944;4;109.76;((35156, 52734), (39550, 43944, 48338));
5;0.959289550781250;43944;10;110.89;((35156, 52734), (39550, 43944, 48338));
5;0.959320068359375;43944;4;107.54;((35156, 52734), (39550, 43944, 48338));
5;0.959304809570312;43944;5;109.65;((35156, 52734), (39550, 43944, 48338));
5;0.959297180175781;43944;6;108.76;((35156, 52734), (39550, 43944, 48338));
5;0.959300994873047;43944;3;108.16;((35156, 52734), (39550, 43944, 48338));
5;0.959299087524414;43944;5;109.01;((35156, 52734), (39550, 43944, 48338));
5;0.959298133850098;43944;6;109.27;((35156, 52734), (39550, 43944, 48338));
5;0.500000000000000;48338;11;62.00;((35156, 52734), (39550, 43944, 48338));
5;0.750000000000000;48338;11;89.81;((35156, 52734), (39550, 43944, 48338));
5;0.875000000000000;48338;11;103.07;((35156, 52734), (39550, 43944, 48338));
5;0.937500000000000;48338;11;111.21;((35156, 52734), (39550, 43944, 48338));
5;0.968750000000000;48338;0;65.54;((35156, 52734), (39550, 43944, 48338));
5;0.953125000000000;48338;11;112.20;((35156, 52734), (39550, 43944, 48338));
5;0.960937500000000;48338;11;113.30;((35156, 52734), (39550, 43944, 48338));
5;0.964843750000000;48338;6;109.85;((35156, 52734), (39550, 43944, 48338));
5;0.966796875000000;48338;0;74.44;((35156, 52734), (39550, 43944, 48338));
5;0.965820312500000;48338;0;78.38;((35156, 52734), (39550, 43944, 48338));
5;0.965332031250000;48338;2;107.62;((35156, 52734), (39550, 43944, 48338));
5;0.965087890625000;48338;6;110.16;((35156, 52734), (39550, 43944, 48338));
5;0.965209960937500;48338;5;109.52;((35156, 52734), (39550, 43944, 48338));
5;0.965148925781250;48338;4;110.05;((35156, 52734), (39550, 43944, 48338));
5;0.965118408203125;48338;5;109.23;((35156, 52734), (39550, 43944, 48338));
5;0.965103149414062;48338;9;112.13;((35156, 52734), (39550, 43944, 48338));
5;0.965110778808594;48338;9;112.49;((35156, 52734), (39550, 43944, 48338));
5;0.965114593505859;48338;2;107.00;((35156, 52734), (39550, 43944, 48338));
5;0.965112686157227;48338;6;109.79;((35156, 52734), (39550, 43944, 48338));
5;0.965113639831543;48338;3;108.40;((35156, 52734), (39550, 43944, 48338));
5;0.500000000000000;46141;11;62.83;((43944, 52734), (46141, 48338, 50535));
5;0.750000000000000;46141;11;93.72;((43944, 52734), (46141, 48338, 50535));
5;0.875000000000000;46141;11;104.39;((43944, 52734), (46141, 48338, 50535));
5;0.937500000000000;46141;11;112.55;((43944, 52734), (46141, 48338, 50535));
5;0.968750000000000;46141;0;62.71;((43944, 52734), (46141, 48338, 50535));
5;0.953125000000000;46141;11;113.90;((43944, 52734), (46141, 48338, 50535));
5;0.960937500000000;46141;10;113.10;((43944, 52734), (46141, 48338, 50535));
5;0.964843750000000;46141;5;108.57;((43944, 52734), (46141, 48338, 50535));
5;0.962890625000000;46141;9;112.08;((43944, 52734), (46141, 48338, 50535));
5;0.963867187500000;46141;10;113.31;((43944, 52734), (46141, 48338, 50535));
5;0.964355468750000;46141;7;109.93;((43944, 52734), (46141, 48338, 50535));
5;0.964599609375000;46141;6;109.80;((43944, 52734), (46141, 48338, 50535));
5;0.964721679687500;46141;6;110.17;((43944, 52734), (46141, 48338, 50535));
5;0.964782714843750;46141;6;112.62;((43944, 52734), (46141, 48338, 50535));
5;0.964813232421875;46141;5;111.50;((43944, 52734), (46141, 48338, 50535));
5;0.964797973632812;46141;6;113.28;((43944, 52734), (46141, 48338, 50535));
5;0.964805603027344;46141;4;109.62;((43944, 52734), (46141, 48338, 50535));
5;0.964801788330078;46141;5;114.03;((43944, 52734), (46141, 48338, 50535));
5;0.964799880981445;46141;5;118.93;((43944, 52734), (46141, 48338, 50535));
5;0.964798927307129;46141;6;111.82;((43944, 52734), (46141, 48338, 50535));
5;0.500000000000000;50535;11;62.56;((43944, 52734), (46141, 48338, 50535));
5;0.750000000000000;50535;11;93.17;((43944, 52734), (46141, 48338, 50535));
5;0.875000000000000;50535;11;104.29;((43944, 52734), (46141, 48338, 50535));
5;0.937500000000000;50535;11;112.36;((43944, 52734), (46141, 48338, 50535));
5;0.968750000000000;50535;0;57.27;((43944, 52734), (46141, 48338, 50535));
5;0.953125000000000;50535;11;123.26;((43944, 52734), (46141, 48338, 50535));
5;0.960937500000000;50535;11;113.05;((43944, 52734), (46141, 48338, 50535));
5;0.964843750000000;50535;6;110.02;((43944, 52734), (46141, 48338, 50535));
5;0.966796875000000;50535;0;71.10;((43944, 52734), (46141, 48338, 50535));
5;0.965820312500000;50535;5;109.76;((43944, 52734), (46141, 48338, 50535));
5;0.965332031250000;50535;2;108.96;((43944, 52734), (46141, 48338, 50535));
5;0.965087890625000;50535;5;109.58;((43944, 52734), (46141, 48338, 50535));
5;0.964965820312500;50535;2;108.25;((43944, 52734), (46141, 48338, 50535));
5;0.964904785156250;50535;3;109.31;((43944, 52734), (46141, 48338, 50535));
5;0.964874267578125;50535;6;111.32;((43944, 52734), (46141, 48338, 50535));
5;0.964889526367188;50535;9;112.23;((43944, 52734), (46141, 48338, 50535));
5;0.964897155761719;50535;4;109.85;((43944, 52734), (46141, 48338, 50535));
5;0.964893341064453;50535;4;110.32;((43944, 52734), (46141, 48338, 50535));
5;0.964891433715820;50535;4;109.92;((43944, 52734), (46141, 48338, 50535));
5;0.964890480041504;50535;5;110.01;((43944, 52734), (46141, 48338, 50535));
5;0.500000000000000;47239;11;63.23;((46141, 50535), (47239, 48337, 49435));
5;0.750000000000000;47239;11;91.66;((46141, 50535), (47239, 48337, 49435));
5;0.875000000000000;47239;11;105.36;((46141, 50535), (47239, 48337, 49435));
5;0.937500000000000;47239;11;111.97;((46141, 50535), (47239, 48337, 49435));
5;0.968750000000000;47239;0;61.80;((46141, 50535), (47239, 48337, 49435));
5;0.953125000000000;47239;11;117.49;((46141, 50535), (47239, 48337, 49435));
5;0.960937500000000;47239;11;115.26;((46141, 50535), (47239, 48337, 49435));
5;0.964843750000000;47239;3;109.51;((46141, 50535), (47239, 48337, 49435));
5;0.962890625000000;47239;9;111.79;((46141, 50535), (47239, 48337, 49435));
5;0.963867187500000;47239;7;110.67;((46141, 50535), (47239, 48337, 49435));
5;0.964355468750000;47239;7;110.75;((46141, 50535), (47239, 48337, 49435));
5;0.964599609375000;47239;6;110.69;((46141, 50535), (47239, 48337, 49435));
5;0.964721679687500;47239;3;109.26;((46141, 50535), (47239, 48337, 49435));
5;0.964660644531250;47239;9;110.22;((46141, 50535), (47239, 48337, 49435));
5;0.964691162109375;47239;5;109.41;((46141, 50535), (47239, 48337, 49435));
5;0.964675903320312;47239;6;110.54;((46141, 50535), (47239, 48337, 49435));
5;0.964683532714844;47239;5;110.29;((46141, 50535), (47239, 48337, 49435));
5;0.964679718017578;47239;4;108.88;((46141, 50535), (47239, 48337, 49435));
5;0.964677810668945;47239;7;116.97;((46141, 50535), (47239, 48337, 49435));
5;0.964678764343262;47239;7;116.05;((46141, 50535), (47239, 48337, 49435));
5;0.500000000000000;48337;11;66.88;((46141, 50535), (47239, 48337, 49435));
5;0.750000000000000;48337;11;96.93;((46141, 50535), (47239, 48337, 49435));
5;0.875000000000000;48337;11;108.38;((46141, 50535), (47239, 48337, 49435));
5;0.937500000000000;48337;11;112.13;((46141, 50535), (47239, 48337, 49435));
5;0.968750000000000;48337;0;56.88;((46141, 50535), (47239, 48337, 49435));
5;0.953125000000000;48337;11;112.96;((46141, 50535), (47239, 48337, 49435));
5;0.960937500000000;48337;11;114.92;((46141, 50535), (47239, 48337, 49435));
5;0.964843750000000;48337;7;111.36;((46141, 50535), (47239, 48337, 49435));
5;0.966796875000000;48337;2;108.44;((46141, 50535), (47239, 48337, 49435));
5;0.965820312500000;48337;5;109.57;((46141, 50535), (47239, 48337, 49435));
5;0.965332031250000;48337;4;109.95;((46141, 50535), (47239, 48337, 49435));
5;0.965087890625000;48337;4;108.53;((46141, 50535), (47239, 48337, 49435));
5;0.964965820312500;48337;6;110.66;((46141, 50535), (47239, 48337, 49435));
5;0.965026855468750;48337;3;109.45;((46141, 50535), (47239, 48337, 49435));
5;0.964996337890625;48337;4;109.06;((46141, 50535), (47239, 48337, 49435));
5;0.964981079101562;48337;5;110.93;((46141, 50535), (47239, 48337, 49435));
5;0.964973449707031;48337;2;108.86;((46141, 50535), (47239, 48337, 49435));
5;0.964969635009766;48337;6;110.15;((46141, 50535), (47239, 48337, 49435));
5;0.964971542358398;48337;5;113.33;((46141, 50535), (47239, 48337, 49435));
5;0.964970588684082;48337;6;114.84;((46141, 50535), (47239, 48337, 49435));
5;0.500000000000000;49435;11;63.18;((46141, 50535), (47239, 48337, 49435));
5;0.750000000000000;49435;11;90.44;((46141, 50535), (47239, 48337, 49435));
5;0.875000000000000;49435;11;104.14;((46141, 50535), (47239, 48337, 49435));
5;0.937500000000000;49435;11;111.50;((46141, 50535), (47239, 48337, 49435));
5;0.968750000000000;49435;0;55.87;((46141, 50535), (47239, 48337, 49435));
5;0.953125000000000;49435;11;115.81;((46141, 50535), (47239, 48337, 49435));
5;0.960937500000000;49435;11;113.34;((46141, 50535), (47239, 48337, 49435));
5;0.964843750000000;49435;4;116.97;((46141, 50535), (47239, 48337, 49435));
5;0.962890625000000;49435;9;116.40;((46141, 50535), (47239, 48337, 49435));
5;0.963867187500000;49435;6;111.96;((46141, 50535), (47239, 48337, 49435));
5;0.964355468750000;49435;7;116.43;((46141, 50535), (47239, 48337, 49435));
5;0.964599609375000;49435;5;111.80;((46141, 50535), (47239, 48337, 49435));
5;0.964477539062500;49435;2;109.18;((46141, 50535), (47239, 48337, 49435));
5;0.964416503906250;49435;6;112.11;((46141, 50535), (47239, 48337, 49435));
5;0.964447021484375;49435;8;115.37;((46141, 50535), (47239, 48337, 49435));
5;0.964462280273438;49435;6;112.56;((46141, 50535), (47239, 48337, 49435));
5;0.964469909667969;49435;6;110.67;((46141, 50535), (47239, 48337, 49435));
5;0.964473724365234;49435;4;109.08;((46141, 50535), (47239, 48337, 49435));
5;0.964471817016602;49435;7;110.64;((46141, 50535), (47239, 48337, 49435));
5;0.964472770690918;49435;8;110.14;((46141, 50535), (47239, 48337, 49435));
5;0.500000000000000;47788;11;64.21;((47239, 49435), (47788, 48337, 48886));
5;0.750000000000000;47788;11;90.69;((47239, 49435), (47788, 48337, 48886));
5;0.875000000000000;47788;11;108.33;((47239, 49435), (47788, 48337, 48886));
5;0.937500000000000;47788;11;111.78;((47239, 49435), (47788, 48337, 48886));
5;0.968750000000000;47788;0;59.76;((47239, 49435), (47788, 48337, 48886));
5;0.953125000000000;47788;11;114.61;((47239, 49435), (47788, 48337, 48886));
5;0.960937500000000;47788;11;114.47;((47239, 49435), (47788, 48337, 48886));
5;0.964843750000000;47788;4;109.71;((47239, 49435), (47788, 48337, 48886));
5;0.962890625000000;47788;9;112.32;((47239, 49435), (47788, 48337, 48886));
5;0.963867187500000;47788;9;114.25;((47239, 49435), (47788, 48337, 48886));
5;0.964355468750000;47788;7;108.18;((47239, 49435), (47788, 48337, 48886));
5;0.964599609375000;47788;7;132.84;((47239, 49435), (47788, 48337, 48886));
5;0.964721679687500;47788;6;111.06;((47239, 49435), (47788, 48337, 48886));
5;0.964782714843750;47788;5;109.70;((47239, 49435), (47788, 48337, 48886));
5;0.964752197265625;47788;6;109.80;((47239, 49435), (47788, 48337, 48886));
5;0.964767456054688;47788;3;108.82;((47239, 49435), (47788, 48337, 48886));
5;0.964759826660156;47788;6;109.50;((47239, 49435), (47788, 48337, 48886));
5;0.964763641357422;47788;5;109.69;((47239, 49435), (47788, 48337, 48886));
5;0.964761734008789;47788;6;109.88;((47239, 49435), (47788, 48337, 48886));
5;0.964762687683105;47788;4;109.27;((47239, 49435), (47788, 48337, 48886));
5;0.500000000000000;48886;11;62.67;((47239, 49435), (47788, 48337, 48886));
5;0.750000000000000;48886;11;90.64;((47239, 49435), (47788, 48337, 48886));
5;0.875000000000000;48886;11;104.79;((47239, 49435), (47788, 48337, 48886));
5;0.937500000000000;48886;11;111.42;((47239, 49435), (47788, 48337, 48886));
5;0.968750000000000;48886;0;67.49;((47239, 49435), (47788, 48337, 48886));
5;0.953125000000000;48886;11;115.37;((47239, 49435), (47788, 48337, 48886));
5;0.960937500000000;48886;11;128.54;((47239, 49435), (47788, 48337, 48886));
5;0.964843750000000;48886;4;117.86;((47239, 49435), (47788, 48337, 48886));
5;0.962890625000000;48886;10;114.16;((47239, 49435), (47788, 48337, 48886));
5;0.963867187500000;48886;8;111.44;((47239, 49435), (47788, 48337, 48886));
5;0.964355468750000;48886;5;109.56;((47239, 49435), (47788, 48337, 48886));
5;0.964111328125000;48886;4;108.95;((47239, 49435), (47788, 48337, 48886));
5;0.963989257812500;48886;6;109.53;((47239, 49435), (47788, 48337, 48886));
5;0.964050292968750;48886;7;110.49;((47239, 49435), (47788, 48337, 48886));
5;0.964080810546875;48886;7;111.20;((47239, 49435), (47788, 48337, 48886));
5;0.964096069335938;48886;7;110.72;((47239, 49435), (47788, 48337, 48886));
5;0.964103698730469;48886;6;113.07;((47239, 49435), (47788, 48337, 48886));
5;0.964107513427734;48886;6;118.46;((47239, 49435), (47788, 48337, 48886));
5;0.964109420776367;48886;10;116.43;((47239, 49435), (47788, 48337, 48886));
5;0.964110374450684;48886;8;112.95;((47239, 49435), (47788, 48337, 48886));
5;0.500000000000000;48062;11;63.91;((47788, 48886), (48062, 48336, 48610));
5;0.750000000000000;48062;11;91.62;((47788, 48886), (48062, 48336, 48610));
5;0.875000000000000;48062;11;107.29;((47788, 48886), (48062, 48336, 48610));
5;0.937500000000000;48062;11;112.48;((47788, 48886), (48062, 48336, 48610));
5;0.968750000000000;48062;0;50.49;((47788, 48886), (48062, 48336, 48610));
5;0.953125000000000;48062;11;114.40;((47788, 48886), (48062, 48336, 48610));
5;0.960937500000000;48062;4;108.94;((47788, 48886), (48062, 48336, 48610));
5;0.957031250000000;48062;10;113.20;((47788, 48886), (48062, 48336, 48610));
5;0.958984375000000;48062;6;108.37;((47788, 48886), (48062, 48336, 48610));
5;0.959960937500000;48062;4;107.69;((47788, 48886), (48062, 48336, 48610));
5;0.959472656250000;48062;4;108.80;((47788, 48886), (48062, 48336, 48610));
5;0.959228515625000;48062;3;107.99;((47788, 48886), (48062, 48336, 48610));
5;0.959106445312500;48062;6;110.26;((47788, 48886), (48062, 48336, 48610));
5;0.959167480468750;48062;5;109.15;((47788, 48886), (48062, 48336, 48610));
5;0.959136962890625;48062;10;112.82;((47788, 48886), (48062, 48336, 48610));
5;0.959152221679688;48062;8;110.04;((47788, 48886), (48062, 48336, 48610));
5;0.959159851074219;48062;3;108.92;((47788, 48886), (48062, 48336, 48610));
5;0.959156036376953;48062;6;109.27;((47788, 48886), (48062, 48336, 48610));
5;0.959157943725586;48062;7;110.96;((47788, 48886), (48062, 48336, 48610));
5;0.959158897399902;48062;7;113.65;((47788, 48886), (48062, 48336, 48610));
5;0.500000000000000;48336;11;65.15;((47788, 48886), (48062, 48336, 48610));
5;0.750000000000000;48336;11;90.97;((47788, 48886), (48062, 48336, 48610));
5;0.875000000000000;48336;11;104.96;((47788, 48886), (48062, 48336, 48610));
5;0.937500000000000;48336;11;112.18;((47788, 48886), (48062, 48336, 48610));
5;0.968750000000000;48336;0;64.41;((47788, 48886), (48062, 48336, 48610));
5;0.953125000000000;48336;11;112.87;((47788, 48886), (48062, 48336, 48610));
5;0.960937500000000;48336;9;112.77;((47788, 48886), (48062, 48336, 48610));
5;0.964843750000000;48336;6;110.71;((47788, 48886), (48062, 48336, 48610));
5;0.966796875000000;48336;0;72.53;((47788, 48886), (48062, 48336, 48610));
5;0.965820312500000;48336;1;106.02;((47788, 48886), (48062, 48336, 48610));
5;0.965332031250000;48336;1;108.47;((47788, 48886), (48062, 48336, 48610));
5;0.965087890625000;48336;2;110.38;((47788, 48886), (48062, 48336, 48610));
5;0.964965820312500;48336;3;108.50;((47788, 48886), (48062, 48336, 48610));
5;0.964904785156250;48336;7;110.35;((47788, 48886), (48062, 48336, 48610));
5;0.964935302734375;48336;5;110.98;((47788, 48886), (48062, 48336, 48610));
5;0.964920043945312;48336;4;108.88;((47788, 48886), (48062, 48336, 48610));
5;0.964912414550781;48336;8;115.53;((47788, 48886), (48062, 48336, 48610));
5;0.964916229248047;48336;6;109.70;((47788, 48886), (48062, 48336, 48610));
5;0.964918136596680;48336;5;109.62;((47788, 48886), (48062, 48336, 48610));
5;0.964917182922363;48336;5;110.06;((47788, 48886), (48062, 48336, 48610));
5;0.500000000000000;48610;11;62.67;((47788, 48886), (48062, 48336, 48610));
5;0.750000000000000;48610;11;91.50;((47788, 48886), (48062, 48336, 48610));
5;0.875000000000000;48610;11;104.49;((47788, 48886), (48062, 48336, 48610));
5;0.937500000000000;48610;11;111.67;((47788, 48886), (48062, 48336, 48610));
5;0.968750000000000;48610;0;51.05;((47788, 48886), (48062, 48336, 48610));
5;0.953125000000000;48610;11;113.75;((47788, 48886), (48062, 48336, 48610));
5;0.960937500000000;48610;2;106.81;((47788, 48886), (48062, 48336, 48610));
5;0.957031250000000;48610;11;116.74;((47788, 48886), (48062, 48336, 48610));
5;0.958984375000000;48610;4;111.70;((47788, 48886), (48062, 48336, 48610));
5;0.958007812500000;48610;9;111.90;((47788, 48886), (48062, 48336, 48610));
5;0.958496093750000;48610;9;109.03;((47788, 48886), (48062, 48336, 48610));
5;0.958740234375000;48610;7;109.54;((47788, 48886), (48062, 48336, 48610));
5;0.958862304687500;48610;9;108.93;((47788, 48886), (48062, 48336, 48610));
5;0.958923339843750;48610;3;107.64;((47788, 48886), (48062, 48336, 48610));
5;0.958892822265625;48610;6;107.88;((47788, 48886), (48062, 48336, 48610));
5;0.958908081054688;48610;7;108.12;((47788, 48886), (48062, 48336, 48610));
5;0.958915710449219;48610;8;108.76;((47788, 48886), (48062, 48336, 48610));
5;0.958919525146484;48610;6;107.74;((47788, 48886), (48062, 48336, 48610));
5;0.958921432495117;48610;9;109.74;((47788, 48886), (48062, 48336, 48610));
5;0.958922386169434;48610;8;108.40;((47788, 48886), (48062, 48336, 48610));
5;0.500000000000000;48199;11;62.66;((48062, 48610), (48199, 48336, 48473));
5;0.750000000000000;48199;11;87.49;((48062, 48610), (48199, 48336, 48473));
5;0.875000000000000;48199;11;101.24;((48062, 48610), (48199, 48336, 48473));
5;0.937500000000000;48199;11;108.02;((48062, 48610), (48199, 48336, 48473));
5;0.968750000000000;48199;0;60.10;((48062, 48610), (48199, 48336, 48473));
5;0.953125000000000;48199;11;110.94;((48062, 48610), (48199, 48336, 48473));
5;0.960937500000000;48199;11;110.33;((48062, 48610), (48199, 48336, 48473));
5;0.964843750000000;48199;6;108.47;((48062, 48610), (48199, 48336, 48473));
5;0.966796875000000;48199;0;77.10;((48062, 48610), (48199, 48336, 48473));
5;0.965820312500000;48199;3;107.25;((48062, 48610), (48199, 48336, 48473));
5;0.965332031250000;48199;2;105.67;((48062, 48610), (48199, 48336, 48473));
5;0.965087890625000;48199;3;108.34;((48062, 48610), (48199, 48336, 48473));
5;0.964965820312500;48199;5;107.56;((48062, 48610), (48199, 48336, 48473));
5;0.964904785156250;48199;6;108.27;((48062, 48610), (48199, 48336, 48473));
5;0.964935302734375;48199;4;107.61;((48062, 48610), (48199, 48336, 48473));
5;0.964920043945312;48199;5;106.88;((48062, 48610), (48199, 48336, 48473));
5;0.964912414550781;48199;1;104.27;((48062, 48610), (48199, 48336, 48473));
5;0.964908599853516;48199;6;109.09;((48062, 48610), (48199, 48336, 48473));
5;0.964910507202148;48199;3;107.11;((48062, 48610), (48199, 48336, 48473));
5;0.964909553527832;48199;4;106.70;((48062, 48610), (48199, 48336, 48473));
5;0.500000000000000;48473;11;63.01;((48062, 48610), (48199, 48336, 48473));
5;0.750000000000000;48473;11;87.56;((48062, 48610), (48199, 48336, 48473));
5;0.875000000000000;48473;11;101.11;((48062, 48610), (48199, 48336, 48473));
5;0.937500000000000;48473;11;108.19;((48062, 48610), (48199, 48336, 48473));
5;0.968750000000000;48473;0;67.62;((48062, 48610), (48199, 48336, 48473));
5;0.953125000000000;48473;11;120.07;((48062, 48610), (48199, 48336, 48473));
5;0.960937500000000;48473;11;112.47;((48062, 48610), (48199, 48336, 48473));
5;0.964843750000000;48473;3;108.13;((48062, 48610), (48199, 48336, 48473));
5;0.962890625000000;48473;10;110.80;((48062, 48610), (48199, 48336, 48473));
5;0.963867187500000;48473;7;111.26;((48062, 48610), (48199, 48336, 48473));
5;0.964355468750000;48473;10;109.99;((48062, 48610), (48199, 48336, 48473));
5;0.964599609375000;48473;9;109.80;((48062, 48610), (48199, 48336, 48473));
5;0.964721679687500;48473;5;107.74;((48062, 48610), (48199, 48336, 48473));
5;0.964660644531250;48473;5;107.45;((48062, 48610), (48199, 48336, 48473));
5;0.964630126953125;48473;8;109.38;((48062, 48610), (48199, 48336, 48473));
5;0.964645385742188;48473;5;107.53;((48062, 48610), (48199, 48336, 48473));
5;0.964637756347656;48473;8;109.03;((48062, 48610), (48199, 48336, 48473));
5;0.964641571044922;48473;7;108.47;((48062, 48610), (48199, 48336, 48473));
5;0.964643478393555;48473;7;108.35;((48062, 48610), (48199, 48336, 48473));
5;0.964644432067871;48473;4;108.28;((48062, 48610), (48199, 48336, 48473));
5;0.500000000000000;48267;11;60.98;((48199, 48473), (48267, 48335, 48403));
5;0.750000000000000;48267;11;88.33;((48199, 48473), (48267, 48335, 48403));
5;0.875000000000000;48267;11;102.14;((48199, 48473), (48267, 48335, 48403));
5;0.937500000000000;48267;11;109.28;((48199, 48473), (48267, 48335, 48403));
5;0.968750000000000;48267;0;56.14;((48199, 48473), (48267, 48335, 48403));
5;0.953125000000000;48267;11;110.94;((48199, 48473), (48267, 48335, 48403));
5;0.960937500000000;48267;11;110.26;((48199, 48473), (48267, 48335, 48403));
5;0.964843750000000;48267;5;107.44;((48199, 48473), (48267, 48335, 48403));
5;0.962890625000000;48267;10;111.02;((48199, 48473), (48267, 48335, 48403));
5;0.963867187500000;48267;7;108.36;((48199, 48473), (48267, 48335, 48403));
5;0.964355468750000;48267;9;109.93;((48199, 48473), (48267, 48335, 48403));
5;0.964599609375000;48267;6;108.09;((48199, 48473), (48267, 48335, 48403));
5;0.964721679687500;48267;6;108.35;((48199, 48473), (48267, 48335, 48403));
5;0.964782714843750;48267;5;107.35;((48199, 48473), (48267, 48335, 48403));
5;0.964752197265625;48267;5;107.82;((48199, 48473), (48267, 48335, 48403));
5;0.964736938476562;48267;6;108.02;((48199, 48473), (48267, 48335, 48403));
5;0.964744567871094;48267;3;106.58;((48199, 48473), (48267, 48335, 48403));
5;0.964740753173828;48267;7;108.40;((48199, 48473), (48267, 48335, 48403));
5;0.964742660522461;48267;6;108.06;((48199, 48473), (48267, 48335, 48403));
5;0.964743614196777;48267;8;109.30;((48199, 48473), (48267, 48335, 48403));
5;0.500000000000000;48335;11;61.81;((48199, 48473), (48267, 48335, 48403));
5;0.750000000000000;48335;11;88.12;((48199, 48473), (48267, 48335, 48403));
5;0.875000000000000;48335;11;100.78;((48199, 48473), (48267, 48335, 48403));
5;0.937500000000000;48335;11;107.92;((48199, 48473), (48267, 48335, 48403));
5;0.968750000000000;48335;0;61.11;((48199, 48473), (48267, 48335, 48403));
5;0.953125000000000;48335;11;109.52;((48199, 48473), (48267, 48335, 48403));
5;0.960937500000000;48335;10;109.63;((48199, 48473), (48267, 48335, 48403));
5;0.964843750000000;48335;6;108.04;((48199, 48473), (48267, 48335, 48403));
5;0.966796875000000;48335;0;70.21;((48199, 48473), (48267, 48335, 48403));
5;0.965820312500000;48335;7;108.33;((48199, 48473), (48267, 48335, 48403));
5;0.966308593750000;48335;0;72.41;((48199, 48473), (48267, 48335, 48403));
5;0.966064453125000;48335;3;106.49;((48199, 48473), (48267, 48335, 48403));
5;0.965942382812500;48335;1;105.56;((48199, 48473), (48267, 48335, 48403));
5;0.965881347656250;48335;1;104.51;((48199, 48473), (48267, 48335, 48403));
5;0.965850830078125;48335;1;104.88;((48199, 48473), (48267, 48335, 48403));
5;0.965835571289062;48335;4;106.99;((48199, 48473), (48267, 48335, 48403));
5;0.965827941894531;48335;2;105.28;((48199, 48473), (48267, 48335, 48403));
5;0.965824127197266;48335;1;105.15;((48199, 48473), (48267, 48335, 48403));
5;0.965822219848633;48335;3;105.95;((48199, 48473), (48267, 48335, 48403));
5;0.965821266174316;48335;3;106.06;((48199, 48473), (48267, 48335, 48403));
5;0.500000000000000;48403;11;60.93;((48199, 48473), (48267, 48335, 48403));
5;0.750000000000000;48403;11;87.54;((48199, 48473), (48267, 48335, 48403));
5;0.875000000000000;48403;11;101.00;((48199, 48473), (48267, 48335, 48403));
5;0.937500000000000;48403;11;108.13;((48199, 48473), (48267, 48335, 48403));
5;0.968750000000000;48403;0;67.75;((48199, 48473), (48267, 48335, 48403));
5;0.953125000000000;48403;11;109.10;((48199, 48473), (48267, 48335, 48403));
5;0.960937500000000;48403;11;110.38;((48199, 48473), (48267, 48335, 48403));
5;0.964843750000000;48403;2;105.39;((48199, 48473), (48267, 48335, 48403));
5;0.962890625000000;48403;10;133.16;((48199, 48473), (48267, 48335, 48403));
5;0.963867187500000;48403;4;107.00;((48199, 48473), (48267, 48335, 48403));
5;0.963378906250000;48403;10;118.67;((48199, 48473), (48267, 48335, 48403));
5;0.963623046875000;48403;9;109.63;((48199, 48473), (48267, 48335, 48403));
5;0.963745117187500;48403;6;107.28;((48199, 48473), (48267, 48335, 48403));
5;0.963806152343750;48403;7;108.11;((48199, 48473), (48267, 48335, 48403));
5;0.963836669921875;48403;7;108.17;((48199, 48473), (48267, 48335, 48403));
5;0.963851928710938;48403;6;108.70;((48199, 48473), (48267, 48335, 48403));
5;0.963859558105469;48403;9;109.60;((48199, 48473), (48267, 48335, 48403));
5;0.963863372802734;48403;9;109.74;((48199, 48473), (48267, 48335, 48403));
5;0.963865280151367;48403;8;108.48;((48199, 48473), (48267, 48335, 48403));
5;0.963866233825684;48403;8;109.37;((48199, 48473), (48267, 48335, 48403));
5;0.500000000000000;48301;11;74.12;((48267, 48403), (48301, 48335, 48369));
5;0.750000000000000;48301;11;87.30;((48267, 48403), (48301, 48335, 48369));
5;0.875000000000000;48301;11;110.08;((48267, 48403), (48301, 48335, 48369));
5;0.937500000000000;48301;11;114.06;((48267, 48403), (48301, 48335, 48369));
5;0.968750000000000;48301;0;56.81;((48267, 48403), (48301, 48335, 48369));
5;0.953125000000000;48301;11;109.61;((48267, 48403), (48301, 48335, 48369));
5;0.960937500000000;48301;11;110.45;((48267, 48403), (48301, 48335, 48369));
5;0.964843750000000;48301;4;106.86;((48267, 48403), (48301, 48335, 48369));
5;0.962890625000000;48301;10;110.22;((48267, 48403), (48301, 48335, 48369));
5;0.963867187500000;48301;8;108.04;((48267, 48403), (48301, 48335, 48369));
5;0.964355468750000;48301;8;110.26;((48267, 48403), (48301, 48335, 48369));
5;0.964599609375000;48301;5;106.95;((48267, 48403), (48301, 48335, 48369));
5;0.964477539062500;48301;6;108.38;((48267, 48403), (48301, 48335, 48369));
5;0.964538574218750;48301;6;112.17;((48267, 48403), (48301, 48335, 48369));
5;0.964569091796875;48301;4;106.50;((48267, 48403), (48301, 48335, 48369));
5;0.964553833007812;48301;8;108.52;((48267, 48403), (48301, 48335, 48369));
5;0.964561462402344;48301;3;106.15;((48267, 48403), (48301, 48335, 48369));
5;0.964557647705078;48301;7;109.62;((48267, 48403), (48301, 48335, 48369));
5;0.964559555053711;48301;4;107.35;((48267, 48403), (48301, 48335, 48369));
5;0.964558601379395;48301;6;110.16;((48267, 48403), (48301, 48335, 48369));
5;0.500000000000000;48369;11;61.52;((48267, 48403), (48301, 48335, 48369));
5;0.750000000000000;48369;11;88.26;((48267, 48403), (48301, 48335, 48369));
5;0.875000000000000;48369;11;102.13;((48267, 48403), (48301, 48335, 48369));
5;0.937500000000000;48369;11;107.76;((48267, 48403), (48301, 48335, 48369));
5;0.968750000000000;48369;0;63.11;((48267, 48403), (48301, 48335, 48369));
5;0.953125000000000;48369;11;109.76;((48267, 48403), (48301, 48335, 48369));
5;0.960937500000000;48369;10;109.96;((48267, 48403), (48301, 48335, 48369));
5;0.964843750000000;48369;7;108.56;((48267, 48403), (48301, 48335, 48369));
5;0.966796875000000;48369;2;104.69;((48267, 48403), (48301, 48335, 48369));
5;0.965820312500000;48369;2;105.40;((48267, 48403), (48301, 48335, 48369));
5;0.965332031250000;48369;2;105.50;((48267, 48403), (48301, 48335, 48369));
5;0.965087890625000;48369;6;107.89;((48267, 48403), (48301, 48335, 48369));
5;0.965209960937500;48369;4;107.30;((48267, 48403), (48301, 48335, 48369));
5;0.965148925781250;48369;5;107.73;((48267, 48403), (48301, 48335, 48369));
5;0.965118408203125;48369;2;105.37;((48267, 48403), (48301, 48335, 48369));
5;0.965103149414062;48369;2;105.95;((48267, 48403), (48301, 48335, 48369));
5;0.965095520019531;48369;3;106.53;((48267, 48403), (48301, 48335, 48369));
5;0.965091705322266;48369;4;106.79;((48267, 48403), (48301, 48335, 48369));
5;0.965089797973633;48369;3;105.66;((48267, 48403), (48301, 48335, 48369));
5;0.965088844299316;48369;7;108.05;((48267, 48403), (48301, 48335, 48369));
5;0.500000000000000;48318;11;61.99;((48301, 48369), (48318, 48335, 48352));
5;0.750000000000000;48318;11;87.16;((48301, 48369), (48318, 48335, 48352));
5;0.875000000000000;48318;11;101.08;((48301, 48369), (48318, 48335, 48352));
5;0.937500000000000;48318;11;108.25;((48301, 48369), (48318, 48335, 48352));
5;0.968750000000000;48318;0;72.73;((48301, 48369), (48318, 48335, 48352));
5;0.953125000000000;48318;11;114.67;((48301, 48369), (48318, 48335, 48352));
5;0.960937500000000;48318;11;110.32;((48301, 48369), (48318, 48335, 48352));
5;0.964843750000000;48318;4;108.04;((48301, 48369), (48318, 48335, 48352));
5;0.962890625000000;48318;8;108.43;((48301, 48369), (48318, 48335, 48352));
5;0.963867187500000;48318;9;110.22;((48301, 48369), (48318, 48335, 48352));
5;0.964355468750000;48318;8;109.12;((48301, 48369), (48318, 48335, 48352));
5;0.964599609375000;48318;4;107.27;((48301, 48369), (48318, 48335, 48352));
5;0.964477539062500;48318;7;108.33;((48301, 48369), (48318, 48335, 48352));
5;0.964538574218750;48318;4;107.51;((48301, 48369), (48318, 48335, 48352));
5;0.964508056640625;48318;5;107.76;((48301, 48369), (48318, 48335, 48352));
5;0.964492797851562;48318;7;108.88;((48301, 48369), (48318, 48335, 48352));
5;0.964500427246094;48318;4;107.22;((48301, 48369), (48318, 48335, 48352));
5;0.964496612548828;48318;7;109.14;((48301, 48369), (48318, 48335, 48352));
5;0.964498519897461;48318;4;107.45;((48301, 48369), (48318, 48335, 48352));
5;0.964497566223145;48318;5;107.82;((48301, 48369), (48318, 48335, 48352));
5;0.500000000000000;48352;11;64.12;((48301, 48369), (48318, 48335, 48352));
5;0.750000000000000;48352;11;87.79;((48301, 48369), (48318, 48335, 48352));
5;0.875000000000000;48352;11;100.92;((48301, 48369), (48318, 48335, 48352));
5;0.937500000000000;48352;11;109.67;((48301, 48369), (48318, 48335, 48352));
5;0.968750000000000;48352;0;49.58;((48301, 48369), (48318, 48335, 48352));
5;0.953125000000000;48352;11;109.89;((48301, 48369), (48318, 48335, 48352));
5;0.960937500000000;48352;0;72.99;((48301, 48369), (48318, 48335, 48352));
5;0.957031250000000;48352;10;110.99;((48301, 48369), (48318, 48335, 48352));
5;0.958984375000000;48352;7;107.94;((48301, 48369), (48318, 48335, 48352));
5;0.959960937500000;48352;7;107.88;((48301, 48369), (48318, 48335, 48352));
5;0.960449218750000;48352;1;105.17;((48301, 48369), (48318, 48335, 48352));
5;0.960205078125000;48352;3;105.75;((48301, 48369), (48318, 48335, 48352));
5;0.960083007812500;48352;1;104.95;((48301, 48369), (48318, 48335, 48352));
5;0.960021972656250;48352;4;107.62;((48301, 48369), (48318, 48335, 48352));
5;0.959991455078125;48352;4;106.32;((48301, 48369), (48318, 48335, 48352));
5;0.959976196289062;48352;2;104.83;((48301, 48369), (48318, 48335, 48352));
5;0.959968566894531;48352;4;106.55;((48301, 48369), (48318, 48335, 48352));
5;0.959964752197266;48352;7;108.07;((48301, 48369), (48318, 48335, 48352));
5;0.959966659545898;48352;4;106.16;((48301, 48369), (48318, 48335, 48352));
5;0.959965705871582;48352;4;106.44;((48301, 48369), (48318, 48335, 48352));
