5;0.500000000000000;2375000;11;131.53;((0, 9500000), (2375000, 4750000, 7125000));
5;0.750000000000000;2375000;0;100.41;((0, 9500000), (2375000, 4750000, 7125000));
5;0.625000000000000;2375000;11;161.75;((0, 9500000), (2375000, 4750000, 7125000));
5;0.687500000000000;2375000;11;177.54;((0, 9500000), (2375000, 4750000, 7125000));
5;0.718750000000000;2375000;11;184.59;((0, 9500000), (2375000, 4750000, 7125000));
5;0.734375000000000;2375000;11;190.28;((0, 9500000), (2375000, 4750000, 7125000));
5;0.742187500000000;2375000;0;107.13;((0, 9500000), (2375000, 4750000, 7125000));
5;0.738281250000000;2375000;11;189.68;((0, 9500000), (2375000, 4750000, 7125000));
5;0.740234375000000;2375000;11;189.87;((0, 9500000), (2375000, 4750000, 7125000));
5;0.741210937500000;2375000;9;188.03;((0, 9500000), (2375000, 4750000, 7125000));
5;0.741699218750000;2375000;2;180.36;((0, 9500000), (2375000, 4750000, 7125000));
5;0.741455078125000;2375000;4;183.51;((0, 9500000), (2375000, 4750000, 7125000));
5;0.741333007812500;2375000;9;188.39;((0, 9500000), (2375000, 4750000, 7125000));
5;0.741394042968750;2375000;9;187.28;((0, 9500000), (2375000, 4750000, 7125000));
5;0.741424560546875;2375000;7;185.08;((0, 9500000), (2375000, 4750000, 7125000));
5;0.741439819335938;2375000;6;186.55;((0, 9500000), (2375000, 4750000, 7125000));
5;0.741447448730469;2375000;10;192.19;((0, 9500000), (2375000, 4750000, 7125000));
5;0.741451263427734;2375000;9;188.07;((0, 9500000), (2375000, 4750000, 7125000));
5;0.741453170776367;2375000;5;189.20;((0, 9500000), (2375000, 4750000, 7125000));
5;0.741452217102051;2375000;7;186.21;((0, 9500000), (2375000, 4750000, 7125000));
5;0.500000000000000;4750000;11;132.41;((0, 9500000), (2375000, 4750000, 7125000));
5;0.750000000000000;4750000;0;91.81;((0, 9500000), (2375000, 4750000, 7125000));
5;0.625000000000000;4750000;0;91.45;((0, 9500000), (2375000, 4750000, 7125000));
5;0.562500000000000;4750000;11;147.43;((0, 9500000), (2375000, 4750000, 7125000));
5;0.593750000000000;4750000;11;155.35;((0, 9500000), (2375000, 4750000, 7125000));
5;0.609375000000000;4750000;11;161.61;((0, 9500000), (2375000, 4750000, 7125000));
5;0.617187500000000;4750000;0;92.37;((0, 9500000), (2375000, 4750000, 7125000));
5;0.613281250000000;4750000;11;159.83;((0, 9500000), (2375000, 4750000, 7125000));
5;0.615234375000000;4750000;11;160.81;((0, 9500000), (2375000, 4750000, 7125000));
5;0.616210937500000;4750000;1;152.21;((0, 9500000), (2375000, 4750000, 7125000));
5;0.615722656250000;4750000;11;160.61;((0, 9500000), (2375000, 4750000, 7125000));
5;0.615966796875000;4750000;7;167.07;((0, 9500000), (2375000, 4750000, 7125000));
5;0.616088867187500;4750000;2;153.61;((0, 9500000), (2375000, 4750000, 7125000));
5;0.616027832031250;4750000;3;154.14;((0, 9500000), (2375000, 4750000, 7125000));
5;0.615997314453125;4750000;7;157.65;((0, 9500000), (2375000, 4750000, 7125000));
5;0.616012573242188;4750000;4;155.61;((0, 9500000), (2375000, 4750000, 7125000));
5;0.616004943847656;4750000;4;156.11;((0, 9500000), (2375000, 4750000, 7125000));
5;0.616001129150391;4750000;6;156.86;((0, 9500000), (2375000, 4750000, 7125000));
5;0.616003036499023;4750000;3;154.67;((0, 9500000), (2375000, 4750000, 7125000));
5;0.616002082824707;4750000;9;160.88;((0, 9500000), (2375000, 4750000, 7125000));
5;0.500000000000000;7125000;11;132.17;((0, 9500000), (2375000, 4750000, 7125000));
5;0.750000000000000;7125000;0;87.92;((0, 9500000), (2375000, 4750000, 7125000));
5;0.625000000000000;7125000;0;84.85;((0, 9500000), (2375000, 4750000, 7125000));
5;0.562500000000000;7125000;11;147.69;((0, 9500000), (2375000, 4750000, 7125000));
5;0.593750000000000;7125000;11;155.18;((0, 9500000), (2375000, 4750000, 7125000));
5;0.609375000000000;7125000;0;88.24;((0, 9500000), (2375000, 4750000, 7125000));
5;0.601562500000000;7125000;11;157.35;((0, 9500000), (2375000, 4750000, 7125000));
5;0.605468750000000;7125000;11;168.97;((0, 9500000), (2375000, 4750000, 7125000));
5;0.607421875000000;7125000;0;89.03;((0, 9500000), (2375000, 4750000, 7125000));
5;0.606445312500000;7125000;11;158.32;((0, 9500000), (2375000, 4750000, 7125000));
5;0.606933593750000;7125000;11;159.33;((0, 9500000), (2375000, 4750000, 7125000));
5;0.607177734375000;7125000;10;160.47;((0, 9500000), (2375000, 4750000, 7125000));
5;0.607299804687500;7125000;10;158.70;((0, 9500000), (2375000, 4750000, 7125000));
5;0.607360839843750;7125000;4;158.11;((0, 9500000), (2375000, 4750000, 7125000));
5;0.607330322265625;7125000;10;157.95;((0, 9500000), (2375000, 4750000, 7125000));
5;0.607345581054688;7125000;8;155.19;((0, 9500000), (2375000, 4750000, 7125000));
5;0.607353210449219;7125000;5;153.95;((0, 9500000), (2375000, 4750000, 7125000));
5;0.607349395751953;7125000;8;156.27;((0, 9500000), (2375000, 4750000, 7125000));
5;0.607351303100586;7125000;7;156.08;((0, 9500000), (2375000, 4750000, 7125000));
5;0.607352256774902;7125000;4;153.41;((0, 9500000), (2375000, 4750000, 7125000));
5;0.500000000000000;1187500;11;131.23;((0, 4750000), (1187500, 2375000, 3562500));
5;0.750000000000000;1187500;11;190.53;((0, 4750000), (1187500, 2375000, 3562500));
5;0.875000000000000;1187500;0;101.10;((0, 4750000), (1187500, 2375000, 3562500));
5;0.812500000000000;1187500;11;208.97;((0, 4750000), (1187500, 2375000, 3562500));
5;0.843750000000000;1187500;11;214.66;((0, 4750000), (1187500, 2375000, 3562500));
5;0.859375000000000;1187500;11;219.04;((0, 4750000), (1187500, 2375000, 3562500));
5;0.867187500000000;1187500;0;103.09;((0, 4750000), (1187500, 2375000, 3562500));
5;0.863281250000000;1187500;2;207.53;((0, 4750000), (1187500, 2375000, 3562500));
5;0.861328125000000;1187500;11;218.42;((0, 4750000), (1187500, 2375000, 3562500));
5;0.862304687500000;1187500;10;217.81;((0, 4750000), (1187500, 2375000, 3562500));
5;0.862792968750000;1187500;6;213.39;((0, 4750000), (1187500, 2375000, 3562500));
5;0.863037109375000;1187500;1;205.97;((0, 4750000), (1187500, 2375000, 3562500));
5;0.862915039062500;1187500;7;213.23;((0, 4750000), (1187500, 2375000, 3562500));
5;0.862976074218750;1187500;0;135.20;((0, 4750000), (1187500, 2375000, 3562500));
5;0.862945556640625;1187500;3;210.14;((0, 4750000), (1187500, 2375000, 3562500));
5;0.862930297851562;1187500;6;213.18;((0, 4750000), (1187500, 2375000, 3562500));
5;0.862937927246094;1187500;4;211.16;((0, 4750000), (1187500, 2375000, 3562500));
5;0.862934112548828;1187500;3;209.15;((0, 4750000), (1187500, 2375000, 3562500));
5;0.862932205200195;1187500;3;211.04;((0, 4750000), (1187500, 2375000, 3562500));
5;0.862931251525879;1187500;4;211.09;((0, 4750000), (1187500, 2375000, 3562500));
5;0.500000000000000;3562500;11;135.52;((0, 4750000), (1187500, 2375000, 3562500));
5;0.750000000000000;3562500;0;93.69;((0, 4750000), (1187500, 2375000, 3562500));
5;0.625000000000000;3562500;11;162.91;((0, 4750000), (1187500, 2375000, 3562500));
5;0.687500000000000;3562500;0;102.54;((0, 4750000), (1187500, 2375000, 3562500));
5;0.656250000000000;3562500;0;95.20;((0, 4750000), (1187500, 2375000, 3562500));
5;0.640625000000000;3562500;11;166.51;((0, 4750000), (1187500, 2375000, 3562500));
5;0.648437500000000;3562500;11;168.43;((0, 4750000), (1187500, 2375000, 3562500));
5;0.652343750000000;3562500;0;96.10;((0, 4750000), (1187500, 2375000, 3562500));
5;0.650390625000000;3562500;0;96.93;((0, 4750000), (1187500, 2375000, 3562500));
5;0.649414062500000;3562500;0;97.62;((0, 4750000), (1187500, 2375000, 3562500));
5;0.648925781250000;3562500;1;159.67;((0, 4750000), (1187500, 2375000, 3562500));
5;0.648681640625000;3562500;8;167.49;((0, 4750000), (1187500, 2375000, 3562500));
5;0.648803710937500;3562500;7;165.79;((0, 4750000), (1187500, 2375000, 3562500));
5;0.648864746093750;3562500;5;163.56;((0, 4750000), (1187500, 2375000, 3562500));
5;0.648834228515625;3562500;7;165.79;((0, 4750000), (1187500, 2375000, 3562500));
5;0.648849487304688;3562500;3;162.16;((0, 4750000), (1187500, 2375000, 3562500));
5;0.648841857910156;3562500;6;165.09;((0, 4750000), (1187500, 2375000, 3562500));
5;0.648845672607422;3562500;10;167.67;((0, 4750000), (1187500, 2375000, 3562500));
5;0.648847579956055;3562500;3;162.37;((0, 4750000), (1187500, 2375000, 3562500));
5;0.648846626281738;3562500;4;163.50;((0, 4750000), (1187500, 2375000, 3562500));
5;0.500000000000000;593750;11;132.44;((0, 2375000), (593750, 1187500, 1781250));
5;0.750000000000000;593750;11;190.42;((0, 2375000), (593750, 1187500, 1781250));
5;0.875000000000000;593750;11;219.85;((0, 2375000), (593750, 1187500, 1781250));
5;0.937500000000000;593750;0;102.06;((0, 2375000), (593750, 1187500, 1781250));
5;0.906250000000000;593750;11;227.52;((0, 2375000), (593750, 1187500, 1781250));
5;0.921875000000000;593750;11;231.74;((0, 2375000), (593750, 1187500, 1781250));
5;0.929687500000000;593750;0;101.65;((0, 2375000), (593750, 1187500, 1781250));
5;0.925781250000000;593750;0;104.71;((0, 2375000), (593750, 1187500, 1781250));
5;0.923828125000000;593750;0;145.16;((0, 2375000), (593750, 1187500, 1781250));
5;0.922851562500000;593750;2;220.00;((0, 2375000), (593750, 1187500, 1781250));
5;0.922363281250000;593750;9;228.01;((0, 2375000), (593750, 1187500, 1781250));
5;0.922607421875000;593750;8;229.31;((0, 2375000), (593750, 1187500, 1781250));
5;0.922729492187500;593750;6;226.05;((0, 2375000), (593750, 1187500, 1781250));
5;0.922790527343750;593750;5;223.73;((0, 2375000), (593750, 1187500, 1781250));
5;0.922760009765625;593750;7;225.99;((0, 2375000), (593750, 1187500, 1781250));
5;0.922775268554688;593750;6;226.52;((0, 2375000), (593750, 1187500, 1781250));
5;0.922782897949219;593750;4;223.74;((0, 2375000), (593750, 1187500, 1781250));
5;0.922779083251953;593750;2;219.73;((0, 2375000), (593750, 1187500, 1781250));
5;0.922777175903320;593750;7;226.17;((0, 2375000), (593750, 1187500, 1781250));
5;0.922778129577637;593750;4;222.64;((0, 2375000), (593750, 1187500, 1781250));
5;0.500000000000000;1781250;11;130.93;((0, 2375000), (593750, 1187500, 1781250));
5;0.750000000000000;1781250;11;192.62;((0, 2375000), (593750, 1187500, 1781250));
5;0.875000000000000;1781250;0;100.28;((0, 2375000), (593750, 1187500, 1781250));
5;0.812500000000000;1781250;0;100.67;((0, 2375000), (593750, 1187500, 1781250));
5;0.781250000000000;1781250;11;200.78;((0, 2375000), (593750, 1187500, 1781250));
5;0.796875000000000;1781250;11;205.70;((0, 2375000), (593750, 1187500, 1781250));
5;0.804687500000000;1781250;0;103.58;((0, 2375000), (593750, 1187500, 1781250));
5;0.800781250000000;1781250;11;204.71;((0, 2375000), (593750, 1187500, 1781250));
5;0.802734375000000;1781250;0;119.89;((0, 2375000), (593750, 1187500, 1781250));
5;0.801757812500000;1781250;11;205.27;((0, 2375000), (593750, 1187500, 1781250));
5;0.802246093750000;1781250;5;198.55;((0, 2375000), (593750, 1187500, 1781250));
5;0.802001953125000;1781250;6;199.06;((0, 2375000), (593750, 1187500, 1781250));
5;0.802124023437500;1781250;5;197.83;((0, 2375000), (593750, 1187500, 1781250));
5;0.802062988281250;1781250;8;200.09;((0, 2375000), (593750, 1187500, 1781250));
5;0.802093505859375;1781250;5;197.90;((0, 2375000), (593750, 1187500, 1781250));
5;0.802078247070312;1781250;7;199.22;((0, 2375000), (593750, 1187500, 1781250));
5;0.802085876464844;1781250;8;242.47;((0, 2375000), (593750, 1187500, 1781250));
5;0.802089691162109;1781250;3;195.39;((0, 2375000), (593750, 1187500, 1781250));
5;0.802087783813477;1781250;6;199.68;((0, 2375000), (593750, 1187500, 1781250));
5;0.802088737487793;1781250;7;201.98;((0, 2375000), (593750, 1187500, 1781250));
5;0.500000000000000;296875;11;141.33;((0, 1187500), (296875, 593750, 890625));
5;0.750000000000000;296875;11;190.13;((0, 1187500), (296875, 593750, 890625));
5;0.875000000000000;296875;11;224.87;((0, 1187500), (296875, 593750, 890625));
5;0.937500000000000;296875;11;233.47;((0, 1187500), (296875, 593750, 890625));
5;0.968750000000000;296875;0;100.87;((0, 1187500), (296875, 593750, 890625));
5;0.953125000000000;296875;11;238.69;((0, 1187500), (296875, 593750, 890625));
5;0.960937500000000;296875;0;101.77;((0, 1187500), (296875, 593750, 890625));
5;0.957031250000000;296875;0;123.62;((0, 1187500), (296875, 593750, 890625));
5;0.955078125000000;296875;11;246.60;((0, 1187500), (296875, 593750, 890625));
5;0.956054687500000;296875;1;233.57;((0, 1187500), (296875, 593750, 890625));
5;0.955566406250000;296875;6;248.18;((0, 1187500), (296875, 593750, 890625));
5;0.955810546875000;296875;3;235.34;((0, 1187500), (296875, 593750, 890625));
5;0.955688476562500;296875;6;238.60;((0, 1187500), (296875, 593750, 890625));
5;0.955749511718750;296875;7;242.98;((0, 1187500), (296875, 593750, 890625));
5;0.955780029296875;296875;3;234.63;((0, 1187500), (296875, 593750, 890625));
5;0.955764770507812;296875;7;237.21;((0, 1187500), (296875, 593750, 890625));
5;0.955772399902344;296875;3;239.24;((0, 1187500), (296875, 593750, 890625));
5;0.955768585205078;296875;4;235.75;((0, 1187500), (296875, 593750, 890625));
5;0.955766677856445;296875;6;237.51;((0, 1187500), (296875, 593750, 890625));
5;0.955767631530762;296875;3;236.18;((0, 1187500), (296875, 593750, 890625));
5;0.500000000000000;890625;11;139.70;((0, 1187500), (296875, 593750, 890625));
5;0.750000000000000;890625;11;201.50;((0, 1187500), (296875, 593750, 890625));
5;0.875000000000000;890625;11;231.26;((0, 1187500), (296875, 593750, 890625));
5;0.937500000000000;890625;0;104.09;((0, 1187500), (296875, 593750, 890625));
5;0.906250000000000;890625;0;104.63;((0, 1187500), (296875, 593750, 890625));
5;0.890625000000000;890625;11;248.46;((0, 1187500), (296875, 593750, 890625));
5;0.898437500000000;890625;0;119.91;((0, 1187500), (296875, 593750, 890625));
5;0.894531250000000;890625;11;246.97;((0, 1187500), (296875, 593750, 890625));
5;0.896484375000000;890625;11;241.96;((0, 1187500), (296875, 593750, 890625));
5;0.897460937500000;890625;2;220.61;((0, 1187500), (296875, 593750, 890625));
5;0.896972656250000;890625;6;225.79;((0, 1187500), (296875, 593750, 890625));
5;0.897216796875000;890625;6;229.82;((0, 1187500), (296875, 593750, 890625));
5;0.897338867187500;890625;2;220.97;((0, 1187500), (296875, 593750, 890625));
5;0.897277832031250;890625;5;228.73;((0, 1187500), (296875, 593750, 890625));
5;0.897247314453125;890625;3;224.86;((0, 1187500), (296875, 593750, 890625));
5;0.897232055664062;890625;5;224.87;((0, 1187500), (296875, 593750, 890625));
5;0.897224426269531;890625;4;225.55;((0, 1187500), (296875, 593750, 890625));
5;0.897220611572266;890625;7;228.47;((0, 1187500), (296875, 593750, 890625));
5;0.897222518920898;890625;5;229.77;((0, 1187500), (296875, 593750, 890625));
5;0.897221565246582;890625;6;226.44;((0, 1187500), (296875, 593750, 890625));
5;0.500000000000000;148437;11;133.93;((0, 593750), (148437, 296874, 445311));
5;0.750000000000000;148437;11;200.04;((0, 593750), (148437, 296874, 445311));
5;0.875000000000000;148437;11;231.34;((0, 593750), (148437, 296874, 445311));
5;0.937500000000000;148437;11;254.96;((0, 593750), (148437, 296874, 445311));
5;0.968750000000000;148437;0;155.10;((0, 593750), (148437, 296874, 445311));
5;0.953125000000000;148437;11;249.94;((0, 593750), (148437, 296874, 445311));
5;0.960937500000000;148437;11;260.65;((0, 593750), (148437, 296874, 445311));
5;0.964843750000000;148437;11;262.18;((0, 593750), (148437, 296874, 445311));
5;0.966796875000000;148437;10;250.24;((0, 593750), (148437, 296874, 445311));
5;0.967773437500000;148437;3;238.80;((0, 593750), (148437, 296874, 445311));
5;0.967285156250000;148437;10;249.60;((0, 593750), (148437, 296874, 445311));
5;0.967529296875000;148437;8;245.19;((0, 593750), (148437, 296874, 445311));
5;0.967651367187500;148437;4;245.15;((0, 593750), (148437, 296874, 445311));
5;0.967590332031250;148437;5;251.03;((0, 593750), (148437, 296874, 445311));
5;0.967559814453125;148437;5;247.16;((0, 593750), (148437, 296874, 445311));
5;0.967544555664062;148437;8;243.27;((0, 593750), (148437, 296874, 445311));
5;0.967552185058594;148437;5;239.93;((0, 593750), (148437, 296874, 445311));
5;0.967548370361328;148437;4;241.52;((0, 593750), (148437, 296874, 445311));
5;0.967546463012695;148437;7;238.25;((0, 593750), (148437, 296874, 445311));
5;0.967547416687012;148437;7;245.97;((0, 593750), (148437, 296874, 445311));
5;0.500000000000000;296874;11;140.21;((0, 593750), (148437, 296874, 445311));
5;0.750000000000000;296874;11;209.29;((0, 593750), (148437, 296874, 445311));
5;0.875000000000000;296874;11;241.27;((0, 593750), (148437, 296874, 445311));
5;0.937500000000000;296874;11;250.45;((0, 593750), (148437, 296874, 445311));
5;0.968750000000000;296874;0;110.70;((0, 593750), (148437, 296874, 445311));
5;0.953125000000000;296874;0;127.14;((0, 593750), (148437, 296874, 445311));
5;0.945312500000000;296874;11;263.12;((0, 593750), (148437, 296874, 445311));
5;0.949218750000000;296874;11;247.59;((0, 593750), (148437, 296874, 445311));
5;0.951171875000000;296874;5;242.40;((0, 593750), (148437, 296874, 445311));
5;0.950195312500000;296874;11;252.07;((0, 593750), (148437, 296874, 445311));
5;0.950683593750000;296874;5;236.63;((0, 593750), (148437, 296874, 445311));
5;0.950439453125000;296874;11;251.67;((0, 593750), (148437, 296874, 445311));
5;0.950561523437500;296874;8;244.81;((0, 593750), (148437, 296874, 445311));
5;0.950622558593750;296874;7;241.43;((0, 593750), (148437, 296874, 445311));
5;0.950653076171875;296874;9;240.71;((0, 593750), (148437, 296874, 445311));
5;0.950668334960938;296874;10;246.96;((0, 593750), (148437, 296874, 445311));
5;0.950675964355469;296874;9;239.19;((0, 593750), (148437, 296874, 445311));
5;0.950679779052734;296874;9;242.64;((0, 593750), (148437, 296874, 445311));
5;0.950681686401367;296874;6;238.14;((0, 593750), (148437, 296874, 445311));
5;0.950682640075684;296874;8;241.69;((0, 593750), (148437, 296874, 445311));
5;0.500000000000000;445311;11;140.90;((0, 593750), (148437, 296874, 445311));
5;0.750000000000000;445311;11;211.28;((0, 593750), (148437, 296874, 445311));
5;0.875000000000000;445311;11;229.52;((0, 593750), (148437, 296874, 445311));
5;0.937500000000000;445311;11;248.50;((0, 593750), (148437, 296874, 445311));
5;0.968750000000000;445311;0;107.79;((0, 593750), (148437, 296874, 445311));
5;0.953125000000000;445311;0;104.90;((0, 593750), (148437, 296874, 445311));
5;0.945312500000000;445311;0;112.28;((0, 593750), (148437, 296874, 445311));
5;0.941406250000000;445311;7;241.54;((0, 593750), (148437, 296874, 445311));
5;0.943359375000000;445311;0;125.16;((0, 593750), (148437, 296874, 445311));
5;0.942382812500000;445311;0;148.68;((0, 593750), (148437, 296874, 445311));
5;0.941894531250000;445311;1;231.02;((0, 593750), (148437, 296874, 445311));
5;0.941650390625000;445311;8;242.66;((0, 593750), (148437, 296874, 445311));
5;0.941772460937500;445311;5;234.51;((0, 593750), (148437, 296874, 445311));
5;0.941711425781250;445311;4;231.83;((0, 593750), (148437, 296874, 445311));
5;0.941680908203125;445311;3;231.41;((0, 593750), (148437, 296874, 445311));
5;0.941665649414062;445311;4;237.66;((0, 593750), (148437, 296874, 445311));
5;0.941658020019531;445311;4;235.42;((0, 593750), (148437, 296874, 445311));
5;0.941654205322266;445311;7;242.25;((0, 593750), (148437, 296874, 445311));
5;0.941656112670898;445311;7;240.42;((0, 593750), (148437, 296874, 445311));
5;0.941657066345215;445311;6;243.32;((0, 593750), (148437, 296874, 445311));
5;0.500000000000000;74218;11;139.55;((0, 296874), (74218, 148436, 222654));
5;0.750000000000000;74218;11;200.00;((0, 296874), (74218, 148436, 222654));
5;0.875000000000000;74218;11;227.31;((0, 296874), (74218, 148436, 222654));
5;0.937500000000000;74218;11;251.92;((0, 296874), (74218, 148436, 222654));
5;0.968750000000000;74218;8;282.06;((0, 296874), (74218, 148436, 222654));
5;0.984375000000000;74218;0;107.68;((0, 296874), (74218, 148436, 222654));
5;0.976562500000000;74218;0;106.38;((0, 296874), (74218, 148436, 222654));
5;0.972656250000000;74218;0;161.94;((0, 296874), (74218, 148436, 222654));
5;0.970703125000000;74218;1;242.90;((0, 296874), (74218, 148436, 222654));
5;0.969726562500000;74218;9;245.54;((0, 296874), (74218, 148436, 222654));
5;0.970214843750000;74218;3;235.02;((0, 296874), (74218, 148436, 222654));
5;0.969970703125000;74218;4;240.75;((0, 296874), (74218, 148436, 222654));
5;0.969848632812500;74218;5;236.74;((0, 296874), (74218, 148436, 222654));
5;0.969787597656250;74218;8;249.76;((0, 296874), (74218, 148436, 222654));
5;0.969818115234375;74218;9;250.34;((0, 296874), (74218, 148436, 222654));
5;0.969833374023438;74218;5;240.13;((0, 296874), (74218, 148436, 222654));
5;0.969825744628906;74218;8;237.64;((0, 296874), (74218, 148436, 222654));
5;0.969829559326172;74218;8;239.18;((0, 296874), (74218, 148436, 222654));
5;0.969831466674805;74218;8;247.88;((0, 296874), (74218, 148436, 222654));
5;0.969832420349121;74218;8;241.99;((0, 296874), (74218, 148436, 222654));
5;0.500000000000000;148436;11;143.39;((0, 296874), (74218, 148436, 222654));
5;0.750000000000000;148436;11;205.89;((0, 296874), (74218, 148436, 222654));
5;0.875000000000000;148436;11;233.55;((0, 296874), (74218, 148436, 222654));
5;0.937500000000000;148436;11;250.94;((0, 296874), (74218, 148436, 222654));
5;0.968750000000000;148436;0;159.49;((0, 296874), (74218, 148436, 222654));
5;0.953125000000000;148436;11;248.75;((0, 296874), (74218, 148436, 222654));
5;0.960937500000000;148436;11;256.91;((0, 296874), (74218, 148436, 222654));
5;0.964843750000000;148436;10;248.59;((0, 296874), (74218, 148436, 222654));
5;0.966796875000000;148436;10;252.44;((0, 296874), (74218, 148436, 222654));
5;0.967773437500000;148436;4;235.44;((0, 296874), (74218, 148436, 222654));
5;0.967285156250000;148436;6;241.96;((0, 296874), (74218, 148436, 222654));
5;0.967529296875000;148436;7;240.10;((0, 296874), (74218, 148436, 222654));
5;0.967651367187500;148436;6;245.40;((0, 296874), (74218, 148436, 222654));
5;0.967712402343750;148436;5;240.14;((0, 296874), (74218, 148436, 222654));
5;0.967681884765625;148436;5;239.35;((0, 296874), (74218, 148436, 222654));
5;0.967666625976562;148436;5;238.89;((0, 296874), (74218, 148436, 222654));
5;0.967658996582031;148436;5;244.64;((0, 296874), (74218, 148436, 222654));
5;0.967655181884766;148436;7;246.96;((0, 296874), (74218, 148436, 222654));
5;0.967657089233398;148436;4;237.97;((0, 296874), (74218, 148436, 222654));
5;0.967656135559082;148436;4;242.46;((0, 296874), (74218, 148436, 222654));
5;0.500000000000000;222654;11;142.14;((0, 296874), (74218, 148436, 222654));
5;0.750000000000000;222654;11;210.55;((0, 296874), (74218, 148436, 222654));
5;0.875000000000000;222654;11;236.10;((0, 296874), (74218, 148436, 222654));
5;0.937500000000000;222654;11;257.33;((0, 296874), (74218, 148436, 222654));
5;0.968750000000000;222654;0;104.74;((0, 296874), (74218, 148436, 222654));
5;0.953125000000000;222654;11;251.40;((0, 296874), (74218, 148436, 222654));
5;0.960937500000000;222654;0;114.99;((0, 296874), (74218, 148436, 222654));
5;0.957031250000000;222654;7;256.68;((0, 296874), (74218, 148436, 222654));
5;0.958984375000000;222654;0;166.52;((0, 296874), (74218, 148436, 222654));
5;0.958007812500000;222654;5;244.91;((0, 296874), (74218, 148436, 222654));
5;0.957519531250000;222654;5;236.35;((0, 296874), (74218, 148436, 222654));
5;0.957275390625000;222654;8;242.95;((0, 296874), (74218, 148436, 222654));
5;0.957397460937500;222654;7;243.38;((0, 296874), (74218, 148436, 222654));
5;0.957458496093750;222654;4;240.30;((0, 296874), (74218, 148436, 222654));
5;0.957427978515625;222654;4;240.26;((0, 296874), (74218, 148436, 222654));
5;0.957412719726562;222654;6;245.55;((0, 296874), (74218, 148436, 222654));
5;0.957420349121094;222654;4;239.17;((0, 296874), (74218, 148436, 222654));
5;0.957416534423828;222654;3;236.07;((0, 296874), (74218, 148436, 222654));
5;0.957414627075195;222654;7;243.86;((0, 296874), (74218, 148436, 222654));
5;0.957415580749512;222654;4;244.01;((0, 296874), (74218, 148436, 222654));
5;0.500000000000000;37109;11;136.28;((0, 148436), (37109, 74218, 111327));
5;0.750000000000000;37109;11;203.22;((0, 148436), (37109, 74218, 111327));
5;0.875000000000000;37109;11;231.54;((0, 148436), (37109, 74218, 111327));
5;0.937500000000000;37109;11;241.68;((0, 148436), (37109, 74218, 111327));
5;0.968750000000000;37109;0;142.23;((0, 148436), (37109, 74218, 111327));
5;0.953125000000000;37109;11;247.33;((0, 148436), (37109, 74218, 111327));
5;0.960937500000000;37109;11;243.81;((0, 148436), (37109, 74218, 111327));
5;0.964843750000000;37109;11;246.94;((0, 148436), (37109, 74218, 111327));
5;0.966796875000000;37109;6;235.27;((0, 148436), (37109, 74218, 111327));
5;0.967773437500000;37109;4;232.83;((0, 148436), (37109, 74218, 111327));
5;0.967285156250000;37109;6;235.77;((0, 148436), (37109, 74218, 111327));
5;0.967529296875000;37109;2;228.82;((0, 148436), (37109, 74218, 111327));
5;0.967407226562500;37109;2;227.68;((0, 148436), (37109, 74218, 111327));
5;0.967346191406250;37109;2;234.78;((0, 148436), (37109, 74218, 111327));
5;0.967315673828125;37109;6;238.97;((0, 148436), (37109, 74218, 111327));
5;0.967330932617188;37109;6;234.38;((0, 148436), (37109, 74218, 111327));
5;0.967338562011719;37109;2;234.57;((0, 148436), (37109, 74218, 111327));
5;0.967334747314453;37109;4;237.52;((0, 148436), (37109, 74218, 111327));
5;0.967332839965820;37109;2;233.11;((0, 148436), (37109, 74218, 111327));
5;0.967331886291504;37109;4;233.71;((0, 148436), (37109, 74218, 111327));
5;0.500000000000000;111327;11;138.46;((0, 148436), (37109, 74218, 111327));
5;0.750000000000000;111327;11;202.00;((0, 148436), (37109, 74218, 111327));
5;0.875000000000000;111327;11;234.67;((0, 148436), (37109, 74218, 111327));
5;0.937500000000000;111327;11;247.37;((0, 148436), (37109, 74218, 111327));
5;0.968750000000000;111327;9;243.36;((0, 148436), (37109, 74218, 111327));
5;0.984375000000000;111327;0;109.72;((0, 148436), (37109, 74218, 111327));
5;0.976562500000000;111327;0;109.39;((0, 148436), (37109, 74218, 111327));
5;0.972656250000000;111327;0;117.39;((0, 148436), (37109, 74218, 111327));
5;0.970703125000000;111327;1;231.65;((0, 148436), (37109, 74218, 111327));
5;0.969726562500000;111327;6;239.76;((0, 148436), (37109, 74218, 111327));
5;0.970214843750000;111327;4;241.90;((0, 148436), (37109, 74218, 111327));
5;0.969970703125000;111327;3;241.80;((0, 148436), (37109, 74218, 111327));
5;0.969848632812500;111327;4;295.92;((0, 148436), (37109, 74218, 111327));
5;0.969787597656250;111327;2;233.17;((0, 148436), (37109, 74218, 111327));
5;0.969757080078125;111327;2;238.99;((0, 148436), (37109, 74218, 111327));
5;0.969741821289062;111327;4;242.02;((0, 148436), (37109, 74218, 111327));
5;0.969734191894531;111327;6;241.24;((0, 148436), (37109, 74218, 111327));
5;0.969738006591797;111327;6;243.96;((0, 148436), (37109, 74218, 111327));
5;0.969739913940430;111327;8;240.71;((0, 148436), (37109, 74218, 111327));
5;0.969740867614746;111327;9;243.25;((0, 148436), (37109, 74218, 111327));
5;0.500000000000000;55663;11;132.56;((37109, 111327), (55663, 74217, 92771));
5;0.750000000000000;55663;11;203.22;((37109, 111327), (55663, 74217, 92771));
5;0.875000000000000;55663;11;226.79;((37109, 111327), (55663, 74217, 92771));
5;0.937500000000000;55663;11;249.85;((37109, 111327), (55663, 74217, 92771));
5;0.968750000000000;55663;7;237.22;((37109, 111327), (55663, 74217, 92771));
5;0.984375000000000;55663;0;109.96;((37109, 111327), (55663, 74217, 92771));
5;0.976562500000000;55663;0;113.38;((37109, 111327), (55663, 74217, 92771));
5;0.972656250000000;55663;0;152.28;((37109, 111327), (55663, 74217, 92771));
5;0.970703125000000;55663;1;229.36;((37109, 111327), (55663, 74217, 92771));
5;0.969726562500000;55663;3;232.42;((37109, 111327), (55663, 74217, 92771));
5;0.969238281250000;55663;8;239.03;((37109, 111327), (55663, 74217, 92771));
5;0.969482421875000;55663;6;237.96;((37109, 111327), (55663, 74217, 92771));
5;0.969604492187500;55663;6;234.74;((37109, 111327), (55663, 74217, 92771));
5;0.969665527343750;55663;1;231.72;((37109, 111327), (55663, 74217, 92771));
5;0.969635009765625;55663;7;240.66;((37109, 111327), (55663, 74217, 92771));
5;0.969650268554688;55663;6;239.42;((37109, 111327), (55663, 74217, 92771));
5;0.969657897949219;55663;5;239.70;((37109, 111327), (55663, 74217, 92771));
5;0.969654083251953;55663;5;236.04;((37109, 111327), (55663, 74217, 92771));
5;0.969652175903320;55663;8;240.20;((37109, 111327), (55663, 74217, 92771));
5;0.969653129577637;55663;7;243.35;((37109, 111327), (55663, 74217, 92771));
5;0.500000000000000;74217;11;141.07;((37109, 111327), (55663, 74217, 92771));
5;0.750000000000000;74217;11;203.22;((37109, 111327), (55663, 74217, 92771));
5;0.875000000000000;74217;11;232.03;((37109, 111327), (55663, 74217, 92771));
5;0.937500000000000;74217;11;254.95;((37109, 111327), (55663, 74217, 92771));
5;0.968750000000000;74217;11;251.33;((37109, 111327), (55663, 74217, 92771));
5;0.984375000000000;74217;0;106.38;((37109, 111327), (55663, 74217, 92771));
5;0.976562500000000;74217;0;109.88;((37109, 111327), (55663, 74217, 92771));
5;0.972656250000000;74217;0;146.70;((37109, 111327), (55663, 74217, 92771));
5;0.970703125000000;74217;5;237.34;((37109, 111327), (55663, 74217, 92771));
5;0.969726562500000;74217;7;248.53;((37109, 111327), (55663, 74217, 92771));
5;0.970214843750000;74217;4;238.18;((37109, 111327), (55663, 74217, 92771));
5;0.969970703125000;74217;7;237.83;((37109, 111327), (55663, 74217, 92771));
5;0.970092773437500;74217;6;241.15;((37109, 111327), (55663, 74217, 92771));
5;0.970153808593750;74217;7;246.43;((37109, 111327), (55663, 74217, 92771));
5;0.970184326171875;74217;5;240.56;((37109, 111327), (55663, 74217, 92771));
5;0.970169067382812;74217;8;239.55;((37109, 111327), (55663, 74217, 92771));
5;0.970176696777344;74217;11;259.61;((37109, 111327), (55663, 74217, 92771));
5;0.970180511474609;74217;7;240.85;((37109, 111327), (55663, 74217, 92771));
5;0.970182418823242;74217;8;243.13;((37109, 111327), (55663, 74217, 92771));
5;0.970183372497559;74217;6;244.90;((37109, 111327), (55663, 74217, 92771));
5;0.500000000000000;92771;11;141.93;((37109, 111327), (55663, 74217, 92771));
5;0.750000000000000;92771;11;203.42;((37109, 111327), (55663, 74217, 92771));
5;0.875000000000000;92771;11;233.96;((37109, 111327), (55663, 74217, 92771));
5;0.937500000000000;92771;11;255.55;((37109, 111327), (55663, 74217, 92771));
5;0.968750000000000;92771;9;245.40;((37109, 111327), (55663, 74217, 92771));
5;0.984375000000000;92771;0;115.16;((37109, 111327), (55663, 74217, 92771));
5;0.976562500000000;92771;0;117.14;((37109, 111327), (55663, 74217, 92771));
5;0.972656250000000;92771;0;133.19;((37109, 111327), (55663, 74217, 92771));
5;0.970703125000000;92771;6;242.00;((37109, 111327), (55663, 74217, 92771));
5;0.971679687500000;92771;1;233.74;((37109, 111327), (55663, 74217, 92771));
5;0.971191406250000;92771;2;235.26;((37109, 111327), (55663, 74217, 92771));
5;0.970947265625000;92771;2;239.91;((37109, 111327), (55663, 74217, 92771));
5;0.970825195312500;92771;3;233.77;((37109, 111327), (55663, 74217, 92771));
5;0.970764160156250;92771;3;243.33;((37109, 111327), (55663, 74217, 92771));
5;0.970733642578125;92771;4;241.59;((37109, 111327), (55663, 74217, 92771));
5;0.970718383789062;92771;3;238.85;((37109, 111327), (55663, 74217, 92771));
5;0.970710754394531;92771;4;236.51;((37109, 111327), (55663, 74217, 92771));
5;0.970706939697266;92771;3;234.88;((37109, 111327), (55663, 74217, 92771));
5;0.970705032348633;92771;4;244.15;((37109, 111327), (55663, 74217, 92771));
5;0.970704078674316;92771;5;237.15;((37109, 111327), (55663, 74217, 92771));
5;0.500000000000000;83494;11;136.93;((74217, 111327), (83494, 92771, 102048));
5;0.750000000000000;83494;11;198.15;((74217, 111327), (83494, 92771, 102048));
5;0.875000000000000;83494;11;228.99;((74217, 111327), (83494, 92771, 102048));
5;0.937500000000000;83494;11;249.02;((74217, 111327), (83494, 92771, 102048));
5;0.968750000000000;83494;0;122.14;((74217, 111327), (83494, 92771, 102048));
5;0.953125000000000;83494;11;256.67;((74217, 111327), (83494, 92771, 102048));
5;0.960937500000000;83494;11;246.68;((74217, 111327), (83494, 92771, 102048));
5;0.964843750000000;83494;8;235.59;((74217, 111327), (83494, 92771, 102048));
5;0.966796875000000;83494;2;231.29;((74217, 111327), (83494, 92771, 102048));
5;0.965820312500000;83494;6;241.98;((74217, 111327), (83494, 92771, 102048));
5;0.966308593750000;83494;3;235.44;((74217, 111327), (83494, 92771, 102048));
5;0.966064453125000;83494;3;236.25;((74217, 111327), (83494, 92771, 102048));
5;0.965942382812500;83494;4;239.63;((74217, 111327), (83494, 92771, 102048));
5;0.965881347656250;83494;4;242.21;((74217, 111327), (83494, 92771, 102048));
5;0.965850830078125;83494;3;249.11;((74217, 111327), (83494, 92771, 102048));
5;0.965835571289062;83494;5;236.79;((74217, 111327), (83494, 92771, 102048));
5;0.965827941894531;83494;6;234.64;((74217, 111327), (83494, 92771, 102048));
5;0.965831756591797;83494;5;241.72;((74217, 111327), (83494, 92771, 102048));
5;0.965829849243164;83494;3;236.34;((74217, 111327), (83494, 92771, 102048));
5;0.965828895568848;83494;3;232.89;((74217, 111327), (83494, 92771, 102048));
5;0.500000000000000;102048;11;141.41;((74217, 111327), (83494, 92771, 102048));
5;0.750000000000000;102048;11;207.34;((74217, 111327), (83494, 92771, 102048));
5;0.875000000000000;102048;11;227.61;((74217, 111327), (83494, 92771, 102048));
5;0.937500000000000;102048;11;252.06;((74217, 111327), (83494, 92771, 102048));
5;0.968750000000000;102048;11;263.59;((74217, 111327), (83494, 92771, 102048));
5;0.984375000000000;102048;0;109.14;((74217, 111327), (83494, 92771, 102048));
5;0.976562500000000;102048;0;109.83;((74217, 111327), (83494, 92771, 102048));
5;0.972656250000000;102048;0;152.14;((74217, 111327), (83494, 92771, 102048));
5;0.970703125000000;102048;4;238.71;((74217, 111327), (83494, 92771, 102048));
5;0.969726562500000;102048;5;233.34;((74217, 111327), (83494, 92771, 102048));
5;0.969238281250000;102048;11;243.37;((74217, 111327), (83494, 92771, 102048));
5;0.969482421875000;102048;6;244.15;((74217, 111327), (83494, 92771, 102048));
5;0.969604492187500;102048;6;235.79;((74217, 111327), (83494, 92771, 102048));
5;0.969665527343750;102048;5;281.73;((74217, 111327), (83494, 92771, 102048));
5;0.969635009765625;102048;8;242.43;((74217, 111327), (83494, 92771, 102048));
5;0.969650268554688;102048;6;235.98;((74217, 111327), (83494, 92771, 102048));
5;0.969657897949219;102048;5;233.73;((74217, 111327), (83494, 92771, 102048));
5;0.969654083251953;102048;8;239.28;((74217, 111327), (83494, 92771, 102048));
5;0.969655990600586;102048;7;237.37;((74217, 111327), (83494, 92771, 102048));
5;0.969656944274902;102048;9;238.41;((74217, 111327), (83494, 92771, 102048));
5;0.500000000000000;88132;11;131.63;((83494, 102048), (88132, 92770, 97408));
5;0.750000000000000;88132;11;190.52;((83494, 102048), (88132, 92770, 97408));
5;0.875000000000000;88132;11;219.49;((83494, 102048), (88132, 92770, 97408));
5;0.937500000000000;88132;11;234.87;((83494, 102048), (88132, 92770, 97408));
5;0.968750000000000;88132;0;137.53;((83494, 102048), (88132, 92770, 97408));
5;0.953125000000000;88132;11;239.14;((83494, 102048), (88132, 92770, 97408));
5;0.960937500000000;88132;11;240.33;((83494, 102048), (88132, 92770, 97408));
5;0.964843750000000;88132;7;235.26;((83494, 102048), (88132, 92770, 97408));
5;0.966796875000000;88132;0;166.99;((83494, 102048), (88132, 92770, 97408));
5;0.965820312500000;88132;4;231.59;((83494, 102048), (88132, 92770, 97408));
5;0.965332031250000;88132;6;231.22;((83494, 102048), (88132, 92770, 97408));
5;0.965576171875000;88132;9;235.66;((83494, 102048), (88132, 92770, 97408));
5;0.965698242187500;88132;5;231.45;((83494, 102048), (88132, 92770, 97408));
5;0.965637207031250;88132;6;231.96;((83494, 102048), (88132, 92770, 97408));
5;0.965667724609375;88132;3;231.21;((83494, 102048), (88132, 92770, 97408));
5;0.965652465820312;88132;6;232.11;((83494, 102048), (88132, 92770, 97408));
5;0.965660095214844;88132;5;233.61;((83494, 102048), (88132, 92770, 97408));
5;0.965656280517578;88132;5;230.28;((83494, 102048), (88132, 92770, 97408));
5;0.965654373168945;88132;2;228.02;((83494, 102048), (88132, 92770, 97408));
5;0.965653419494629;88132;2;225.34;((83494, 102048), (88132, 92770, 97408));
5;0.500000000000000;92770;11;132.97;((83494, 102048), (88132, 92770, 97408));
5;0.750000000000000;92770;11;189.72;((83494, 102048), (88132, 92770, 97408));
5;0.875000000000000;92770;11;223.19;((83494, 102048), (88132, 92770, 97408));
5;0.937500000000000;92770;11;235.16;((83494, 102048), (88132, 92770, 97408));
5;0.968750000000000;92770;0;111.56;((83494, 102048), (88132, 92770, 97408));
5;0.953125000000000;92770;11;238.64;((83494, 102048), (88132, 92770, 97408));
5;0.960937500000000;92770;11;242.19;((83494, 102048), (88132, 92770, 97408));
5;0.964843750000000;92770;9;236.40;((83494, 102048), (88132, 92770, 97408));
5;0.966796875000000;92770;0;142.55;((83494, 102048), (88132, 92770, 97408));
5;0.965820312500000;92770;2;228.40;((83494, 102048), (88132, 92770, 97408));
5;0.965332031250000;92770;5;232.42;((83494, 102048), (88132, 92770, 97408));
5;0.965087890625000;92770;7;233.99;((83494, 102048), (88132, 92770, 97408));
5;0.965209960937500;92770;4;229.98;((83494, 102048), (88132, 92770, 97408));
5;0.965148925781250;92770;6;232.40;((83494, 102048), (88132, 92770, 97408));
5;0.965179443359375;92770;7;232.60;((83494, 102048), (88132, 92770, 97408));
5;0.965194702148438;92770;5;230.52;((83494, 102048), (88132, 92770, 97408));
5;0.965187072753906;92770;3;230.41;((83494, 102048), (88132, 92770, 97408));
5;0.965183258056641;92770;3;231.52;((83494, 102048), (88132, 92770, 97408));
5;0.965181350708008;92770;7;233.69;((83494, 102048), (88132, 92770, 97408));
5;0.965182304382324;92770;7;232.87;((83494, 102048), (88132, 92770, 97408));
5;0.500000000000000;97408;11;131.22;((83494, 102048), (88132, 92770, 97408));
5;0.750000000000000;97408;11;189.89;((83494, 102048), (88132, 92770, 97408));
5;0.875000000000000;97408;11;220.63;((83494, 102048), (88132, 92770, 97408));
5;0.937500000000000;97408;11;234.93;((83494, 102048), (88132, 92770, 97408));
5;0.968750000000000;97408;9;238.70;((83494, 102048), (88132, 92770, 97408));
5;0.984375000000000;97408;0;102.59;((83494, 102048), (88132, 92770, 97408));
5;0.976562500000000;97408;0;103.53;((83494, 102048), (88132, 92770, 97408));
5;0.972656250000000;97408;0;147.96;((83494, 102048), (88132, 92770, 97408));
5;0.970703125000000;97408;4;231.60;((83494, 102048), (88132, 92770, 97408));
5;0.969726562500000;97408;7;236.34;((83494, 102048), (88132, 92770, 97408));
5;0.970214843750000;97408;5;246.61;((83494, 102048), (88132, 92770, 97408));
5;0.969970703125000;97408;5;232.19;((83494, 102048), (88132, 92770, 97408));
5;0.969848632812500;97408;7;234.98;((83494, 102048), (88132, 92770, 97408));
5;0.969909667968750;97408;10;240.31;((83494, 102048), (88132, 92770, 97408));
5;0.969940185546875;97408;3;232.43;((83494, 102048), (88132, 92770, 97408));
5;0.969924926757812;97408;3;230.99;((83494, 102048), (88132, 92770, 97408));
5;0.969917297363281;97408;8;235.51;((83494, 102048), (88132, 92770, 97408));
5;0.969921112060547;97408;7;235.24;((83494, 102048), (88132, 92770, 97408));
5;0.969923019409180;97408;9;251.15;((83494, 102048), (88132, 92770, 97408));
5;0.969923973083496;97408;4;231.42;((83494, 102048), (88132, 92770, 97408));
5;0.500000000000000;95089;11;131.57;((92770, 102048), (95089, 97408, 99727));
5;0.750000000000000;95089;11;190.56;((92770, 102048), (95089, 97408, 99727));
5;0.875000000000000;95089;11;222.14;((92770, 102048), (95089, 97408, 99727));
5;0.937500000000000;95089;11;238.71;((92770, 102048), (95089, 97408, 99727));
5;0.968750000000000;95089;10;241.00;((92770, 102048), (95089, 97408, 99727));
5;0.984375000000000;95089;0;102.06;((92770, 102048), (95089, 97408, 99727));
5;0.976562500000000;95089;0;103.81;((92770, 102048), (95089, 97408, 99727));
5;0.972656250000000;95089;0;123.09;((92770, 102048), (95089, 97408, 99727));
5;0.970703125000000;95089;3;231.85;((92770, 102048), (95089, 97408, 99727));
5;0.969726562500000;95089;4;232.39;((92770, 102048), (95089, 97408, 99727));
5;0.969238281250000;95089;8;237.59;((92770, 102048), (95089, 97408, 99727));
5;0.969482421875000;95089;8;238.65;((92770, 102048), (95089, 97408, 99727));
5;0.969604492187500;95089;7;235.28;((92770, 102048), (95089, 97408, 99727));
5;0.969665527343750;95089;8;235.91;((92770, 102048), (95089, 97408, 99727));
5;0.969696044921875;95089;5;234.42;((92770, 102048), (95089, 97408, 99727));
5;0.969680786132812;95089;5;237.08;((92770, 102048), (95089, 97408, 99727));
5;0.969673156738281;95089;10;239.32;((92770, 102048), (95089, 97408, 99727));
5;0.969676971435547;95089;8;237.87;((92770, 102048), (95089, 97408, 99727));
5;0.969678878784180;95089;7;237.49;((92770, 102048), (95089, 97408, 99727));
5;0.969679832458496;95089;5;232.86;((92770, 102048), (95089, 97408, 99727));
5;0.500000000000000;99727;11;131.58;((92770, 102048), (95089, 97408, 99727));
5;0.750000000000000;99727;11;190.78;((92770, 102048), (95089, 97408, 99727));
5;0.875000000000000;99727;11;223.64;((92770, 102048), (95089, 97408, 99727));
5;0.937500000000000;99727;11;239.54;((92770, 102048), (95089, 97408, 99727));
5;0.968750000000000;99727;9;237.81;((92770, 102048), (95089, 97408, 99727));
5;0.984375000000000;99727;0;102.57;((92770, 102048), (95089, 97408, 99727));
5;0.976562500000000;99727;0;107.25;((92770, 102048), (95089, 97408, 99727));
5;0.972656250000000;99727;0;132.92;((92770, 102048), (95089, 97408, 99727));
5;0.970703125000000;99727;4;232.24;((92770, 102048), (95089, 97408, 99727));
5;0.969726562500000;99727;7;234.17;((92770, 102048), (95089, 97408, 99727));
5;0.970214843750000;99727;6;237.19;((92770, 102048), (95089, 97408, 99727));
5;0.970458984375000;99727;5;233.29;((92770, 102048), (95089, 97408, 99727));
5;0.970336914062500;99727;3;231.51;((92770, 102048), (95089, 97408, 99727));
5;0.970275878906250;99727;4;230.28;((92770, 102048), (95089, 97408, 99727));
5;0.970245361328125;99727;4;241.85;((92770, 102048), (95089, 97408, 99727));
5;0.970230102539062;99727;4;232.78;((92770, 102048), (95089, 97408, 99727));
5;0.970222473144531;99727;4;230.46;((92770, 102048), (95089, 97408, 99727));
5;0.970218658447266;99727;6;234.51;((92770, 102048), (95089, 97408, 99727));
5;0.970220565795898;99727;6;234.81;((92770, 102048), (95089, 97408, 99727));
5;0.970221519470215;99727;6;235.78;((92770, 102048), (95089, 97408, 99727));
5;0.500000000000000;98568;11;131.09;((97408, 102048), (98568, 99728, 100888));
5;0.750000000000000;98568;11;191.46;((97408, 102048), (98568, 99728, 100888));
5;0.875000000000000;98568;11;219.37;((97408, 102048), (98568, 99728, 100888));
5;0.937500000000000;98568;11;234.67;((97408, 102048), (98568, 99728, 100888));
5;0.968750000000000;98568;11;243.16;((97408, 102048), (98568, 99728, 100888));
5;0.984375000000000;98568;0;101.93;((97408, 102048), (98568, 99728, 100888));
5;0.976562500000000;98568;0;104.86;((97408, 102048), (98568, 99728, 100888));
5;0.972656250000000;98568;0;128.02;((97408, 102048), (98568, 99728, 100888));
5;0.970703125000000;98568;3;230.35;((97408, 102048), (98568, 99728, 100888));
5;0.969726562500000;98568;9;238.68;((97408, 102048), (98568, 99728, 100888));
5;0.970214843750000;98568;2;227.94;((97408, 102048), (98568, 99728, 100888));
5;0.969970703125000;98568;6;234.53;((97408, 102048), (98568, 99728, 100888));
5;0.970092773437500;98568;4;232.61;((97408, 102048), (98568, 99728, 100888));
5;0.970031738281250;98568;4;231.36;((97408, 102048), (98568, 99728, 100888));
5;0.970001220703125;98568;6;234.96;((97408, 102048), (98568, 99728, 100888));
5;0.970016479492188;98568;5;232.35;((97408, 102048), (98568, 99728, 100888));
5;0.970008850097656;98568;8;235.58;((97408, 102048), (98568, 99728, 100888));
5;0.970012664794922;98568;7;234.22;((97408, 102048), (98568, 99728, 100888));
5;0.970014572143555;98568;8;238.50;((97408, 102048), (98568, 99728, 100888));
5;0.970015525817871;98568;6;236.66;((97408, 102048), (98568, 99728, 100888));
5;0.500000000000000;99728;11;131.31;((97408, 102048), (98568, 99728, 100888));
5;0.750000000000000;99728;11;191.36;((97408, 102048), (98568, 99728, 100888));
5;0.875000000000000;99728;11;221.85;((97408, 102048), (98568, 99728, 100888));
5;0.937500000000000;99728;11;235.49;((97408, 102048), (98568, 99728, 100888));
5;0.968750000000000;99728;11;247.33;((97408, 102048), (98568, 99728, 100888));
5;0.984375000000000;99728;0;101.83;((97408, 102048), (98568, 99728, 100888));
5;0.976562500000000;99728;0;111.44;((97408, 102048), (98568, 99728, 100888));
5;0.972656250000000;99728;0;130.60;((97408, 102048), (98568, 99728, 100888));
5;0.970703125000000;99728;1;226.63;((97408, 102048), (98568, 99728, 100888));
5;0.969726562500000;99728;6;234.90;((97408, 102048), (98568, 99728, 100888));
5;0.970214843750000;99728;9;238.28;((97408, 102048), (98568, 99728, 100888));
5;0.970458984375000;99728;4;262.66;((97408, 102048), (98568, 99728, 100888));
5;0.970336914062500;99728;6;233.18;((97408, 102048), (98568, 99728, 100888));
5;0.970397949218750;99728;5;237.05;((97408, 102048), (98568, 99728, 100888));
5;0.970367431640625;99728;3;235.23;((97408, 102048), (98568, 99728, 100888));
5;0.970352172851562;99728;6;234.26;((97408, 102048), (98568, 99728, 100888));
5;0.970359802246094;99728;2;227.92;((97408, 102048), (98568, 99728, 100888));
5;0.970355987548828;99728;5;234.43;((97408, 102048), (98568, 99728, 100888));
5;0.970354080200195;99728;6;235.92;((97408, 102048), (98568, 99728, 100888));
5;0.970355033874512;99728;6;234.31;((97408, 102048), (98568, 99728, 100888));
5;0.500000000000000;100888;11;131.17;((97408, 102048), (98568, 99728, 100888));
5;0.750000000000000;100888;11;191.30;((97408, 102048), (98568, 99728, 100888));
5;0.875000000000000;100888;11;219.86;((97408, 102048), (98568, 99728, 100888));
5;0.937500000000000;100888;11;235.12;((97408, 102048), (98568, 99728, 100888));
5;0.968750000000000;100888;6;234.63;((97408, 102048), (98568, 99728, 100888));
5;0.984375000000000;100888;0;102.42;((97408, 102048), (98568, 99728, 100888));
5;0.976562500000000;100888;0;105.51;((97408, 102048), (98568, 99728, 100888));
5;0.972656250000000;100888;0;123.56;((97408, 102048), (98568, 99728, 100888));
5;0.970703125000000;100888;4;237.91;((97408, 102048), (98568, 99728, 100888));
5;0.969726562500000;100888;6;234.11;((97408, 102048), (98568, 99728, 100888));
5;0.970214843750000;100888;2;229.46;((97408, 102048), (98568, 99728, 100888));
5;0.969970703125000;100888;3;230.49;((97408, 102048), (98568, 99728, 100888));
5;0.969848632812500;100888;8;237.08;((97408, 102048), (98568, 99728, 100888));
5;0.969909667968750;100888;6;233.69;((97408, 102048), (98568, 99728, 100888));
5;0.969940185546875;100888;7;233.81;((97408, 102048), (98568, 99728, 100888));
5;0.969955444335938;100888;7;239.61;((97408, 102048), (98568, 99728, 100888));
5;0.969963073730469;100888;6;235.18;((97408, 102048), (98568, 99728, 100888));
5;0.969966888427734;100888;5;233.33;((97408, 102048), (98568, 99728, 100888));
5;0.969964981079102;100888;7;234.94;((97408, 102048), (98568, 99728, 100888));
5;0.969965934753418;100888;7;235.13;((97408, 102048), (98568, 99728, 100888));
5;0.500000000000000;99148;11;131.73;((98568, 100888), (99148, 99728, 100308));
5;0.750000000000000;99148;11;189.98;((98568, 100888), (99148, 99728, 100308));
5;0.875000000000000;99148;11;220.20;((98568, 100888), (99148, 99728, 100308));
5;0.937500000000000;99148;11;237.06;((98568, 100888), (99148, 99728, 100308));
5;0.968750000000000;99148;10;239.78;((98568, 100888), (99148, 99728, 100308));
5;0.984375000000000;99148;0;102.35;((98568, 100888), (99148, 99728, 100308));
5;0.976562500000000;99148;0;108.21;((98568, 100888), (99148, 99728, 100308));
5;0.972656250000000;99148;0;153.17;((98568, 100888), (99148, 99728, 100308));
5;0.970703125000000;99148;3;240.33;((98568, 100888), (99148, 99728, 100308));
5;0.969726562500000;99148;8;236.52;((98568, 100888), (99148, 99728, 100308));
5;0.970214843750000;99148;6;233.20;((98568, 100888), (99148, 99728, 100308));
5;0.970458984375000;99148;3;230.18;((98568, 100888), (99148, 99728, 100308));
5;0.970336914062500;99148;5;232.58;((98568, 100888), (99148, 99728, 100308));
5;0.970275878906250;99148;4;231.33;((98568, 100888), (99148, 99728, 100308));
5;0.970245361328125;99148;7;235.18;((98568, 100888), (99148, 99728, 100308));
5;0.970260620117188;99148;5;239.35;((98568, 100888), (99148, 99728, 100308));
5;0.970252990722656;99148;4;242.80;((98568, 100888), (99148, 99728, 100308));
5;0.970249176025391;99148;3;232.16;((98568, 100888), (99148, 99728, 100308));
5;0.970247268676758;99148;3;230.33;((98568, 100888), (99148, 99728, 100308));
5;0.970246315002441;99148;3;240.00;((98568, 100888), (99148, 99728, 100308));
5;0.500000000000000;100308;11;130.68;((98568, 100888), (99148, 99728, 100308));
5;0.750000000000000;100308;11;189.73;((98568, 100888), (99148, 99728, 100308));
5;0.875000000000000;100308;11;222.51;((98568, 100888), (99148, 99728, 100308));
5;0.937500000000000;100308;11;234.72;((98568, 100888), (99148, 99728, 100308));
5;0.968750000000000;100308;9;241.06;((98568, 100888), (99148, 99728, 100308));
5;0.984375000000000;100308;0;102.33;((98568, 100888), (99148, 99728, 100308));
5;0.976562500000000;100308;0;104.86;((98568, 100888), (99148, 99728, 100308));
5;0.972656250000000;100308;0;134.11;((98568, 100888), (99148, 99728, 100308));
5;0.970703125000000;100308;2;228.58;((98568, 100888), (99148, 99728, 100308));
5;0.969726562500000;100308;8;236.78;((98568, 100888), (99148, 99728, 100308));
5;0.970214843750000;100308;5;232.00;((98568, 100888), (99148, 99728, 100308));
5;0.969970703125000;100308;5;233.84;((98568, 100888), (99148, 99728, 100308));
5;0.969848632812500;100308;8;236.81;((98568, 100888), (99148, 99728, 100308));
5;0.969909667968750;100308;3;232.00;((98568, 100888), (99148, 99728, 100308));
5;0.969879150390625;100308;6;232.69;((98568, 100888), (99148, 99728, 100308));
5;0.969894409179688;100308;7;237.25;((98568, 100888), (99148, 99728, 100308));
5;0.969902038574219;100308;7;235.05;((98568, 100888), (99148, 99728, 100308));
5;0.969905853271484;100308;8;238.64;((98568, 100888), (99148, 99728, 100308));
5;0.969907760620117;100308;4;236.24;((98568, 100888), (99148, 99728, 100308));
5;0.969906806945801;100308;6;240.07;((98568, 100888), (99148, 99728, 100308));
5;0.500000000000000;99438;11;130.68;((99148, 100308), (99438, 99728, 100018));
5;0.750000000000000;99438;11;189.81;((99148, 100308), (99438, 99728, 100018));
5;0.875000000000000;99438;11;219.01;((99148, 100308), (99438, 99728, 100018));
5;0.937500000000000;99438;11;235.31;((99148, 100308), (99438, 99728, 100018));
5;0.968750000000000;99438;10;239.30;((99148, 100308), (99438, 99728, 100018));
5;0.984375000000000;99438;0;103.61;((99148, 100308), (99438, 99728, 100018));
5;0.976562500000000;99438;0;103.09;((99148, 100308), (99438, 99728, 100018));
5;0.972656250000000;99438;0;122.80;((99148, 100308), (99438, 99728, 100018));
5;0.970703125000000;99438;2;280.20;((99148, 100308), (99438, 99728, 100018));
5;0.969726562500000;99438;8;237.26;((99148, 100308), (99438, 99728, 100018));
5;0.970214843750000;99438;3;231.93;((99148, 100308), (99438, 99728, 100018));
5;0.969970703125000;99438;6;233.95;((99148, 100308), (99438, 99728, 100018));
5;0.970092773437500;99438;6;233.16;((99148, 100308), (99438, 99728, 100018));
5;0.970153808593750;99438;5;231.70;((99148, 100308), (99438, 99728, 100018));
5;0.970123291015625;99438;10;240.10;((99148, 100308), (99438, 99728, 100018));
5;0.970138549804688;99438;4;232.80;((99148, 100308), (99438, 99728, 100018));
5;0.970130920410156;99438;3;230.56;((99148, 100308), (99438, 99728, 100018));
5;0.970127105712891;99438;7;237.73;((99148, 100308), (99438, 99728, 100018));
5;0.970129013061523;99438;2;228.05;((99148, 100308), (99438, 99728, 100018));
5;0.970128059387207;99438;6;238.95;((99148, 100308), (99438, 99728, 100018));
5;0.500000000000000;100018;11;131.75;((99148, 100308), (99438, 99728, 100018));
5;0.750000000000000;100018;11;190.49;((99148, 100308), (99438, 99728, 100018));
5;0.875000000000000;100018;11;219.87;((99148, 100308), (99438, 99728, 100018));
5;0.937500000000000;100018;11;233.96;((99148, 100308), (99438, 99728, 100018));
5;0.968750000000000;100018;10;242.09;((99148, 100308), (99438, 99728, 100018));
5;0.984375000000000;100018;0;101.88;((99148, 100308), (99438, 99728, 100018));
5;0.976562500000000;100018;0;106.47;((99148, 100308), (99438, 99728, 100018));
5;0.972656250000000;100018;0;121.48;((99148, 100308), (99438, 99728, 100018));
5;0.970703125000000;100018;2;227.29;((99148, 100308), (99438, 99728, 100018));
5;0.969726562500000;100018;6;233.89;((99148, 100308), (99438, 99728, 100018));
5;0.970214843750000;100018;5;231.71;((99148, 100308), (99438, 99728, 100018));
5;0.969970703125000;100018;5;231.65;((99148, 100308), (99438, 99728, 100018));
5;0.969848632812500;100018;6;233.31;((99148, 100308), (99438, 99728, 100018));
5;0.969909667968750;100018;8;233.60;((99148, 100308), (99438, 99728, 100018));
5;0.969940185546875;100018;5;235.06;((99148, 100308), (99438, 99728, 100018));
5;0.969924926757812;100018;8;236.63;((99148, 100308), (99438, 99728, 100018));
5;0.969932556152344;100018;5;233.41;((99148, 100308), (99438, 99728, 100018));
5;0.969928741455078;100018;7;233.73;((99148, 100308), (99438, 99728, 100018));
5;0.969930648803711;100018;6;234.76;((99148, 100308), (99438, 99728, 100018));
5;0.969931602478027;100018;9;238.60;((99148, 100308), (99438, 99728, 100018));
5;0.500000000000000;99583;11;131.61;((99438, 100018), (99583, 99728, 99873));
5;0.750000000000000;99583;11;189.47;((99438, 100018), (99583, 99728, 99873));
5;0.875000000000000;99583;11;218.92;((99438, 100018), (99583, 99728, 99873));
5;0.937500000000000;99583;11;234.95;((99438, 100018), (99583, 99728, 99873));
5;0.968750000000000;99583;9;237.83;((99438, 100018), (99583, 99728, 99873));
5;0.984375000000000;99583;0;101.75;((99438, 100018), (99583, 99728, 99873));
5;0.976562500000000;99583;0;103.01;((99438, 100018), (99583, 99728, 99873));
5;0.972656250000000;99583;0;139.70;((99438, 100018), (99583, 99728, 99873));
5;0.970703125000000;99583;2;229.32;((99438, 100018), (99583, 99728, 99873));
5;0.969726562500000;99583;9;237.79;((99438, 100018), (99583, 99728, 99873));
5;0.970214843750000;99583;3;231.67;((99438, 100018), (99583, 99728, 99873));
5;0.969970703125000;99583;5;232.98;((99438, 100018), (99583, 99728, 99873));
5;0.969848632812500;99583;7;234.77;((99438, 100018), (99583, 99728, 99873));
5;0.969909667968750;99583;8;235.27;((99438, 100018), (99583, 99728, 99873));
5;0.969940185546875;99583;5;232.02;((99438, 100018), (99583, 99728, 99873));
5;0.969924926757812;99583;5;233.02;((99438, 100018), (99583, 99728, 99873));
5;0.969917297363281;99583;4;231.29;((99438, 100018), (99583, 99728, 99873));
5;0.969913482666016;99583;7;235.14;((99438, 100018), (99583, 99728, 99873));
5;0.969915390014648;99583;6;233.41;((99438, 100018), (99583, 99728, 99873));
5;0.969916343688965;99583;6;234.53;((99438, 100018), (99583, 99728, 99873));
5;0.500000000000000;99873;11;130.99;((99438, 100018), (99583, 99728, 99873));
5;0.750000000000000;99873;11;190.19;((99438, 100018), (99583, 99728, 99873));
5;0.875000000000000;99873;11;219.95;((99438, 100018), (99583, 99728, 99873));
5;0.937500000000000;99873;11;239.07;((99438, 100018), (99583, 99728, 99873));
5;0.968750000000000;99873;9;247.64;((99438, 100018), (99583, 99728, 99873));
5;0.984375000000000;99873;0;101.99;((99438, 100018), (99583, 99728, 99873));
5;0.976562500000000;99873;0;103.47;((99438, 100018), (99583, 99728, 99873));
5;0.972656250000000;99873;0;123.98;((99438, 100018), (99583, 99728, 99873));
5;0.970703125000000;99873;4;231.10;((99438, 100018), (99583, 99728, 99873));
5;0.969726562500000;99873;6;233.80;((99438, 100018), (99583, 99728, 99873));
5;0.970214843750000;99873;6;234.51;((99438, 100018), (99583, 99728, 99873));
5;0.970458984375000;99873;3;229.92;((99438, 100018), (99583, 99728, 99873));
5;0.970336914062500;99873;5;231.87;((99438, 100018), (99583, 99728, 99873));
5;0.970275878906250;99873;3;230.83;((99438, 100018), (99583, 99728, 99873));
5;0.970245361328125;99873;5;232.57;((99438, 100018), (99583, 99728, 99873));
5;0.970230102539062;99873;4;232.25;((99438, 100018), (99583, 99728, 99873));
5;0.970222473144531;99873;6;233.73;((99438, 100018), (99583, 99728, 99873));
5;0.970226287841797;99873;3;232.78;((99438, 100018), (99583, 99728, 99873));
5;0.970224380493164;99873;6;234.43;((99438, 100018), (99583, 99728, 99873));
5;0.970225334167480;99873;4;231.63;((99438, 100018), (99583, 99728, 99873));
5;0.500000000000000;99655;11;132.32;((99583, 99873), (99655, 99727, 99799));
5;0.750000000000000;99655;11;190.10;((99583, 99873), (99655, 99727, 99799));
5;0.875000000000000;99655;11;219.69;((99583, 99873), (99655, 99727, 99799));
5;0.937500000000000;99655;11;253.59;((99583, 99873), (99655, 99727, 99799));
5;0.968750000000000;99655;10;238.51;((99583, 99873), (99655, 99727, 99799));
5;0.984375000000000;99655;0;102.16;((99583, 99873), (99655, 99727, 99799));
5;0.976562500000000;99655;0;104.43;((99583, 99873), (99655, 99727, 99799));
5;0.972656250000000;99655;0;132.86;((99583, 99873), (99655, 99727, 99799));
5;0.970703125000000;99655;3;231.12;((99583, 99873), (99655, 99727, 99799));
5;0.969726562500000;99655;7;238.83;((99583, 99873), (99655, 99727, 99799));
5;0.970214843750000;99655;3;231.30;((99583, 99873), (99655, 99727, 99799));
5;0.969970703125000;99655;2;228.61;((99583, 99873), (99655, 99727, 99799));
5;0.969848632812500;99655;5;234.07;((99583, 99873), (99655, 99727, 99799));
5;0.969787597656250;99655;8;241.13;((99583, 99873), (99655, 99727, 99799));
5;0.969818115234375;99655;6;234.19;((99583, 99873), (99655, 99727, 99799));
5;0.969833374023438;99655;7;236.16;((99583, 99873), (99655, 99727, 99799));
5;0.969841003417969;99655;6;238.21;((99583, 99873), (99655, 99727, 99799));
5;0.969844818115234;99655;7;235.84;((99583, 99873), (99655, 99727, 99799));
5;0.969846725463867;99655;4;231.44;((99583, 99873), (99655, 99727, 99799));
5;0.969845771789551;99655;7;237.79;((99583, 99873), (99655, 99727, 99799));
5;0.500000000000000;99799;11;131.48;((99583, 99873), (99655, 99727, 99799));
5;0.750000000000000;99799;11;190.39;((99583, 99873), (99655, 99727, 99799));
5;0.875000000000000;99799;11;222.01;((99583, 99873), (99655, 99727, 99799));
5;0.937500000000000;99799;11;236.26;((99583, 99873), (99655, 99727, 99799));
5;0.968750000000000;99799;9;238.24;((99583, 99873), (99655, 99727, 99799));
5;0.984375000000000;99799;0;102.20;((99583, 99873), (99655, 99727, 99799));
5;0.976562500000000;99799;0;102.98;((99583, 99873), (99655, 99727, 99799));
5;0.972656250000000;99799;0;127.67;((99583, 99873), (99655, 99727, 99799));
5;0.970703125000000;99799;5;234.24;((99583, 99873), (99655, 99727, 99799));
5;0.969726562500000;99799;7;236.42;((99583, 99873), (99655, 99727, 99799));
5;0.970214843750000;99799;4;231.86;((99583, 99873), (99655, 99727, 99799));
5;0.969970703125000;99799;5;233.37;((99583, 99873), (99655, 99727, 99799));
5;0.969848632812500;99799;6;235.24;((99583, 99873), (99655, 99727, 99799));
5;0.969909667968750;99799;4;231.50;((99583, 99873), (99655, 99727, 99799));
5;0.969879150390625;99799;7;237.30;((99583, 99873), (99655, 99727, 99799));
5;0.969894409179688;99799;3;232.33;((99583, 99873), (99655, 99727, 99799));
5;0.969886779785156;99799;7;243.73;((99583, 99873), (99655, 99727, 99799));
5;0.969890594482422;99799;6;234.18;((99583, 99873), (99655, 99727, 99799));
5;0.969892501831055;99799;6;233.96;((99583, 99873), (99655, 99727, 99799));
5;0.969893455505371;99799;6;242.99;((99583, 99873), (99655, 99727, 99799));
5;0.500000000000000;99691;11;131.72;((99655, 99799), (99691, 99727, 99763));
5;0.750000000000000;99691;11;189.51;((99655, 99799), (99691, 99727, 99763));
5;0.875000000000000;99691;11;222.49;((99655, 99799), (99691, 99727, 99763));
5;0.937500000000000;99691;11;234.31;((99655, 99799), (99691, 99727, 99763));
5;0.968750000000000;99691;11;241.81;((99655, 99799), (99691, 99727, 99763));
5;0.984375000000000;99691;0;101.68;((99655, 99799), (99691, 99727, 99763));
5;0.976562500000000;99691;0;104.44;((99655, 99799), (99691, 99727, 99763));
5;0.972656250000000;99691;0;125.79;((99655, 99799), (99691, 99727, 99763));
5;0.970703125000000;99691;3;230.50;((99655, 99799), (99691, 99727, 99763));
5;0.969726562500000;99691;8;244.20;((99655, 99799), (99691, 99727, 99763));
5;0.970214843750000;99691;4;231.66;((99655, 99799), (99691, 99727, 99763));
5;0.969970703125000;99691;4;231.05;((99655, 99799), (99691, 99727, 99763));
5;0.969848632812500;99691;7;234.18;((99655, 99799), (99691, 99727, 99763));
5;0.969909667968750;99691;6;234.37;((99655, 99799), (99691, 99727, 99763));
5;0.969940185546875;99691;6;233.95;((99655, 99799), (99691, 99727, 99763));
5;0.969955444335938;99691;6;237.03;((99655, 99799), (99691, 99727, 99763));
5;0.969963073730469;99691;6;234.97;((99655, 99799), (99691, 99727, 99763));
5;0.969966888427734;99691;4;233.32;((99655, 99799), (99691, 99727, 99763));
5;0.969964981079102;99691;6;233.39;((99655, 99799), (99691, 99727, 99763));
5;0.969965934753418;99691;3;231.83;((99655, 99799), (99691, 99727, 99763));
5;0.500000000000000;99763;11;131.83;((99655, 99799), (99691, 99727, 99763));
5;0.750000000000000;99763;11;189.90;((99655, 99799), (99691, 99727, 99763));
5;0.875000000000000;99763;11;219.83;((99655, 99799), (99691, 99727, 99763));
5;0.937500000000000;99763;11;236.06;((99655, 99799), (99691, 99727, 99763));
5;0.968750000000000;99763;9;240.56;((99655, 99799), (99691, 99727, 99763));
5;0.984375000000000;99763;0;101.89;((99655, 99799), (99691, 99727, 99763));
5;0.976562500000000;99763;0;106.83;((99655, 99799), (99691, 99727, 99763));
5;0.972656250000000;99763;0;139.52;((99655, 99799), (99691, 99727, 99763));
5;0.970703125000000;99763;2;227.32;((99655, 99799), (99691, 99727, 99763));
5;0.969726562500000;99763;9;240.43;((99655, 99799), (99691, 99727, 99763));
5;0.970214843750000;99763;5;232.02;((99655, 99799), (99691, 99727, 99763));
5;0.969970703125000;99763;7;235.61;((99655, 99799), (99691, 99727, 99763));
5;0.970092773437500;99763;7;234.53;((99655, 99799), (99691, 99727, 99763));
5;0.970153808593750;99763;3;232.10;((99655, 99799), (99691, 99727, 99763));
5;0.970123291015625;99763;5;232.26;((99655, 99799), (99691, 99727, 99763));
5;0.970108032226562;99763;6;235.54;((99655, 99799), (99691, 99727, 99763));
5;0.970115661621094;99763;3;230.36;((99655, 99799), (99691, 99727, 99763));
5;0.970111846923828;99763;4;231.67;((99655, 99799), (99691, 99727, 99763));
5;0.970109939575195;99763;5;246.20;((99655, 99799), (99691, 99727, 99763));
5;0.970108985900879;99763;4;230.31;((99655, 99799), (99691, 99727, 99763));
5;0.500000000000000;99709;11;134.58;((99691, 99763), (99709, 99727, 99745));
5;0.750000000000000;99709;11;189.99;((99691, 99763), (99709, 99727, 99745));
5;0.875000000000000;99709;11;219.31;((99691, 99763), (99709, 99727, 99745));
5;0.937500000000000;99709;11;235.50;((99691, 99763), (99709, 99727, 99745));
5;0.968750000000000;99709;9;237.64;((99691, 99763), (99709, 99727, 99745));
5;0.984375000000000;99709;0;102.24;((99691, 99763), (99709, 99727, 99745));
5;0.976562500000000;99709;0;104.77;((99691, 99763), (99709, 99727, 99745));
5;0.972656250000000;99709;0;132.94;((99691, 99763), (99709, 99727, 99745));
5;0.970703125000000;99709;3;229.34;((99691, 99763), (99709, 99727, 99745));
5;0.969726562500000;99709;8;235.43;((99691, 99763), (99709, 99727, 99745));
5;0.970214843750000;99709;7;237.69;((99691, 99763), (99709, 99727, 99745));
5;0.970458984375000;99709;5;234.87;((99691, 99763), (99709, 99727, 99745));
5;0.970336914062500;99709;5;241.21;((99691, 99763), (99709, 99727, 99745));
5;0.970275878906250;99709;5;233.03;((99691, 99763), (99709, 99727, 99745));
5;0.970245361328125;99709;6;234.57;((99691, 99763), (99709, 99727, 99745));
5;0.970260620117188;99709;4;232.52;((99691, 99763), (99709, 99727, 99745));
5;0.970252990722656;99709;8;236.61;((99691, 99763), (99709, 99727, 99745));
5;0.970256805419922;99709;4;230.42;((99691, 99763), (99709, 99727, 99745));
5;0.970254898071289;99709;5;232.85;((99691, 99763), (99709, 99727, 99745));
5;0.970253944396973;99709;3;232.34;((99691, 99763), (99709, 99727, 99745));
5;0.500000000000000;99745;11;130.96;((99691, 99763), (99709, 99727, 99745));
5;0.750000000000000;99745;11;190.23;((99691, 99763), (99709, 99727, 99745));
5;0.875000000000000;99745;11;221.01;((99691, 99763), (99709, 99727, 99745));
5;0.937500000000000;99745;11;234.46;((99691, 99763), (99709, 99727, 99745));
5;0.968750000000000;99745;10;239.36;((99691, 99763), (99709, 99727, 99745));
5;0.984375000000000;99745;0;101.70;((99691, 99763), (99709, 99727, 99745));
5;0.976562500000000;99745;0;105.80;((99691, 99763), (99709, 99727, 99745));
5;0.972656250000000;99745;0;140.65;((99691, 99763), (99709, 99727, 99745));
5;0.970703125000000;99745;1;227.97;((99691, 99763), (99709, 99727, 99745));
5;0.969726562500000;99745;5;232.16;((99691, 99763), (99709, 99727, 99745));
5;0.969238281250000;99745;8;236.35;((99691, 99763), (99709, 99727, 99745));
5;0.969482421875000;99745;5;232.40;((99691, 99763), (99709, 99727, 99745));
5;0.969360351562500;99745;8;237.54;((99691, 99763), (99709, 99727, 99745));
5;0.969421386718750;99745;8;237.35;((99691, 99763), (99709, 99727, 99745));
5;0.969451904296875;99745;7;236.52;((99691, 99763), (99709, 99727, 99745));
5;0.969467163085938;99745;8;235.78;((99691, 99763), (99709, 99727, 99745));
5;0.969474792480469;99745;10;239.91;((99691, 99763), (99709, 99727, 99745));
5;0.969478607177734;99745;9;237.87;((99691, 99763), (99709, 99727, 99745));
5;0.969480514526367;99745;6;232.80;((99691, 99763), (99709, 99727, 99745));
5;0.969481468200684;99745;7;234.44;((99691, 99763), (99709, 99727, 99745));
