5;0.500000000000000;1000000;11;54.81;((0, 4000000), (1000000, 2000000, 3000000));
5;0.750000000000000;1000000;0;41.75;((0, 4000000), (1000000, 2000000, 3000000));
5;0.625000000000000;1000000;11;67.39;((0, 4000000), (1000000, 2000000, 3000000));
5;0.687500000000000;1000000;11;73.47;((0, 4000000), (1000000, 2000000, 3000000));
5;0.718750000000000;1000000;11;77.19;((0, 4000000), (1000000, 2000000, 3000000));
5;0.734375000000000;1000000;11;80.12;((0, 4000000), (1000000, 2000000, 3000000));
5;0.742187500000000;1000000;0;44.16;((0, 4000000), (1000000, 2000000, 3000000));
5;0.738281250000000;1000000;11;80.13;((0, 4000000), (1000000, 2000000, 3000000));
5;0.740234375000000;1000000;11;86.48;((0, 4000000), (1000000, 2000000, 3000000));
5;0.741210937500000;1000000;8;77.03;((0, 4000000), (1000000, 2000000, 3000000));
5;0.741699218750000;1000000;2;74.65;((0, 4000000), (1000000, 2000000, 3000000));
5;0.741455078125000;1000000;7;77.42;((0, 4000000), (1000000, 2000000, 3000000));
5;0.741577148437500;1000000;2;74.02;((0, 4000000), (1000000, 2000000, 3000000));
5;0.741516113281250;1000000;5;76.44;((0, 4000000), (1000000, 2000000, 3000000));
5;0.741485595703125;1000000;6;76.72;((0, 4000000), (1000000, 2000000, 3000000));
5;0.741500854492188;1000000;2;74.60;((0, 4000000), (1000000, 2000000, 3000000));
5;0.741493225097656;1000000;4;75.88;((0, 4000000), (1000000, 2000000, 3000000));
5;0.741489410400391;1000000;6;76.58;((0, 4000000), (1000000, 2000000, 3000000));
5;0.741491317749023;1000000;4;75.81;((0, 4000000), (1000000, 2000000, 3000000));
5;0.741490364074707;1000000;6;76.71;((0, 4000000), (1000000, 2000000, 3000000));
5;0.500000000000000;2000000;11;55.38;((0, 4000000), (1000000, 2000000, 3000000));
5;0.750000000000000;2000000;0;38.02;((0, 4000000), (1000000, 2000000, 3000000));
5;0.625000000000000;2000000;0;37.43;((0, 4000000), (1000000, 2000000, 3000000));
5;0.562500000000000;2000000;11;61.91;((0, 4000000), (1000000, 2000000, 3000000));
5;0.593750000000000;2000000;11;64.43;((0, 4000000), (1000000, 2000000, 3000000));
5;0.609375000000000;2000000;11;66.39;((0, 4000000), (1000000, 2000000, 3000000));
5;0.617187500000000;2000000;0;38.33;((0, 4000000), (1000000, 2000000, 3000000));
5;0.613281250000000;2000000;11;67.27;((0, 4000000), (1000000, 2000000, 3000000));
5;0.615234375000000;2000000;11;67.00;((0, 4000000), (1000000, 2000000, 3000000));
5;0.616210937500000;2000000;1;62.87;((0, 4000000), (1000000, 2000000, 3000000));
5;0.615722656250000;2000000;11;66.40;((0, 4000000), (1000000, 2000000, 3000000));
5;0.615966796875000;2000000;7;65.92;((0, 4000000), (1000000, 2000000, 3000000));
5;0.616088867187500;2000000;3;64.05;((0, 4000000), (1000000, 2000000, 3000000));
5;0.616027832031250;2000000;7;65.61;((0, 4000000), (1000000, 2000000, 3000000));
5;0.616058349609375;2000000;3;63.95;((0, 4000000), (1000000, 2000000, 3000000));
5;0.616043090820312;2000000;4;64.68;((0, 4000000), (1000000, 2000000, 3000000));
5;0.616035461425781;2000000;3;64.16;((0, 4000000), (1000000, 2000000, 3000000));
5;0.616031646728516;2000000;5;64.55;((0, 4000000), (1000000, 2000000, 3000000));
5;0.616029739379883;2000000;5;64.82;((0, 4000000), (1000000, 2000000, 3000000));
5;0.616028785705566;2000000;2;68.75;((0, 4000000), (1000000, 2000000, 3000000));
5;0.500000000000000;3000000;11;55.17;((0, 4000000), (1000000, 2000000, 3000000));
5;0.750000000000000;3000000;0;35.90;((0, 4000000), (1000000, 2000000, 3000000));
5;0.625000000000000;3000000;0;35.22;((0, 4000000), (1000000, 2000000, 3000000));
5;0.562500000000000;3000000;11;62.00;((0, 4000000), (1000000, 2000000, 3000000));
5;0.593750000000000;3000000;11;65.12;((0, 4000000), (1000000, 2000000, 3000000));
5;0.609375000000000;3000000;0;35.97;((0, 4000000), (1000000, 2000000, 3000000));
5;0.601562500000000;3000000;11;66.00;((0, 4000000), (1000000, 2000000, 3000000));
5;0.605468750000000;3000000;11;65.70;((0, 4000000), (1000000, 2000000, 3000000));
5;0.607421875000000;3000000;6;76.07;((0, 4000000), (1000000, 2000000, 3000000));
5;0.608398437500000;3000000;0;36.47;((0, 4000000), (1000000, 2000000, 3000000));
5;0.607910156250000;3000000;0;36.79;((0, 4000000), (1000000, 2000000, 3000000));
5;0.607666015625000;3000000;0;37.49;((0, 4000000), (1000000, 2000000, 3000000));
5;0.607543945312500;3000000;0;37.13;((0, 4000000), (1000000, 2000000, 3000000));
5;0.607482910156250;3000000;4;63.39;((0, 4000000), (1000000, 2000000, 3000000));
5;0.607452392578125;3000000;4;63.80;((0, 4000000), (1000000, 2000000, 3000000));
5;0.607437133789062;3000000;3;62.93;((0, 4000000), (1000000, 2000000, 3000000));
5;0.607429504394531;3000000;7;64.23;((0, 4000000), (1000000, 2000000, 3000000));
5;0.607433319091797;3000000;4;63.78;((0, 4000000), (1000000, 2000000, 3000000));
5;0.607431411743164;3000000;6;64.49;((0, 4000000), (1000000, 2000000, 3000000));
5;0.607432365417480;3000000;3;63.02;((0, 4000000), (1000000, 2000000, 3000000));
5;0.500000000000000;500000;11;54.49;((0, 2000000), (500000, 1000000, 1500000));
5;0.750000000000000;500000;11;78.97;((0, 2000000), (500000, 1000000, 1500000));
5;0.875000000000000;500000;0;41.73;((0, 2000000), (500000, 1000000, 1500000));
5;0.812500000000000;500000;11;85.81;((0, 2000000), (500000, 1000000, 1500000));
5;0.843750000000000;500000;11;88.65;((0, 2000000), (500000, 1000000, 1500000));
5;0.859375000000000;500000;11;90.19;((0, 2000000), (500000, 1000000, 1500000));
5;0.867187500000000;500000;0;42.53;((0, 2000000), (500000, 1000000, 1500000));
5;0.863281250000000;500000;0;48.33;((0, 2000000), (500000, 1000000, 1500000));
5;0.861328125000000;500000;6;88.34;((0, 2000000), (500000, 1000000, 1500000));
5;0.862304687500000;500000;2;85.91;((0, 2000000), (500000, 1000000, 1500000));
5;0.861816406250000;500000;6;87.98;((0, 2000000), (500000, 1000000, 1500000));
5;0.862060546875000;500000;1;85.60;((0, 2000000), (500000, 1000000, 1500000));
5;0.861938476562500;500000;5;87.44;((0, 2000000), (500000, 1000000, 1500000));
5;0.861877441406250;500000;4;86.96;((0, 2000000), (500000, 1000000, 1500000));
5;0.861846923828125;500000;4;87.21;((0, 2000000), (500000, 1000000, 1500000));
5;0.861831665039062;500000;3;86.69;((0, 2000000), (500000, 1000000, 1500000));
5;0.861824035644531;500000;5;87.38;((0, 2000000), (500000, 1000000, 1500000));
5;0.861820220947266;500000;6;88.45;((0, 2000000), (500000, 1000000, 1500000));
5;0.861822128295898;500000;5;87.37;((0, 2000000), (500000, 1000000, 1500000));
5;0.861821174621582;500000;6;90.74;((0, 2000000), (500000, 1000000, 1500000));
5;0.500000000000000;1500000;11;56.22;((0, 2000000), (500000, 1000000, 1500000));
5;0.750000000000000;1500000;0;38.99;((0, 2000000), (500000, 1000000, 1500000));
5;0.625000000000000;1500000;11;67.08;((0, 2000000), (500000, 1000000, 1500000));
5;0.687500000000000;1500000;0;38.41;((0, 2000000), (500000, 1000000, 1500000));
5;0.656250000000000;1500000;0;39.33;((0, 2000000), (500000, 1000000, 1500000));
5;0.640625000000000;1500000;11;69.51;((0, 2000000), (500000, 1000000, 1500000));
5;0.648437500000000;1500000;10;69.33;((0, 2000000), (500000, 1000000, 1500000));
5;0.652343750000000;1500000;0;40.28;((0, 2000000), (500000, 1000000, 1500000));
5;0.650390625000000;1500000;0;40.43;((0, 2000000), (500000, 1000000, 1500000));
5;0.649414062500000;1500000;0;40.63;((0, 2000000), (500000, 1000000, 1500000));
5;0.648925781250000;1500000;4;67.68;((0, 2000000), (500000, 1000000, 1500000));
5;0.648681640625000;1500000;6;67.98;((0, 2000000), (500000, 1000000, 1500000));
5;0.648803710937500;1500000;2;66.21;((0, 2000000), (500000, 1000000, 1500000));
5;0.648742675781250;1500000;8;68.88;((0, 2000000), (500000, 1000000, 1500000));
5;0.648773193359375;1500000;6;68.37;((0, 2000000), (500000, 1000000, 1500000));
5;0.648788452148438;1500000;7;68.77;((0, 2000000), (500000, 1000000, 1500000));
5;0.648796081542969;1500000;7;68.95;((0, 2000000), (500000, 1000000, 1500000));
5;0.648799896240234;1500000;7;68.67;((0, 2000000), (500000, 1000000, 1500000));
5;0.648801803588867;1500000;8;69.43;((0, 2000000), (500000, 1000000, 1500000));
5;0.648802757263184;1500000;6;68.02;((0, 2000000), (500000, 1000000, 1500000));
5;0.500000000000000;250000;11;54.39;((0, 1000000), (250000, 500000, 750000));
5;0.750000000000000;250000;11;79.00;((0, 1000000), (250000, 500000, 750000));
5;0.875000000000000;250000;11;90.62;((0, 1000000), (250000, 500000, 750000));
5;0.937500000000000;250000;0;43.21;((0, 1000000), (250000, 500000, 750000));
5;0.906250000000000;250000;11;94.07;((0, 1000000), (250000, 500000, 750000));
5;0.921875000000000;250000;0;55.86;((0, 1000000), (250000, 500000, 750000));
5;0.914062500000000;250000;11;95.05;((0, 1000000), (250000, 500000, 750000));
5;0.917968750000000;250000;11;96.78;((0, 1000000), (250000, 500000, 750000));
5;0.919921875000000;250000;11;95.28;((0, 1000000), (250000, 500000, 750000));
5;0.920898437500000;250000;7;94.46;((0, 1000000), (250000, 500000, 750000));
5;0.921386718750000;250000;1;89.86;((0, 1000000), (250000, 500000, 750000));
5;0.921142578125000;250000;5;92.47;((0, 1000000), (250000, 500000, 750000));
5;0.921020507812500;250000;5;92.93;((0, 1000000), (250000, 500000, 750000));
5;0.920959472656250;250000;5;92.17;((0, 1000000), (250000, 500000, 750000));
5;0.920928955078125;250000;4;92.49;((0, 1000000), (250000, 500000, 750000));
5;0.920913696289062;250000;7;92.84;((0, 1000000), (250000, 500000, 750000));
5;0.920921325683594;250000;2;90.86;((0, 1000000), (250000, 500000, 750000));
5;0.920917510986328;250000;3;91.38;((0, 1000000), (250000, 500000, 750000));
5;0.920915603637695;250000;2;91.63;((0, 1000000), (250000, 500000, 750000));
5;0.920914649963379;250000;2;90.54;((0, 1000000), (250000, 500000, 750000));
5;0.500000000000000;750000;11;54.59;((0, 1000000), (250000, 500000, 750000));
5;0.750000000000000;750000;11;80.76;((0, 1000000), (250000, 500000, 750000));
5;0.875000000000000;750000;0;42.24;((0, 1000000), (250000, 500000, 750000));
5;0.812500000000000;750000;0;41.53;((0, 1000000), (250000, 500000, 750000));
5;0.781250000000000;750000;11;83.82;((0, 1000000), (250000, 500000, 750000));
5;0.796875000000000;750000;11;86.49;((0, 1000000), (250000, 500000, 750000));
5;0.804687500000000;750000;0;42.87;((0, 1000000), (250000, 500000, 750000));
5;0.800781250000000;750000;8;82.96;((0, 1000000), (250000, 500000, 750000));
5;0.802734375000000;750000;1;78.88;((0, 1000000), (250000, 500000, 750000));
5;0.801757812500000;750000;2;80.01;((0, 1000000), (250000, 500000, 750000));
5;0.801269531250000;750000;7;82.91;((0, 1000000), (250000, 500000, 750000));
5;0.801513671875000;750000;7;83.09;((0, 1000000), (250000, 500000, 750000));
5;0.801635742187500;750000;5;82.28;((0, 1000000), (250000, 500000, 750000));
5;0.801574707031250;750000;4;81.95;((0, 1000000), (250000, 500000, 750000));
5;0.801544189453125;750000;5;82.94;((0, 1000000), (250000, 500000, 750000));
5;0.801528930664062;750000;6;82.35;((0, 1000000), (250000, 500000, 750000));
5;0.801536560058594;750000;3;81.19;((0, 1000000), (250000, 500000, 750000));
5;0.801532745361328;750000;3;81.04;((0, 1000000), (250000, 500000, 750000));
5;0.801530838012695;750000;4;81.66;((0, 1000000), (250000, 500000, 750000));
5;0.801529884338379;750000;8;82.89;((0, 1000000), (250000, 500000, 750000));
5;0.500000000000000;125000;11;55.91;((0, 500000), (125000, 250000, 375000));
5;0.750000000000000;125000;11;78.33;((0, 500000), (125000, 250000, 375000));
5;0.875000000000000;125000;11;91.55;((0, 500000), (125000, 250000, 375000));
5;0.937500000000000;125000;11;96.65;((0, 500000), (125000, 250000, 375000));
5;0.968750000000000;125000;0;42.08;((0, 500000), (125000, 250000, 375000));
5;0.953125000000000;125000;0;44.79;((0, 500000), (125000, 250000, 375000));
5;0.945312500000000;125000;11;102.01;((0, 500000), (125000, 250000, 375000));
5;0.949218750000000;125000;2;93.09;((0, 500000), (125000, 250000, 375000));
5;0.947265625000000;125000;3;103.75;((0, 500000), (125000, 250000, 375000));
5;0.946289062500000;125000;11;97.20;((0, 500000), (125000, 250000, 375000));
5;0.946777343750000;125000;8;95.45;((0, 500000), (125000, 250000, 375000));
5;0.947021484375000;125000;8;96.05;((0, 500000), (125000, 250000, 375000));
5;0.947143554687500;125000;10;96.99;((0, 500000), (125000, 250000, 375000));
5;0.947204589843750;125000;9;95.68;((0, 500000), (125000, 250000, 375000));
5;0.947235107421875;125000;8;97.48;((0, 500000), (125000, 250000, 375000));
5;0.947250366210938;125000;8;95.91;((0, 500000), (125000, 250000, 375000));
5;0.947257995605469;125000;7;96.27;((0, 500000), (125000, 250000, 375000));
5;0.947261810302734;125000;6;95.33;((0, 500000), (125000, 250000, 375000));
5;0.947263717651367;125000;6;95.18;((0, 500000), (125000, 250000, 375000));
5;0.947264671325684;125000;8;95.66;((0, 500000), (125000, 250000, 375000));
5;0.500000000000000;375000;11;54.39;((0, 500000), (125000, 250000, 375000));
5;0.750000000000000;375000;11;80.08;((0, 500000), (125000, 250000, 375000));
5;0.875000000000000;375000;11;94.88;((0, 500000), (125000, 250000, 375000));
5;0.937500000000000;375000;0;42.09;((0, 500000), (125000, 250000, 375000));
5;0.906250000000000;375000;0;41.87;((0, 500000), (125000, 250000, 375000));
5;0.890625000000000;375000;10;92.84;((0, 500000), (125000, 250000, 375000));
5;0.898437500000000;375000;0;42.12;((0, 500000), (125000, 250000, 375000));
5;0.894531250000000;375000;0;49.20;((0, 500000), (125000, 250000, 375000));
5;0.892578125000000;375000;1;87.99;((0, 500000), (125000, 250000, 375000));
5;0.891601562500000;375000;3;89.29;((0, 500000), (125000, 250000, 375000));
5;0.891113281250000;375000;9;92.14;((0, 500000), (125000, 250000, 375000));
5;0.891357421875000;375000;9;91.65;((0, 500000), (125000, 250000, 375000));
5;0.891479492187500;375000;5;90.08;((0, 500000), (125000, 250000, 375000));
5;0.891418457031250;375000;5;92.37;((0, 500000), (125000, 250000, 375000));
5;0.891387939453125;375000;5;89.77;((0, 500000), (125000, 250000, 375000));
5;0.891372680664062;375000;6;91.06;((0, 500000), (125000, 250000, 375000));
5;0.891380310058594;375000;6;91.42;((0, 500000), (125000, 250000, 375000));
5;0.891384124755859;375000;6;90.59;((0, 500000), (125000, 250000, 375000));
5;0.891386032104492;375000;8;90.85;((0, 500000), (125000, 250000, 375000));
5;0.891386985778809;375000;6;91.05;((0, 500000), (125000, 250000, 375000));
5;0.500000000000000;62500;11;53.53;((0, 250000), (62500, 125000, 187500));
5;0.750000000000000;62500;11;78.29;((0, 250000), (62500, 125000, 187500));
5;0.875000000000000;62500;11;89.66;((0, 250000), (62500, 125000, 187500));
5;0.937500000000000;62500;11;98.87;((0, 250000), (62500, 125000, 187500));
5;0.968750000000000;62500;0;42.29;((0, 250000), (62500, 125000, 187500));
5;0.953125000000000;62500;11;99.36;((0, 250000), (62500, 125000, 187500));
5;0.960937500000000;62500;0;55.86;((0, 250000), (62500, 125000, 187500));
5;0.957031250000000;62500;6;94.86;((0, 250000), (62500, 125000, 187500));
5;0.958984375000000;62500;0;67.71;((0, 250000), (62500, 125000, 187500));
5;0.958007812500000;62500;3;113.32;((0, 250000), (62500, 125000, 187500));
5;0.957519531250000;62500;6;95.30;((0, 250000), (62500, 125000, 187500));
5;0.957763671875000;62500;6;94.93;((0, 250000), (62500, 125000, 187500));
5;0.957885742187500;62500;5;94.42;((0, 250000), (62500, 125000, 187500));
5;0.957824707031250;62500;6;96.69;((0, 250000), (62500, 125000, 187500));
5;0.957855224609375;62500;8;97.11;((0, 250000), (62500, 125000, 187500));
5;0.957870483398438;62500;4;94.59;((0, 250000), (62500, 125000, 187500));
5;0.957862854003906;62500;9;96.47;((0, 250000), (62500, 125000, 187500));
5;0.957866668701172;62500;3;93.85;((0, 250000), (62500, 125000, 187500));
5;0.957864761352539;62500;4;93.98;((0, 250000), (62500, 125000, 187500));
5;0.957863807678223;62500;6;94.49;((0, 250000), (62500, 125000, 187500));
5;0.500000000000000;187500;11;54.10;((0, 250000), (62500, 125000, 187500));
5;0.750000000000000;187500;11;78.37;((0, 250000), (62500, 125000, 187500));
5;0.875000000000000;187500;11;91.66;((0, 250000), (62500, 125000, 187500));
5;0.937500000000000;187500;0;47.74;((0, 250000), (62500, 125000, 187500));
5;0.906250000000000;187500;11;94.26;((0, 250000), (62500, 125000, 187500));
5;0.921875000000000;187500;11;94.78;((0, 250000), (62500, 125000, 187500));
5;0.929687500000000;187500;11;95.97;((0, 250000), (62500, 125000, 187500));
5;0.933593750000000;187500;11;97.28;((0, 250000), (62500, 125000, 187500));
5;0.935546875000000;187500;0;62.39;((0, 250000), (62500, 125000, 187500));
5;0.934570312500000;187500;8;94.69;((0, 250000), (62500, 125000, 187500));
5;0.935058593750000;187500;3;92.97;((0, 250000), (62500, 125000, 187500));
5;0.934814453125000;187500;8;94.54;((0, 250000), (62500, 125000, 187500));
5;0.934936523437500;187500;6;94.50;((0, 250000), (62500, 125000, 187500));
5;0.934997558593750;187500;4;93.41;((0, 250000), (62500, 125000, 187500));
5;0.934967041015625;187500;5;94.48;((0, 250000), (62500, 125000, 187500));
5;0.934951782226562;187500;2;92.22;((0, 250000), (62500, 125000, 187500));
5;0.934944152832031;187500;7;94.81;((0, 250000), (62500, 125000, 187500));
5;0.934947967529297;187500;4;96.65;((0, 250000), (62500, 125000, 187500));
5;0.934946060180664;187500;3;91.94;((0, 250000), (62500, 125000, 187500));
5;0.934945106506348;187500;4;93.46;((0, 250000), (62500, 125000, 187500));
5;0.500000000000000;31250;11;54.88;((0, 125000), (31250, 62500, 93750));
5;0.750000000000000;31250;11;77.96;((0, 125000), (31250, 62500, 93750));
5;0.875000000000000;31250;11;89.08;((0, 125000), (31250, 62500, 93750));
5;0.937500000000000;31250;11;101.69;((0, 125000), (31250, 62500, 93750));
5;0.968750000000000;31250;0;41.84;((0, 125000), (31250, 62500, 93750));
5;0.953125000000000;31250;11;96.28;((0, 125000), (31250, 62500, 93750));
5;0.960937500000000;31250;0;50.80;((0, 125000), (31250, 62500, 93750));
5;0.957031250000000;31250;6;94.48;((0, 125000), (31250, 62500, 93750));
5;0.958984375000000;31250;1;91.86;((0, 125000), (31250, 62500, 93750));
5;0.958007812500000;31250;2;92.33;((0, 125000), (31250, 62500, 93750));
5;0.957519531250000;31250;5;93.57;((0, 125000), (31250, 62500, 93750));
5;0.957275390625000;31250;7;95.28;((0, 125000), (31250, 62500, 93750));
5;0.957397460937500;31250;6;94.44;((0, 125000), (31250, 62500, 93750));
5;0.957458496093750;31250;6;93.98;((0, 125000), (31250, 62500, 93750));
5;0.957489013671875;31250;2;93.21;((0, 125000), (31250, 62500, 93750));
5;0.957473754882812;31250;8;94.24;((0, 125000), (31250, 62500, 93750));
5;0.957481384277344;31250;2;91.76;((0, 125000), (31250, 62500, 93750));
5;0.957477569580078;31250;5;93.80;((0, 125000), (31250, 62500, 93750));
5;0.957475662231445;31250;7;94.35;((0, 125000), (31250, 62500, 93750));
5;0.957476615905762;31250;2;91.24;((0, 125000), (31250, 62500, 93750));
5;0.500000000000000;93750;11;53.76;((0, 125000), (31250, 62500, 93750));
5;0.750000000000000;93750;11;86.98;((0, 125000), (31250, 62500, 93750));
5;0.875000000000000;93750;11;90.15;((0, 125000), (31250, 62500, 93750));
5;0.937500000000000;93750;11;99.68;((0, 125000), (31250, 62500, 93750));
5;0.968750000000000;93750;0;41.93;((0, 125000), (31250, 62500, 93750));
5;0.953125000000000;93750;6;95.36;((0, 125000), (31250, 62500, 93750));
5;0.960937500000000;93750;0;43.05;((0, 125000), (31250, 62500, 93750));
5;0.957031250000000;93750;0;49.82;((0, 125000), (31250, 62500, 93750));
5;0.955078125000000;93750;1;91.92;((0, 125000), (31250, 62500, 93750));
5;0.954101562500000;93750;4;93.86;((0, 125000), (31250, 62500, 93750));
5;0.953613281250000;93750;6;95.37;((0, 125000), (31250, 62500, 93750));
5;0.953857421875000;93750;1;92.12;((0, 125000), (31250, 62500, 93750));
5;0.953735351562500;93750;6;95.13;((0, 125000), (31250, 62500, 93750));
5;0.953796386718750;93750;2;92.46;((0, 125000), (31250, 62500, 93750));
5;0.953765869140625;93750;3;93.30;((0, 125000), (31250, 62500, 93750));
5;0.953750610351562;93750;3;94.01;((0, 125000), (31250, 62500, 93750));
5;0.953742980957031;93750;2;93.19;((0, 125000), (31250, 62500, 93750));
5;0.953739166259766;93750;5;95.57;((0, 125000), (31250, 62500, 93750));
5;0.953737258911133;93750;2;92.97;((0, 125000), (31250, 62500, 93750));
5;0.953736305236816;93750;2;92.60;((0, 125000), (31250, 62500, 93750));
5;0.500000000000000;46875;11;53.61;((31250, 93750), (46875, 62500, 78125));
5;0.750000000000000;46875;11;78.01;((31250, 93750), (46875, 62500, 78125));
5;0.875000000000000;46875;11;90.87;((31250, 93750), (46875, 62500, 78125));
5;0.937500000000000;46875;11;95.93;((31250, 93750), (46875, 62500, 78125));
5;0.968750000000000;46875;0;52.09;((31250, 93750), (46875, 62500, 78125));
5;0.953125000000000;46875;11;97.55;((31250, 93750), (46875, 62500, 78125));
5;0.960937500000000;46875;10;96.90;((31250, 93750), (46875, 62500, 78125));
5;0.964843750000000;46875;2;93.48;((31250, 93750), (46875, 62500, 78125));
5;0.962890625000000;46875;8;96.15;((31250, 93750), (46875, 62500, 78125));
5;0.963867187500000;46875;3;93.85;((31250, 93750), (46875, 62500, 78125));
5;0.963378906250000;46875;4;94.90;((31250, 93750), (46875, 62500, 78125));
5;0.963134765625000;46875;5;94.99;((31250, 93750), (46875, 62500, 78125));
5;0.963012695312500;46875;8;95.23;((31250, 93750), (46875, 62500, 78125));
5;0.963073730468750;46875;6;94.98;((31250, 93750), (46875, 62500, 78125));
5;0.963104248046875;46875;8;96.04;((31250, 93750), (46875, 62500, 78125));
5;0.963119506835938;46875;6;94.86;((31250, 93750), (46875, 62500, 78125));
5;0.963127136230469;46875;8;96.38;((31250, 93750), (46875, 62500, 78125));
5;0.963130950927734;46875;6;96.53;((31250, 93750), (46875, 62500, 78125));
5;0.963132858276367;46875;8;95.59;((31250, 93750), (46875, 62500, 78125));
5;0.963133811950684;46875;6;95.15;((31250, 93750), (46875, 62500, 78125));
5;0.500000000000000;78125;11;54.16;((31250, 93750), (46875, 62500, 78125));
5;0.750000000000000;78125;11;77.88;((31250, 93750), (46875, 62500, 78125));
5;0.875000000000000;78125;11;94.27;((31250, 93750), (46875, 62500, 78125));
5;0.937500000000000;78125;11;95.90;((31250, 93750), (46875, 62500, 78125));
5;0.968750000000000;78125;0;43.41;((31250, 93750), (46875, 62500, 78125));
5;0.953125000000000;78125;11;97.34;((31250, 93750), (46875, 62500, 78125));
5;0.960937500000000;78125;4;94.94;((31250, 93750), (46875, 62500, 78125));
5;0.957031250000000;78125;11;97.39;((31250, 93750), (46875, 62500, 78125));
5;0.958984375000000;78125;11;99.35;((31250, 93750), (46875, 62500, 78125));
5;0.959960937500000;78125;9;96.96;((31250, 93750), (46875, 62500, 78125));
5;0.960449218750000;78125;8;96.54;((31250, 93750), (46875, 62500, 78125));
5;0.960693359375000;78125;3;93.69;((31250, 93750), (46875, 62500, 78125));
5;0.960571289062500;78125;6;95.14;((31250, 93750), (46875, 62500, 78125));
5;0.960632324218750;78125;6;96.38;((31250, 93750), (46875, 62500, 78125));
5;0.960662841796875;78125;6;95.58;((31250, 93750), (46875, 62500, 78125));
5;0.960678100585938;78125;6;96.61;((31250, 93750), (46875, 62500, 78125));
5;0.960685729980469;78125;5;95.16;((31250, 93750), (46875, 62500, 78125));
5;0.960681915283203;78125;5;94.78;((31250, 93750), (46875, 62500, 78125));
5;0.960680007934570;78125;4;96.81;((31250, 93750), (46875, 62500, 78125));
5;0.960679054260254;78125;4;94.01;((31250, 93750), (46875, 62500, 78125));
5;0.500000000000000;39062;11;53.71;((31250, 62500), (39062, 46874, 54686));
5;0.750000000000000;39062;11;77.13;((31250, 62500), (39062, 46874, 54686));
5;0.875000000000000;39062;11;89.47;((31250, 62500), (39062, 46874, 54686));
5;0.937500000000000;39062;11;96.94;((31250, 62500), (39062, 46874, 54686));
5;0.968750000000000;39062;0;42.86;((31250, 62500), (39062, 46874, 54686));
5;0.953125000000000;39062;10;98.76;((31250, 62500), (39062, 46874, 54686));
5;0.960937500000000;39062;0;52.14;((31250, 62500), (39062, 46874, 54686));
5;0.957031250000000;39062;7;95.87;((31250, 62500), (39062, 46874, 54686));
5;0.958984375000000;39062;5;93.69;((31250, 62500), (39062, 46874, 54686));
5;0.958007812500000;39062;7;95.13;((31250, 62500), (39062, 46874, 54686));
5;0.958496093750000;39062;4;95.01;((31250, 62500), (39062, 46874, 54686));
5;0.958251953125000;39062;5;93.36;((31250, 62500), (39062, 46874, 54686));
5;0.958129882812500;39062;7;95.52;((31250, 62500), (39062, 46874, 54686));
5;0.958190917968750;39062;5;94.11;((31250, 62500), (39062, 46874, 54686));
5;0.958160400390625;39062;5;94.38;((31250, 62500), (39062, 46874, 54686));
5;0.958145141601562;39062;2;92.60;((31250, 62500), (39062, 46874, 54686));
5;0.958137512207031;39062;6;94.36;((31250, 62500), (39062, 46874, 54686));
5;0.958141326904297;39062;2;92.99;((31250, 62500), (39062, 46874, 54686));
5;0.958139419555664;39062;5;94.78;((31250, 62500), (39062, 46874, 54686));
5;0.958138465881348;39062;6;94.40;((31250, 62500), (39062, 46874, 54686));
5;0.500000000000000;46874;11;53.78;((31250, 62500), (39062, 46874, 54686));
5;0.750000000000000;46874;11;77.18;((31250, 62500), (39062, 46874, 54686));
5;0.875000000000000;46874;11;90.00;((31250, 62500), (39062, 46874, 54686));
5;0.937500000000000;46874;11;95.88;((31250, 62500), (39062, 46874, 54686));
5;0.968750000000000;46874;0;42.22;((31250, 62500), (39062, 46874, 54686));
5;0.953125000000000;46874;11;99.29;((31250, 62500), (39062, 46874, 54686));
5;0.960937500000000;46874;0;66.38;((31250, 62500), (39062, 46874, 54686));
5;0.957031250000000;46874;8;95.57;((31250, 62500), (39062, 46874, 54686));
5;0.958984375000000;46874;3;92.61;((31250, 62500), (39062, 46874, 54686));
5;0.958007812500000;46874;9;96.54;((31250, 62500), (39062, 46874, 54686));
5;0.958496093750000;46874;6;94.87;((31250, 62500), (39062, 46874, 54686));
5;0.958740234375000;46874;3;93.18;((31250, 62500), (39062, 46874, 54686));
5;0.958618164062500;46874;7;95.34;((31250, 62500), (39062, 46874, 54686));
5;0.958679199218750;46874;3;93.71;((31250, 62500), (39062, 46874, 54686));
5;0.958648681640625;46874;5;94.10;((31250, 62500), (39062, 46874, 54686));
5;0.958633422851562;46874;4;94.38;((31250, 62500), (39062, 46874, 54686));
5;0.958625793457031;46874;5;94.17;((31250, 62500), (39062, 46874, 54686));
5;0.958621978759766;46874;5;94.46;((31250, 62500), (39062, 46874, 54686));
5;0.958620071411133;46874;4;93.28;((31250, 62500), (39062, 46874, 54686));
5;0.958619117736816;46874;7;94.93;((31250, 62500), (39062, 46874, 54686));
5;0.500000000000000;54686;11;54.32;((31250, 62500), (39062, 46874, 54686));
5;0.750000000000000;54686;11;77.89;((31250, 62500), (39062, 46874, 54686));
5;0.875000000000000;54686;11;90.88;((31250, 62500), (39062, 46874, 54686));
5;0.937500000000000;54686;11;96.05;((31250, 62500), (39062, 46874, 54686));
5;0.968750000000000;54686;0;45.85;((31250, 62500), (39062, 46874, 54686));
5;0.953125000000000;54686;11;97.15;((31250, 62500), (39062, 46874, 54686));
5;0.960937500000000;54686;10;97.46;((31250, 62500), (39062, 46874, 54686));
5;0.964843750000000;54686;2;92.34;((31250, 62500), (39062, 46874, 54686));
5;0.962890625000000;54686;6;95.90;((31250, 62500), (39062, 46874, 54686));
5;0.963867187500000;54686;4;95.11;((31250, 62500), (39062, 46874, 54686));
5;0.963378906250000;54686;6;95.10;((31250, 62500), (39062, 46874, 54686));
5;0.963623046875000;54686;1;92.73;((31250, 62500), (39062, 46874, 54686));
5;0.963500976562500;54686;6;94.83;((31250, 62500), (39062, 46874, 54686));
5;0.963562011718750;54686;2;93.41;((31250, 62500), (39062, 46874, 54686));
5;0.963531494140625;54686;5;94.84;((31250, 62500), (39062, 46874, 54686));
5;0.963516235351562;54686;8;96.24;((31250, 62500), (39062, 46874, 54686));
5;0.963523864746094;54686;7;95.94;((31250, 62500), (39062, 46874, 54686));
5;0.963527679443359;54686;2;93.76;((31250, 62500), (39062, 46874, 54686));
5;0.963525772094727;54686;7;96.06;((31250, 62500), (39062, 46874, 54686));
5;0.963526725769043;54686;4;94.64;((31250, 62500), (39062, 46874, 54686));
5;0.500000000000000;50780;11;53.63;((46874, 62500), (50780, 54686, 58592));
5;0.750000000000000;50780;11;78.25;((46874, 62500), (50780, 54686, 58592));
5;0.875000000000000;50780;11;89.20;((46874, 62500), (50780, 54686, 58592));
5;0.937500000000000;50780;11;96.03;((46874, 62500), (50780, 54686, 58592));
5;0.968750000000000;50780;0;43.21;((46874, 62500), (50780, 54686, 58592));
5;0.953125000000000;50780;11;97.54;((46874, 62500), (50780, 54686, 58592));
5;0.960937500000000;50780;0;65.98;((46874, 62500), (50780, 54686, 58592));
5;0.957031250000000;50780;8;95.79;((46874, 62500), (50780, 54686, 58592));
5;0.958984375000000;50780;0;67.36;((46874, 62500), (50780, 54686, 58592));
5;0.958007812500000;50780;4;94.08;((46874, 62500), (50780, 54686, 58592));
5;0.957519531250000;50780;8;95.58;((46874, 62500), (50780, 54686, 58592));
5;0.957763671875000;50780;9;95.82;((46874, 62500), (50780, 54686, 58592));
5;0.957885742187500;50780;7;95.69;((46874, 62500), (50780, 54686, 58592));
5;0.957946777343750;50780;5;94.53;((46874, 62500), (50780, 54686, 58592));
5;0.957916259765625;50780;7;94.75;((46874, 62500), (50780, 54686, 58592));
5;0.957931518554688;50780;4;94.43;((46874, 62500), (50780, 54686, 58592));
5;0.957923889160156;50780;8;95.60;((46874, 62500), (50780, 54686, 58592));
5;0.957927703857422;50780;5;94.32;((46874, 62500), (50780, 54686, 58592));
5;0.957925796508789;50780;6;95.17;((46874, 62500), (50780, 54686, 58592));
5;0.957926750183105;50780;5;94.52;((46874, 62500), (50780, 54686, 58592));
5;0.500000000000000;58592;11;53.91;((46874, 62500), (50780, 54686, 58592));
5;0.750000000000000;58592;11;77.72;((46874, 62500), (50780, 54686, 58592));
5;0.875000000000000;58592;11;90.29;((46874, 62500), (50780, 54686, 58592));
5;0.937500000000000;58592;11;96.19;((46874, 62500), (50780, 54686, 58592));
5;0.968750000000000;58592;0;41.83;((46874, 62500), (50780, 54686, 58592));
5;0.953125000000000;58592;11;97.24;((46874, 62500), (50780, 54686, 58592));
5;0.960937500000000;58592;0;56.84;((46874, 62500), (50780, 54686, 58592));
5;0.957031250000000;58592;7;95.16;((46874, 62500), (50780, 54686, 58592));
5;0.958984375000000;58592;2;92.94;((46874, 62500), (50780, 54686, 58592));
5;0.958007812500000;58592;4;94.51;((46874, 62500), (50780, 54686, 58592));
5;0.957519531250000;58592;5;94.17;((46874, 62500), (50780, 54686, 58592));
5;0.957275390625000;58592;9;96.94;((46874, 62500), (50780, 54686, 58592));
5;0.957397460937500;58592;6;95.37;((46874, 62500), (50780, 54686, 58592));
5;0.957458496093750;58592;6;95.20;((46874, 62500), (50780, 54686, 58592));
5;0.957489013671875;58592;5;94.84;((46874, 62500), (50780, 54686, 58592));
5;0.957473754882812;58592;6;95.09;((46874, 62500), (50780, 54686, 58592));
5;0.957481384277344;58592;10;96.26;((46874, 62500), (50780, 54686, 58592));
5;0.957485198974609;58592;8;97.63;((46874, 62500), (50780, 54686, 58592));
5;0.957487106323242;58592;5;94.35;((46874, 62500), (50780, 54686, 58592));
5;0.957486152648926;58592;6;95.44;((46874, 62500), (50780, 54686, 58592));
5;0.500000000000000;52733;11;62.21;((50780, 58592), (52733, 54686, 56639));
5;0.750000000000000;52733;11;78.11;((50780, 58592), (52733, 54686, 56639));
5;0.875000000000000;52733;11;89.48;((50780, 58592), (52733, 54686, 56639));
5;0.937500000000000;52733;11;95.93;((50780, 58592), (52733, 54686, 56639));
5;0.968750000000000;52733;0;46.28;((50780, 58592), (52733, 54686, 56639));
5;0.953125000000000;52733;11;97.37;((50780, 58592), (52733, 54686, 56639));
5;0.960937500000000;52733;10;96.99;((50780, 58592), (52733, 54686, 56639));
5;0.964843750000000;52733;2;92.70;((50780, 58592), (52733, 54686, 56639));
5;0.962890625000000;52733;9;96.08;((50780, 58592), (52733, 54686, 56639));
5;0.963867187500000;52733;8;96.08;((50780, 58592), (52733, 54686, 56639));
5;0.964355468750000;52733;4;95.02;((50780, 58592), (52733, 54686, 56639));
5;0.964111328125000;52733;5;95.25;((50780, 58592), (52733, 54686, 56639));
5;0.963989257812500;52733;3;93.64;((50780, 58592), (52733, 54686, 56639));
5;0.963928222656250;52733;2;93.85;((50780, 58592), (52733, 54686, 56639));
5;0.963897705078125;52733;5;94.81;((50780, 58592), (52733, 54686, 56639));
5;0.963882446289062;52733;6;95.74;((50780, 58592), (52733, 54686, 56639));
5;0.963890075683594;52733;4;94.90;((50780, 58592), (52733, 54686, 56639));
5;0.963886260986328;52733;4;94.59;((50780, 58592), (52733, 54686, 56639));
5;0.963884353637695;52733;2;93.75;((50780, 58592), (52733, 54686, 56639));
5;0.963883399963379;52733;3;93.78;((50780, 58592), (52733, 54686, 56639));
5;0.500000000000000;56639;11;53.79;((50780, 58592), (52733, 54686, 56639));
5;0.750000000000000;56639;11;77.50;((50780, 58592), (52733, 54686, 56639));
5;0.875000000000000;56639;11;89.65;((50780, 58592), (52733, 54686, 56639));
5;0.937500000000000;56639;11;95.58;((50780, 58592), (52733, 54686, 56639));
5;0.968750000000000;56639;0;47.04;((50780, 58592), (52733, 54686, 56639));
5;0.953125000000000;56639;11;97.43;((50780, 58592), (52733, 54686, 56639));
5;0.960937500000000;56639;11;106.82;((50780, 58592), (52733, 54686, 56639));
5;0.964843750000000;56639;0;66.56;((50780, 58592), (52733, 54686, 56639));
5;0.962890625000000;56639;7;95.89;((50780, 58592), (52733, 54686, 56639));
5;0.963867187500000;56639;0;66.19;((50780, 58592), (52733, 54686, 56639));
5;0.963378906250000;56639;9;96.42;((50780, 58592), (52733, 54686, 56639));
5;0.963623046875000;56639;3;94.34;((50780, 58592), (52733, 54686, 56639));
5;0.963500976562500;56639;3;93.72;((50780, 58592), (52733, 54686, 56639));
5;0.963439941406250;56639;4;94.78;((50780, 58592), (52733, 54686, 56639));
5;0.963409423828125;56639;3;94.15;((50780, 58592), (52733, 54686, 56639));
5;0.963394165039062;56639;6;96.15;((50780, 58592), (52733, 54686, 56639));
5;0.963401794433594;56639;4;95.83;((50780, 58592), (52733, 54686, 56639));
5;0.963397979736328;56639;6;95.22;((50780, 58592), (52733, 54686, 56639));
5;0.963399887084961;56639;4;95.57;((50780, 58592), (52733, 54686, 56639));
5;0.963398933410645;56639;5;94.39;((50780, 58592), (52733, 54686, 56639));
5;0.500000000000000;51756;11;54.17;((50780, 54686), (51756, 52732, 53708));
5;0.750000000000000;51756;11;77.98;((50780, 54686), (51756, 52732, 53708));
5;0.875000000000000;51756;11;89.81;((50780, 54686), (51756, 52732, 53708));
5;0.937500000000000;51756;11;96.40;((50780, 54686), (51756, 52732, 53708));
5;0.968750000000000;51756;0;46.10;((50780, 54686), (51756, 52732, 53708));
5;0.953125000000000;51756;11;96.80;((50780, 54686), (51756, 52732, 53708));
5;0.960937500000000;51756;10;97.17;((50780, 54686), (51756, 52732, 53708));
5;0.964843750000000;51756;2;93.78;((50780, 54686), (51756, 52732, 53708));
5;0.962890625000000;51756;9;95.93;((50780, 54686), (51756, 52732, 53708));
5;0.963867187500000;51756;5;95.30;((50780, 54686), (51756, 52732, 53708));
5;0.963378906250000;51756;7;95.69;((50780, 54686), (51756, 52732, 53708));
5;0.963623046875000;51756;2;93.58;((50780, 54686), (51756, 52732, 53708));
5;0.963500976562500;51756;5;95.00;((50780, 54686), (51756, 52732, 53708));
5;0.963439941406250;51756;5;94.51;((50780, 54686), (51756, 52732, 53708));
5;0.963409423828125;51756;4;94.87;((50780, 54686), (51756, 52732, 53708));
5;0.963394165039062;51756;7;96.09;((50780, 54686), (51756, 52732, 53708));
5;0.963401794433594;51756;5;95.28;((50780, 54686), (51756, 52732, 53708));
5;0.963397979736328;51756;4;94.94;((50780, 54686), (51756, 52732, 53708));
5;0.963396072387695;51756;4;94.57;((50780, 54686), (51756, 52732, 53708));
5;0.963395118713379;51756;5;118.26;((50780, 54686), (51756, 52732, 53708));
5;0.500000000000000;52732;11;53.73;((50780, 54686), (51756, 52732, 53708));
5;0.750000000000000;52732;11;77.78;((50780, 54686), (51756, 52732, 53708));
5;0.875000000000000;52732;11;89.78;((50780, 54686), (51756, 52732, 53708));
5;0.937500000000000;52732;11;97.27;((50780, 54686), (51756, 52732, 53708));
5;0.968750000000000;52732;0;43.03;((50780, 54686), (51756, 52732, 53708));
5;0.953125000000000;52732;11;97.27;((50780, 54686), (51756, 52732, 53708));
5;0.960937500000000;52732;0;57.92;((50780, 54686), (51756, 52732, 53708));
5;0.957031250000000;52732;8;96.37;((50780, 54686), (51756, 52732, 53708));
5;0.958984375000000;52732;1;92.42;((50780, 54686), (51756, 52732, 53708));
5;0.958007812500000;52732;7;94.87;((50780, 54686), (51756, 52732, 53708));
5;0.958496093750000;52732;4;93.91;((50780, 54686), (51756, 52732, 53708));
5;0.958251953125000;52732;7;95.52;((50780, 54686), (51756, 52732, 53708));
5;0.958374023437500;52732;4;96.77;((50780, 54686), (51756, 52732, 53708));
5;0.958312988281250;52732;8;95.18;((50780, 54686), (51756, 52732, 53708));
5;0.958343505859375;52732;6;95.30;((50780, 54686), (51756, 52732, 53708));
5;0.958358764648438;52732;7;96.50;((50780, 54686), (51756, 52732, 53708));
5;0.958366394042969;52732;5;94.69;((50780, 54686), (51756, 52732, 53708));
5;0.958362579345703;52732;4;94.79;((50780, 54686), (51756, 52732, 53708));
5;0.958360671997070;52732;5;93.74;((50780, 54686), (51756, 52732, 53708));
5;0.958359718322754;52732;5;96.11;((50780, 54686), (51756, 52732, 53708));
5;0.500000000000000;53708;11;53.96;((50780, 54686), (51756, 52732, 53708));
5;0.750000000000000;53708;11;78.02;((50780, 54686), (51756, 52732, 53708));
5;0.875000000000000;53708;11;90.25;((50780, 54686), (51756, 52732, 53708));
5;0.937500000000000;53708;11;95.96;((50780, 54686), (51756, 52732, 53708));
5;0.968750000000000;53708;0;47.67;((50780, 54686), (51756, 52732, 53708));
5;0.953125000000000;53708;11;99.06;((50780, 54686), (51756, 52732, 53708));
5;0.960937500000000;53708;9;97.07;((50780, 54686), (51756, 52732, 53708));
5;0.964843750000000;53708;1;91.36;((50780, 54686), (51756, 52732, 53708));
5;0.962890625000000;53708;6;94.76;((50780, 54686), (51756, 52732, 53708));
5;0.963867187500000;53708;5;95.78;((50780, 54686), (51756, 52732, 53708));
5;0.963378906250000;53708;7;105.93;((50780, 54686), (51756, 52732, 53708));
5;0.963623046875000;53708;4;98.36;((50780, 54686), (51756, 52732, 53708));
5;0.963500976562500;53708;6;98.34;((50780, 54686), (51756, 52732, 53708));
5;0.963562011718750;53708;7;96.70;((50780, 54686), (51756, 52732, 53708));
5;0.963592529296875;53708;5;95.38;((50780, 54686), (51756, 52732, 53708));
5;0.963577270507812;53708;7;100.94;((50780, 54686), (51756, 52732, 53708));
5;0.963584899902344;53708;8;96.11;((50780, 54686), (51756, 52732, 53708));
5;0.963588714599609;53708;9;97.70;((50780, 54686), (51756, 52732, 53708));
5;0.963590621948242;53708;2;93.79;((50780, 54686), (51756, 52732, 53708));
5;0.963589668273926;53708;5;103.04;((50780, 54686), (51756, 52732, 53708));
5;0.500000000000000;53220;11;54.35;((52732, 54686), (53220, 53708, 54196));
5;0.750000000000000;53220;11;77.52;((52732, 54686), (53220, 53708, 54196));
5;0.875000000000000;53220;11;89.45;((52732, 54686), (53220, 53708, 54196));
5;0.937500000000000;53220;11;97.05;((52732, 54686), (53220, 53708, 54196));
5;0.968750000000000;53220;0;42.16;((52732, 54686), (53220, 53708, 54196));
5;0.953125000000000;53220;11;98.89;((52732, 54686), (53220, 53708, 54196));
5;0.960937500000000;53220;1;90.62;((52732, 54686), (53220, 53708, 54196));
5;0.957031250000000;53220;9;95.63;((52732, 54686), (53220, 53708, 54196));
5;0.958984375000000;53220;1;92.60;((52732, 54686), (53220, 53708, 54196));
5;0.958007812500000;53220;7;95.08;((52732, 54686), (53220, 53708, 54196));
5;0.958496093750000;53220;7;95.79;((52732, 54686), (53220, 53708, 54196));
5;0.958740234375000;53220;6;95.17;((52732, 54686), (53220, 53708, 54196));
5;0.958862304687500;53220;4;93.48;((52732, 54686), (53220, 53708, 54196));
5;0.958801269531250;53220;2;92.72;((52732, 54686), (53220, 53708, 54196));
5;0.958770751953125;53220;6;95.42;((52732, 54686), (53220, 53708, 54196));
5;0.958786010742188;53220;3;94.18;((52732, 54686), (53220, 53708, 54196));
5;0.958778381347656;53220;3;94.14;((52732, 54686), (53220, 53708, 54196));
5;0.958774566650391;53220;5;95.53;((52732, 54686), (53220, 53708, 54196));
5;0.958772659301758;53220;2;92.69;((52732, 54686), (53220, 53708, 54196));
5;0.958771705627441;53220;5;94.01;((52732, 54686), (53220, 53708, 54196));
5;0.500000000000000;54196;11;53.90;((52732, 54686), (53220, 53708, 54196));
5;0.750000000000000;54196;11;80.01;((52732, 54686), (53220, 53708, 54196));
5;0.875000000000000;54196;11;89.34;((52732, 54686), (53220, 53708, 54196));
5;0.937500000000000;54196;11;96.00;((52732, 54686), (53220, 53708, 54196));
5;0.968750000000000;54196;0;47.09;((52732, 54686), (53220, 53708, 54196));
5;0.953125000000000;54196;11;97.69;((52732, 54686), (53220, 53708, 54196));
5;0.960937500000000;54196;10;97.51;((52732, 54686), (53220, 53708, 54196));
5;0.964843750000000;54196;1;91.23;((52732, 54686), (53220, 53708, 54196));
5;0.962890625000000;54196;8;96.06;((52732, 54686), (53220, 53708, 54196));
5;0.963867187500000;54196;5;94.52;((52732, 54686), (53220, 53708, 54196));
5;0.963378906250000;54196;5;94.63;((52732, 54686), (53220, 53708, 54196));
5;0.963134765625000;54196;6;95.40;((52732, 54686), (53220, 53708, 54196));
5;0.963256835937500;54196;9;97.93;((52732, 54686), (53220, 53708, 54196));
5;0.963317871093750;54196;6;95.27;((52732, 54686), (53220, 53708, 54196));
5;0.963348388671875;54196;8;96.10;((52732, 54686), (53220, 53708, 54196));
5;0.963363647460938;54196;7;96.20;((52732, 54686), (53220, 53708, 54196));
5;0.963371276855469;54196;4;94.63;((52732, 54686), (53220, 53708, 54196));
5;0.963367462158203;54196;3;94.11;((52732, 54686), (53220, 53708, 54196));
5;0.963365554809570;54196;5;98.99;((52732, 54686), (53220, 53708, 54196));
5;0.963364601135254;54196;4;94.72;((52732, 54686), (53220, 53708, 54196));
5;0.500000000000000;53464;11;53.58;((53220, 54196), (53464, 53708, 53952));
5;0.750000000000000;53464;11;77.95;((53220, 54196), (53464, 53708, 53952));
5;0.875000000000000;53464;11;89.86;((53220, 54196), (53464, 53708, 53952));
5;0.937500000000000;53464;11;95.72;((53220, 54196), (53464, 53708, 53952));
5;0.968750000000000;53464;0;42.62;((53220, 54196), (53464, 53708, 53952));
5;0.953125000000000;53464;10;96.67;((53220, 54196), (53464, 53708, 53952));
5;0.960937500000000;53464;0;56.56;((53220, 54196), (53464, 53708, 53952));
5;0.957031250000000;53464;8;95.39;((53220, 54196), (53464, 53708, 53952));
5;0.958984375000000;53464;3;94.10;((53220, 54196), (53464, 53708, 53952));
5;0.958007812500000;53464;4;94.20;((53220, 54196), (53464, 53708, 53952));
5;0.957519531250000;53464;8;97.30;((53220, 54196), (53464, 53708, 53952));
5;0.957763671875000;53464;5;94.38;((53220, 54196), (53464, 53708, 53952));
5;0.957641601562500;53464;8;95.58;((53220, 54196), (53464, 53708, 53952));
5;0.957702636718750;53464;7;95.69;((53220, 54196), (53464, 53708, 53952));
5;0.957733154296875;53464;8;95.67;((53220, 54196), (53464, 53708, 53952));
5;0.957748413085938;53464;7;95.45;((53220, 54196), (53464, 53708, 53952));
5;0.957756042480469;53464;7;96.04;((53220, 54196), (53464, 53708, 53952));
5;0.957759857177734;53464;6;94.88;((53220, 54196), (53464, 53708, 53952));
5;0.957761764526367;53464;8;113.01;((53220, 54196), (53464, 53708, 53952));
5;0.957762718200684;53464;8;96.52;((53220, 54196), (53464, 53708, 53952));
5;0.500000000000000;53952;11;56.34;((53220, 54196), (53464, 53708, 53952));
5;0.750000000000000;53952;11;77.85;((53220, 54196), (53464, 53708, 53952));
5;0.875000000000000;53952;11;89.87;((53220, 54196), (53464, 53708, 53952));
5;0.937500000000000;53952;11;96.76;((53220, 54196), (53464, 53708, 53952));
5;0.968750000000000;53952;0;43.07;((53220, 54196), (53464, 53708, 53952));
5;0.953125000000000;53952;11;97.60;((53220, 54196), (53464, 53708, 53952));
5;0.960937500000000;53952;1;90.97;((53220, 54196), (53464, 53708, 53952));
5;0.957031250000000;53952;10;97.10;((53220, 54196), (53464, 53708, 53952));
5;0.958984375000000;53952;3;92.92;((53220, 54196), (53464, 53708, 53952));
5;0.958007812500000;53952;7;95.57;((53220, 54196), (53464, 53708, 53952));
5;0.958496093750000;53952;2;92.34;((53220, 54196), (53464, 53708, 53952));
5;0.958251953125000;53952;4;94.12;((53220, 54196), (53464, 53708, 53952));
5;0.958129882812500;53952;7;101.27;((53220, 54196), (53464, 53708, 53952));
5;0.958190917968750;53952;6;94.65;((53220, 54196), (53464, 53708, 53952));
5;0.958221435546875;53952;3;94.43;((53220, 54196), (53464, 53708, 53952));
5;0.958206176757812;53952;4;93.80;((53220, 54196), (53464, 53708, 53952));
5;0.958198547363281;53952;5;94.21;((53220, 54196), (53464, 53708, 53952));
5;0.958194732666016;53952;7;95.00;((53220, 54196), (53464, 53708, 53952));
5;0.958196640014648;53952;4;96.86;((53220, 54196), (53464, 53708, 53952));
5;0.958195686340332;53952;5;94.65;((53220, 54196), (53464, 53708, 53952));
5;0.500000000000000;53586;11;53.83;((53464, 53952), (53586, 53708, 53830));
5;0.750000000000000;53586;11;79.32;((53464, 53952), (53586, 53708, 53830));
5;0.875000000000000;53586;11;89.16;((53464, 53952), (53586, 53708, 53830));
5;0.937500000000000;53586;11;95.47;((53464, 53952), (53586, 53708, 53830));
5;0.968750000000000;53586;0;45.50;((53464, 53952), (53586, 53708, 53830));
5;0.953125000000000;53586;11;97.26;((53464, 53952), (53586, 53708, 53830));
5;0.960937500000000;53586;11;97.95;((53464, 53952), (53586, 53708, 53830));
5;0.964843750000000;53586;1;93.40;((53464, 53952), (53586, 53708, 53830));
5;0.962890625000000;53586;7;95.38;((53464, 53952), (53586, 53708, 53830));
5;0.963867187500000;53586;6;96.34;((53464, 53952), (53586, 53708, 53830));
5;0.964355468750000;53586;5;95.19;((53464, 53952), (53586, 53708, 53830));
5;0.964111328125000;53586;3;93.77;((53464, 53952), (53586, 53708, 53830));
5;0.963989257812500;53586;1;92.98;((53464, 53952), (53586, 53708, 53830));
5;0.963928222656250;53586;1;92.28;((53464, 53952), (53586, 53708, 53830));
5;0.963897705078125;53586;5;94.56;((53464, 53952), (53586, 53708, 53830));
5;0.963882446289062;53586;2;92.87;((53464, 53952), (53586, 53708, 53830));
5;0.963874816894531;53586;4;94.44;((53464, 53952), (53586, 53708, 53830));
5;0.963871002197266;53586;4;94.84;((53464, 53952), (53586, 53708, 53830));
5;0.963869094848633;53586;2;93.47;((53464, 53952), (53586, 53708, 53830));
5;0.963868141174316;53586;5;95.11;((53464, 53952), (53586, 53708, 53830));
5;0.500000000000000;53830;11;54.09;((53464, 53952), (53586, 53708, 53830));
5;0.750000000000000;53830;11;78.29;((53464, 53952), (53586, 53708, 53830));
5;0.875000000000000;53830;11;92.63;((53464, 53952), (53586, 53708, 53830));
5;0.937500000000000;53830;11;95.58;((53464, 53952), (53586, 53708, 53830));
5;0.968750000000000;53830;0;43.95;((53464, 53952), (53586, 53708, 53830));
5;0.953125000000000;53830;11;97.69;((53464, 53952), (53586, 53708, 53830));
5;0.960937500000000;53830;0;57.44;((53464, 53952), (53586, 53708, 53830));
5;0.957031250000000;53830;8;96.22;((53464, 53952), (53586, 53708, 53830));
5;0.958984375000000;53830;4;94.83;((53464, 53952), (53586, 53708, 53830));
5;0.958007812500000;53830;5;94.50;((53464, 53952), (53586, 53708, 53830));
5;0.957519531250000;53830;8;95.61;((53464, 53952), (53586, 53708, 53830));
5;0.957763671875000;53830;8;96.42;((53464, 53952), (53586, 53708, 53830));
5;0.957885742187500;53830;7;95.72;((53464, 53952), (53586, 53708, 53830));
5;0.957946777343750;53830;7;95.77;((53464, 53952), (53586, 53708, 53830));
5;0.957977294921875;53830;4;95.57;((53464, 53952), (53586, 53708, 53830));
5;0.957962036132812;53830;6;94.47;((53464, 53952), (53586, 53708, 53830));
5;0.957969665527344;53830;6;95.49;((53464, 53952), (53586, 53708, 53830));
5;0.957973480224609;53830;7;95.44;((53464, 53952), (53586, 53708, 53830));
5;0.957975387573242;53830;7;95.71;((53464, 53952), (53586, 53708, 53830));
5;0.957976341247559;53830;8;95.56;((53464, 53952), (53586, 53708, 53830));
5;0.500000000000000;53525;11;54.14;((53464, 53708), (53525, 53586, 53647));
5;0.750000000000000;53525;11;77.51;((53464, 53708), (53525, 53586, 53647));
5;0.875000000000000;53525;11;89.76;((53464, 53708), (53525, 53586, 53647));
5;0.937500000000000;53525;11;95.41;((53464, 53708), (53525, 53586, 53647));
5;0.968750000000000;53525;0;47.17;((53464, 53708), (53525, 53586, 53647));
5;0.953125000000000;53525;11;96.82;((53464, 53708), (53525, 53586, 53647));
5;0.960937500000000;53525;11;98.58;((53464, 53708), (53525, 53586, 53647));
5;0.964843750000000;53525;1;92.41;((53464, 53708), (53525, 53586, 53647));
5;0.962890625000000;53525;8;96.04;((53464, 53708), (53525, 53586, 53647));
5;0.963867187500000;53525;6;95.53;((53464, 53708), (53525, 53586, 53647));
5;0.964355468750000;53525;2;93.34;((53464, 53708), (53525, 53586, 53647));
5;0.964111328125000;53525;3;93.50;((53464, 53708), (53525, 53586, 53647));
5;0.963989257812500;53525;5;95.50;((53464, 53708), (53525, 53586, 53647));
5;0.963928222656250;53525;4;94.02;((53464, 53708), (53525, 53586, 53647));
5;0.963897705078125;53525;4;95.50;((53464, 53708), (53525, 53586, 53647));
5;0.963882446289062;53525;3;96.60;((53464, 53708), (53525, 53586, 53647));
5;0.963874816894531;53525;1;95.65;((53464, 53708), (53525, 53586, 53647));
5;0.963871002197266;53525;3;96.34;((53464, 53708), (53525, 53586, 53647));
5;0.963869094848633;53525;8;98.00;((53464, 53708), (53525, 53586, 53647));
5;0.963870048522949;53525;5;96.80;((53464, 53708), (53525, 53586, 53647));
5;0.500000000000000;53647;11;55.03;((53464, 53708), (53525, 53586, 53647));
5;0.750000000000000;53647;11;79.74;((53464, 53708), (53525, 53586, 53647));
5;0.875000000000000;53647;11;92.19;((53464, 53708), (53525, 53586, 53647));
5;0.937500000000000;53647;11;98.29;((53464, 53708), (53525, 53586, 53647));
5;0.968750000000000;53647;0;46.57;((53464, 53708), (53525, 53586, 53647));
5;0.953125000000000;53647;11;99.96;((53464, 53708), (53525, 53586, 53647));
5;0.960937500000000;53647;9;99.11;((53464, 53708), (53525, 53586, 53647));
5;0.964843750000000;53647;2;95.43;((53464, 53708), (53525, 53586, 53647));
5;0.962890625000000;53647;9;98.18;((53464, 53708), (53525, 53586, 53647));
5;0.963867187500000;53647;5;98.28;((53464, 53708), (53525, 53586, 53647));
5;0.963378906250000;53647;8;96.62;((53464, 53708), (53525, 53586, 53647));
5;0.963623046875000;53647;5;96.98;((53464, 53708), (53525, 53586, 53647));
5;0.963500976562500;53647;8;98.98;((53464, 53708), (53525, 53586, 53647));
5;0.963562011718750;53647;6;98.77;((53464, 53708), (53525, 53586, 53647));
5;0.963592529296875;53647;5;108.34;((53464, 53708), (53525, 53586, 53647));
5;0.963577270507812;53647;4;96.47;((53464, 53708), (53525, 53586, 53647));
5;0.963569641113281;53647;4;95.47;((53464, 53708), (53525, 53586, 53647));
5;0.963565826416016;53647;4;96.19;((53464, 53708), (53525, 53586, 53647));
5;0.963563919067383;53647;4;95.95;((53464, 53708), (53525, 53586, 53647));
5;0.963562965393066;53647;4;97.82;((53464, 53708), (53525, 53586, 53647));
5;0.500000000000000;53494;11;55.21;((53464, 53586), (53494, 53524, 53554));
5;0.750000000000000;53494;11;79.37;((53464, 53586), (53494, 53524, 53554));
5;0.875000000000000;53494;11;93.57;((53464, 53586), (53494, 53524, 53554));
5;0.937500000000000;53494;11;98.62;((53464, 53586), (53494, 53524, 53554));
5;0.968750000000000;53494;0;43.06;((53464, 53586), (53494, 53524, 53554));
5;0.953125000000000;53494;11;100.20;((53464, 53586), (53494, 53524, 53554));
5;0.960937500000000;53494;0;58.14;((53464, 53586), (53494, 53524, 53554));
5;0.957031250000000;53494;9;97.66;((53464, 53586), (53494, 53524, 53554));
5;0.958984375000000;53494;2;94.91;((53464, 53586), (53494, 53524, 53554));
5;0.958007812500000;53494;4;95.92;((53464, 53586), (53494, 53524, 53554));
5;0.957519531250000;53494;10;98.60;((53464, 53586), (53494, 53524, 53554));
5;0.957763671875000;53494;7;97.17;((53464, 53586), (53494, 53524, 53554));
5;0.957885742187500;53494;9;97.17;((53464, 53586), (53494, 53524, 53554));
5;0.957946777343750;53494;5;96.60;((53464, 53586), (53494, 53524, 53554));
5;0.957916259765625;53494;9;101.62;((53464, 53586), (53494, 53524, 53554));
5;0.957931518554688;53494;7;97.37;((53464, 53586), (53494, 53524, 53554));
5;0.957939147949219;53494;8;96.61;((53464, 53586), (53494, 53524, 53554));
5;0.957942962646484;53494;8;97.17;((53464, 53586), (53494, 53524, 53554));
5;0.957944869995117;53494;3;95.47;((53464, 53586), (53494, 53524, 53554));
5;0.957943916320801;53494;6;96.16;((53464, 53586), (53494, 53524, 53554));
5;0.500000000000000;53524;11;55.11;((53464, 53586), (53494, 53524, 53554));
5;0.750000000000000;53524;11;80.54;((53464, 53586), (53494, 53524, 53554));
5;0.875000000000000;53524;11;92.36;((53464, 53586), (53494, 53524, 53554));
5;0.937500000000000;53524;11;98.96;((53464, 53586), (53494, 53524, 53554));
5;0.968750000000000;53524;0;43.03;((53464, 53586), (53494, 53524, 53554));
5;0.953125000000000;53524;11;100.70;((53464, 53586), (53494, 53524, 53554));
5;0.960937500000000;53524;0;58.34;((53464, 53586), (53494, 53524, 53554));
5;0.957031250000000;53524;7;99.07;((53464, 53586), (53494, 53524, 53554));
5;0.958984375000000;53524;2;94.73;((53464, 53586), (53494, 53524, 53554));
5;0.958007812500000;53524;7;100.15;((53464, 53586), (53494, 53524, 53554));
5;0.958496093750000;53524;5;100.06;((53464, 53586), (53494, 53524, 53554));
5;0.958251953125000;53524;7;100.63;((53464, 53586), (53494, 53524, 53554));
5;0.958374023437500;53524;4;101.72;((53464, 53586), (53494, 53524, 53554));
5;0.958312988281250;53524;4;97.04;((53464, 53586), (53494, 53524, 53554));
5;0.958282470703125;53524;5;94.58;((53464, 53586), (53494, 53524, 53554));
5;0.958267211914062;53524;8;96.25;((53464, 53586), (53494, 53524, 53554));
5;0.958274841308594;53524;7;95.00;((53464, 53586), (53494, 53524, 53554));
5;0.958278656005859;53524;6;94.97;((53464, 53586), (53494, 53524, 53554));
5;0.958280563354492;53524;8;95.82;((53464, 53586), (53494, 53524, 53554));
5;0.958281517028809;53524;1;92.17;((53464, 53586), (53494, 53524, 53554));
5;0.500000000000000;53554;11;53.46;((53464, 53586), (53494, 53524, 53554));
5;0.750000000000000;53554;11;77.70;((53464, 53586), (53494, 53524, 53554));
5;0.875000000000000;53554;11;90.12;((53464, 53586), (53494, 53524, 53554));
5;0.937500000000000;53554;11;95.36;((53464, 53586), (53494, 53524, 53554));
5;0.968750000000000;53554;0;42.39;((53464, 53586), (53494, 53524, 53554));
5;0.953125000000000;53554;11;97.54;((53464, 53586), (53494, 53524, 53554));
5;0.960937500000000;53554;1;90.41;((53464, 53586), (53494, 53524, 53554));
5;0.957031250000000;53554;11;97.19;((53464, 53586), (53494, 53524, 53554));
5;0.958984375000000;53554;4;94.07;((53464, 53586), (53494, 53524, 53554));
5;0.958007812500000;53554;7;95.70;((53464, 53586), (53494, 53524, 53554));
5;0.958496093750000;53554;4;94.19;((53464, 53586), (53494, 53524, 53554));
5;0.958251953125000;53554;3;95.91;((53464, 53586), (53494, 53524, 53554));
5;0.958129882812500;53554;7;94.59;((53464, 53586), (53494, 53524, 53554));
5;0.958190917968750;53554;7;94.60;((53464, 53586), (53494, 53524, 53554));
5;0.958221435546875;53554;5;95.08;((53464, 53586), (53494, 53524, 53554));
5;0.958206176757812;53554;6;99.70;((53464, 53586), (53494, 53524, 53554));
5;0.958213806152344;53554;6;94.54;((53464, 53586), (53494, 53524, 53554));
5;0.958217620849609;53554;6;94.78;((53464, 53586), (53494, 53524, 53554));
5;0.958219528198242;53554;8;95.05;((53464, 53586), (53494, 53524, 53554));
5;0.958220481872559;53554;8;95.00;((53464, 53586), (53494, 53524, 53554));
5;0.500000000000000;53509;11;59.18;((53494, 53554), (53509, 53524, 53539));
5;0.750000000000000;53509;11;77.45;((53494, 53554), (53509, 53524, 53539));
5;0.875000000000000;53509;11;89.37;((53494, 53554), (53509, 53524, 53539));
5;0.937500000000000;53509;11;95.02;((53494, 53554), (53509, 53524, 53539));
5;0.968750000000000;53509;0;47.79;((53494, 53554), (53509, 53524, 53539));
5;0.953125000000000;53509;11;96.26;((53494, 53554), (53509, 53524, 53539));
5;0.960937500000000;53509;10;96.75;((53494, 53554), (53509, 53524, 53539));
5;0.964843750000000;53509;0;62.65;((53494, 53554), (53509, 53524, 53539));
5;0.962890625000000;53509;5;94.88;((53494, 53554), (53509, 53524, 53539));
5;0.961914062500000;53509;9;96.54;((53494, 53554), (53509, 53524, 53539));
5;0.962402343750000;53509;9;97.01;((53494, 53554), (53509, 53524, 53539));
5;0.962646484375000;53509;3;93.77;((53494, 53554), (53509, 53524, 53539));
5;0.962524414062500;53509;9;96.28;((53494, 53554), (53509, 53524, 53539));
5;0.962585449218750;53509;7;95.92;((53494, 53554), (53509, 53524, 53539));
5;0.962615966796875;53509;9;98.89;((53494, 53554), (53509, 53524, 53539));
5;0.962631225585938;53509;6;95.80;((53494, 53554), (53509, 53524, 53539));
5;0.962638854980469;53509;8;96.34;((53494, 53554), (53509, 53524, 53539));
5;0.962642669677734;53509;9;96.63;((53494, 53554), (53509, 53524, 53539));
5;0.962644577026367;53509;8;96.13;((53494, 53554), (53509, 53524, 53539));
5;0.962645530700684;53509;9;96.97;((53494, 53554), (53509, 53524, 53539));
5;0.500000000000000;53539;11;54.61;((53494, 53554), (53509, 53524, 53539));
5;0.750000000000000;53539;11;78.62;((53494, 53554), (53509, 53524, 53539));
5;0.875000000000000;53539;11;89.73;((53494, 53554), (53509, 53524, 53539));
5;0.937500000000000;53539;11;96.56;((53494, 53554), (53509, 53524, 53539));
5;0.968750000000000;53539;0;48.96;((53494, 53554), (53509, 53524, 53539));
5;0.953125000000000;53539;11;96.64;((53494, 53554), (53509, 53524, 53539));
5;0.960937500000000;53539;10;96.27;((53494, 53554), (53509, 53524, 53539));
5;0.964843750000000;53539;0;61.77;((53494, 53554), (53509, 53524, 53539));
5;0.962890625000000;53539;9;96.22;((53494, 53554), (53509, 53524, 53539));
5;0.963867187500000;53539;5;94.81;((53494, 53554), (53509, 53524, 53539));
5;0.963378906250000;53539;4;94.78;((53494, 53554), (53509, 53524, 53539));
5;0.963134765625000;53539;4;94.36;((53494, 53554), (53509, 53524, 53539));
5;0.963012695312500;53539;3;94.36;((53494, 53554), (53509, 53524, 53539));
5;0.962951660156250;53539;7;95.18;((53494, 53554), (53509, 53524, 53539));
5;0.962982177734375;53539;7;95.51;((53494, 53554), (53509, 53524, 53539));
5;0.962997436523438;53539;10;97.15;((53494, 53554), (53509, 53524, 53539));
5;0.963005065917969;53539;11;98.11;((53494, 53554), (53509, 53524, 53539));
5;0.963008880615234;53539;7;96.00;((53494, 53554), (53509, 53524, 53539));
5;0.963010787963867;53539;6;94.79;((53494, 53554), (53509, 53524, 53539));
5;0.963011741638184;53539;7;95.75;((53494, 53554), (53509, 53524, 53539));
