5;0.500000000000000;2625000;11;154.95;((0, 10500000), (2625000, 5250000, 7875000));
5;0.750000000000000;2625000;0;111.15;((0, 10500000), (2625000, 5250000, 7875000));
5;0.625000000000000;2625000;11;177.18;((0, 10500000), (2625000, 5250000, 7875000));
5;0.687500000000000;2625000;11;193.69;((0, 10500000), (2625000, 5250000, 7875000));
5;0.718750000000000;2625000;11;202.20;((0, 10500000), (2625000, 5250000, 7875000));
5;0.734375000000000;2625000;11;206.93;((0, 10500000), (2625000, 5250000, 7875000));
5;0.742187500000000;2625000;0;117.81;((0, 10500000), (2625000, 5250000, 7875000));
5;0.738281250000000;2625000;11;209.24;((0, 10500000), (2625000, 5250000, 7875000));
5;0.740234375000000;2625000;11;208.10;((0, 10500000), (2625000, 5250000, 7875000));
5;0.741210937500000;2625000;11;209.39;((0, 10500000), (2625000, 5250000, 7875000));
5;0.741699218750000;2625000;4;201.32;((0, 10500000), (2625000, 5250000, 7875000));
5;0.741455078125000;2625000;7;205.45;((0, 10500000), (2625000, 5250000, 7875000));
5;0.741577148437500;2625000;2;196.99;((0, 10500000), (2625000, 5250000, 7875000));
5;0.741516113281250;2625000;4;203.78;((0, 10500000), (2625000, 5250000, 7875000));
5;0.741485595703125;2625000;5;202.34;((0, 10500000), (2625000, 5250000, 7875000));
5;0.741470336914062;2625000;8;205.33;((0, 10500000), (2625000, 5250000, 7875000));
5;0.741477966308594;2625000;8;204.44;((0, 10500000), (2625000, 5250000, 7875000));
5;0.741481781005859;2625000;5;202.35;((0, 10500000), (2625000, 5250000, 7875000));
5;0.741479873657227;2625000;6;202.95;((0, 10500000), (2625000, 5250000, 7875000));
5;0.741480827331543;2625000;5;202.84;((0, 10500000), (2625000, 5250000, 7875000));
5;0.500000000000000;5250000;11;145.16;((0, 10500000), (2625000, 5250000, 7875000));
5;0.750000000000000;5250000;0;100.14;((0, 10500000), (2625000, 5250000, 7875000));
5;0.625000000000000;5250000;0;98.59;((0, 10500000), (2625000, 5250000, 7875000));
5;0.562500000000000;5250000;11;161.36;((0, 10500000), (2625000, 5250000, 7875000));
5;0.593750000000000;5250000;11;171.15;((0, 10500000), (2625000, 5250000, 7875000));
5;0.609375000000000;5250000;11;174.31;((0, 10500000), (2625000, 5250000, 7875000));
5;0.617187500000000;5250000;0;100.58;((0, 10500000), (2625000, 5250000, 7875000));
5;0.613281250000000;5250000;11;176.68;((0, 10500000), (2625000, 5250000, 7875000));
5;0.615234375000000;5250000;11;176.73;((0, 10500000), (2625000, 5250000, 7875000));
5;0.616210937500000;5250000;0;102.17;((0, 10500000), (2625000, 5250000, 7875000));
5;0.615722656250000;5250000;11;176.75;((0, 10500000), (2625000, 5250000, 7875000));
5;0.615966796875000;5250000;2;167.55;((0, 10500000), (2625000, 5250000, 7875000));
5;0.615844726562500;5250000;10;175.00;((0, 10500000), (2625000, 5250000, 7875000));
5;0.615905761718750;5250000;5;171.03;((0, 10500000), (2625000, 5250000, 7875000));
5;0.615875244140625;5250000;9;173.67;((0, 10500000), (2625000, 5250000, 7875000));
5;0.615890502929688;5250000;8;173.81;((0, 10500000), (2625000, 5250000, 7875000));
5;0.615898132324219;5250000;9;174.12;((0, 10500000), (2625000, 5250000, 7875000));
5;0.615901947021484;5250000;6;173.89;((0, 10500000), (2625000, 5250000, 7875000));
5;0.615903854370117;5250000;6;172.55;((0, 10500000), (2625000, 5250000, 7875000));
5;0.615904808044434;5250000;10;174.70;((0, 10500000), (2625000, 5250000, 7875000));
5;0.500000000000000;7875000;11;159.96;((0, 10500000), (2625000, 5250000, 7875000));
5;0.750000000000000;7875000;0;95.73;((0, 10500000), (2625000, 5250000, 7875000));
5;0.625000000000000;7875000;0;93.43;((0, 10500000), (2625000, 5250000, 7875000));
5;0.562500000000000;7875000;11;162.76;((0, 10500000), (2625000, 5250000, 7875000));
5;0.593750000000000;7875000;11;169.95;((0, 10500000), (2625000, 5250000, 7875000));
5;0.609375000000000;7875000;0;95.54;((0, 10500000), (2625000, 5250000, 7875000));
5;0.601562500000000;7875000;11;173.04;((0, 10500000), (2625000, 5250000, 7875000));
5;0.605468750000000;7875000;11;173.06;((0, 10500000), (2625000, 5250000, 7875000));
5;0.607421875000000;7875000;6;169.61;((0, 10500000), (2625000, 5250000, 7875000));
5;0.608398437500000;7875000;0;95.95;((0, 10500000), (2625000, 5250000, 7875000));
5;0.607910156250000;7875000;0;96.77;((0, 10500000), (2625000, 5250000, 7875000));
5;0.607666015625000;7875000;0;97.05;((0, 10500000), (2625000, 5250000, 7875000));
5;0.607543945312500;7875000;1;164.53;((0, 10500000), (2625000, 5250000, 7875000));
5;0.607482910156250;7875000;2;164.87;((0, 10500000), (2625000, 5250000, 7875000));
5;0.607452392578125;7875000;3;166.94;((0, 10500000), (2625000, 5250000, 7875000));
5;0.607437133789062;7875000;5;168.64;((0, 10500000), (2625000, 5250000, 7875000));
5;0.607429504394531;7875000;3;168.00;((0, 10500000), (2625000, 5250000, 7875000));
5;0.607425689697266;7875000;5;167.97;((0, 10500000), (2625000, 5250000, 7875000));
5;0.607423782348633;7875000;3;166.99;((0, 10500000), (2625000, 5250000, 7875000));
5;0.607422828674316;7875000;5;169.26;((0, 10500000), (2625000, 5250000, 7875000));
5;0.500000000000000;1312500;11;143.61;((0, 5250000), (1312500, 2625000, 3937500));
5;0.750000000000000;1312500;11;208.87;((0, 5250000), (1312500, 2625000, 3937500));
5;0.875000000000000;1312500;0;111.20;((0, 5250000), (1312500, 2625000, 3937500));
5;0.812500000000000;1312500;11;227.10;((0, 5250000), (1312500, 2625000, 3937500));
5;0.843750000000000;1312500;11;234.70;((0, 5250000), (1312500, 2625000, 3937500));
5;0.859375000000000;1312500;11;240.81;((0, 5250000), (1312500, 2625000, 3937500));
5;0.867187500000000;1312500;0;112.90;((0, 5250000), (1312500, 2625000, 3937500));
5;0.863281250000000;1312500;1;224.79;((0, 5250000), (1312500, 2625000, 3937500));
5;0.861328125000000;1312500;11;246.12;((0, 5250000), (1312500, 2625000, 3937500));
5;0.862304687500000;1312500;11;242.45;((0, 5250000), (1312500, 2625000, 3937500));
5;0.862792968750000;1312500;7;251.28;((0, 5250000), (1312500, 2625000, 3937500));
5;0.863037109375000;1312500;4;231.21;((0, 5250000), (1312500, 2625000, 3937500));
5;0.862915039062500;1312500;2;228.06;((0, 5250000), (1312500, 2625000, 3937500));
5;0.862854003906250;1312500;6;233.78;((0, 5250000), (1312500, 2625000, 3937500));
5;0.862884521484375;1312500;5;232.07;((0, 5250000), (1312500, 2625000, 3937500));
5;0.862869262695312;1312500;4;232.14;((0, 5250000), (1312500, 2625000, 3937500));
5;0.862861633300781;1312500;6;234.91;((0, 5250000), (1312500, 2625000, 3937500));
5;0.862865447998047;1312500;4;233.48;((0, 5250000), (1312500, 2625000, 3937500));
5;0.862863540649414;1312500;3;230.94;((0, 5250000), (1312500, 2625000, 3937500));
5;0.862862586975098;1312500;4;231.22;((0, 5250000), (1312500, 2625000, 3937500));
5;0.500000000000000;3937500;11;144.22;((0, 5250000), (1312500, 2625000, 3937500));
5;0.750000000000000;3937500;0;103.29;((0, 5250000), (1312500, 2625000, 3937500));
5;0.625000000000000;3937500;11;180.78;((0, 5250000), (1312500, 2625000, 3937500));
5;0.687500000000000;3937500;0;101.91;((0, 5250000), (1312500, 2625000, 3937500));
5;0.656250000000000;3937500;0;103.69;((0, 5250000), (1312500, 2625000, 3937500));
5;0.640625000000000;3937500;11;183.69;((0, 5250000), (1312500, 2625000, 3937500));
5;0.648437500000000;3937500;10;188.79;((0, 5250000), (1312500, 2625000, 3937500));
5;0.652343750000000;3937500;0;105.29;((0, 5250000), (1312500, 2625000, 3937500));
5;0.650390625000000;3937500;0;106.19;((0, 5250000), (1312500, 2625000, 3937500));
5;0.649414062500000;3937500;0;106.84;((0, 5250000), (1312500, 2625000, 3937500));
5;0.648925781250000;3937500;4;179.17;((0, 5250000), (1312500, 2625000, 3937500));
5;0.648681640625000;3937500;8;182.10;((0, 5250000), (1312500, 2625000, 3937500));
5;0.648803710937500;3937500;5;180.68;((0, 5250000), (1312500, 2625000, 3937500));
5;0.648742675781250;3937500;6;181.31;((0, 5250000), (1312500, 2625000, 3937500));
5;0.648773193359375;3937500;6;181.06;((0, 5250000), (1312500, 2625000, 3937500));
5;0.648788452148438;3937500;6;180.66;((0, 5250000), (1312500, 2625000, 3937500));
5;0.648796081542969;3937500;7;181.37;((0, 5250000), (1312500, 2625000, 3937500));
5;0.648799896240234;3937500;7;182.19;((0, 5250000), (1312500, 2625000, 3937500));
5;0.648801803588867;3937500;4;190.01;((0, 5250000), (1312500, 2625000, 3937500));
5;0.648800849914551;3937500;4;178.15;((0, 5250000), (1312500, 2625000, 3937500));
5;0.500000000000000;656250;11;143.01;((0, 2625000), (656250, 1312500, 1968750));
5;0.750000000000000;656250;11;214.51;((0, 2625000), (656250, 1312500, 1968750));
5;0.875000000000000;656250;11;241.66;((0, 2625000), (656250, 1312500, 1968750));
5;0.937500000000000;656250;0;111.69;((0, 2625000), (656250, 1312500, 1968750));
5;0.906250000000000;656250;11;252.50;((0, 2625000), (656250, 1312500, 1968750));
5;0.921875000000000;656250;11;255.25;((0, 2625000), (656250, 1312500, 1968750));
5;0.929687500000000;656250;0;111.07;((0, 2625000), (656250, 1312500, 1968750));
5;0.925781250000000;656250;0;115.04;((0, 2625000), (656250, 1312500, 1968750));
5;0.923828125000000;656250;0;146.15;((0, 2625000), (656250, 1312500, 1968750));
5;0.922851562500000;656250;7;249.80;((0, 2625000), (656250, 1312500, 1968750));
5;0.923339843750000;656250;3;241.98;((0, 2625000), (656250, 1312500, 1968750));
5;0.923095703125000;656250;1;239.15;((0, 2625000), (656250, 1312500, 1968750));
5;0.922973632812500;656250;4;244.95;((0, 2625000), (656250, 1312500, 1968750));
5;0.922912597656250;656250;3;242.32;((0, 2625000), (656250, 1312500, 1968750));
5;0.922882080078125;656250;8;249.47;((0, 2625000), (656250, 1312500, 1968750));
5;0.922897338867188;656250;4;246.46;((0, 2625000), (656250, 1312500, 1968750));
5;0.922889709472656;656250;6;247.31;((0, 2625000), (656250, 1312500, 1968750));
5;0.922893524169922;656250;5;252.42;((0, 2625000), (656250, 1312500, 1968750));
5;0.922891616821289;656250;7;250.91;((0, 2625000), (656250, 1312500, 1968750));
5;0.922892570495605;656250;4;245.38;((0, 2625000), (656250, 1312500, 1968750));
5;0.500000000000000;1968750;11;145.26;((0, 2625000), (656250, 1312500, 1968750));
5;0.750000000000000;1968750;11;212.12;((0, 2625000), (656250, 1312500, 1968750));
5;0.875000000000000;1968750;0;109.63;((0, 2625000), (656250, 1312500, 1968750));
5;0.812500000000000;1968750;0;109.93;((0, 2625000), (656250, 1312500, 1968750));
5;0.781250000000000;1968750;11;219.07;((0, 2625000), (656250, 1312500, 1968750));
5;0.796875000000000;1968750;11;221.99;((0, 2625000), (656250, 1312500, 1968750));
5;0.804687500000000;1968750;0;113.20;((0, 2625000), (656250, 1312500, 1968750));
5;0.800781250000000;1968750;11;224.83;((0, 2625000), (656250, 1312500, 1968750));
5;0.802734375000000;1968750;0;122.21;((0, 2625000), (656250, 1312500, 1968750));
5;0.801757812500000;1968750;10;222.23;((0, 2625000), (656250, 1312500, 1968750));
5;0.802246093750000;1968750;5;217.37;((0, 2625000), (656250, 1312500, 1968750));
5;0.802001953125000;1968750;6;218.85;((0, 2625000), (656250, 1312500, 1968750));
5;0.802124023437500;1968750;6;218.54;((0, 2625000), (656250, 1312500, 1968750));
5;0.802185058593750;1968750;2;212.91;((0, 2625000), (656250, 1312500, 1968750));
5;0.802154541015625;1968750;4;216.61;((0, 2625000), (656250, 1312500, 1968750));
5;0.802139282226562;1968750;4;216.38;((0, 2625000), (656250, 1312500, 1968750));
5;0.802131652832031;1968750;8;219.08;((0, 2625000), (656250, 1312500, 1968750));
5;0.802135467529297;1968750;7;219.34;((0, 2625000), (656250, 1312500, 1968750));
5;0.802137374877930;1968750;5;217.52;((0, 2625000), (656250, 1312500, 1968750));
5;0.802136421203613;1968750;6;219.54;((0, 2625000), (656250, 1312500, 1968750));
5;0.500000000000000;328125;11;141.53;((0, 1312500), (328125, 656250, 984375));
5;0.750000000000000;328125;11;207.89;((0, 1312500), (328125, 656250, 984375));
5;0.875000000000000;328125;11;243.76;((0, 1312500), (328125, 656250, 984375));
5;0.937500000000000;328125;11;256.14;((0, 1312500), (328125, 656250, 984375));
5;0.968750000000000;328125;0;110.36;((0, 1312500), (328125, 656250, 984375));
5;0.953125000000000;328125;11;262.13;((0, 1312500), (328125, 656250, 984375));
5;0.960937500000000;328125;0;112.66;((0, 1312500), (328125, 656250, 984375));
5;0.957031250000000;328125;0;165.37;((0, 1312500), (328125, 656250, 984375));
5;0.955078125000000;328125;8;258.60;((0, 1312500), (328125, 656250, 984375));
5;0.956054687500000;328125;6;254.97;((0, 1312500), (328125, 656250, 984375));
5;0.956542968750000;328125;1;248.39;((0, 1312500), (328125, 656250, 984375));
5;0.956298828125000;328125;2;248.87;((0, 1312500), (328125, 656250, 984375));
5;0.956176757812500;328125;2;247.34;((0, 1312500), (328125, 656250, 984375));
5;0.956115722656250;328125;3;249.29;((0, 1312500), (328125, 656250, 984375));
5;0.956085205078125;328125;4;253.42;((0, 1312500), (328125, 656250, 984375));
5;0.956069946289062;328125;4;253.19;((0, 1312500), (328125, 656250, 984375));
5;0.956062316894531;328125;3;250.94;((0, 1312500), (328125, 656250, 984375));
5;0.956058502197266;328125;7;260.08;((0, 1312500), (328125, 656250, 984375));
5;0.956060409545898;328125;2;253.17;((0, 1312500), (328125, 656250, 984375));
5;0.956059455871582;328125;3;256.78;((0, 1312500), (328125, 656250, 984375));
5;0.500000000000000;984375;11;146.80;((0, 1312500), (328125, 656250, 984375));
5;0.750000000000000;984375;11;219.81;((0, 1312500), (328125, 656250, 984375));
5;0.875000000000000;984375;11;249.39;((0, 1312500), (328125, 656250, 984375));
5;0.937500000000000;984375;0;111.88;((0, 1312500), (328125, 656250, 984375));
5;0.906250000000000;984375;0;111.83;((0, 1312500), (328125, 656250, 984375));
5;0.890625000000000;984375;11;254.66;((0, 1312500), (328125, 656250, 984375));
5;0.898437500000000;984375;0;131.50;((0, 1312500), (328125, 656250, 984375));
5;0.894531250000000;984375;11;252.19;((0, 1312500), (328125, 656250, 984375));
5;0.896484375000000;984375;10;277.58;((0, 1312500), (328125, 656250, 984375));
5;0.897460937500000;984375;4;243.99;((0, 1312500), (328125, 656250, 984375));
5;0.896972656250000;984375;10;251.89;((0, 1312500), (328125, 656250, 984375));
5;0.897216796875000;984375;5;249.31;((0, 1312500), (328125, 656250, 984375));
5;0.897094726562500;984375;7;248.59;((0, 1312500), (328125, 656250, 984375));
5;0.897155761718750;984375;8;246.87;((0, 1312500), (328125, 656250, 984375));
5;0.897186279296875;984375;4;243.70;((0, 1312500), (328125, 656250, 984375));
5;0.897171020507812;984375;7;247.41;((0, 1312500), (328125, 656250, 984375));
5;0.897178649902344;984375;7;250.62;((0, 1312500), (328125, 656250, 984375));
5;0.897182464599609;984375;6;244.97;((0, 1312500), (328125, 656250, 984375));
5;0.897184371948242;984375;6;244.35;((0, 1312500), (328125, 656250, 984375));
5;0.897185325622559;984375;7;248.00;((0, 1312500), (328125, 656250, 984375));
5;0.500000000000000;164062;11;145.28;((0, 656250), (164062, 328124, 492186));
5;0.750000000000000;164062;11;212.10;((0, 656250), (164062, 328124, 492186));
5;0.875000000000000;164062;11;249.96;((0, 656250), (164062, 328124, 492186));
5;0.937500000000000;164062;11;264.65;((0, 656250), (164062, 328124, 492186));
5;0.968750000000000;164062;0;114.16;((0, 656250), (164062, 328124, 492186));
5;0.953125000000000;164062;11;267.75;((0, 656250), (164062, 328124, 492186));
5;0.960937500000000;164062;11;270.28;((0, 656250), (164062, 328124, 492186));
5;0.964843750000000;164062;0;159.27;((0, 656250), (164062, 328124, 492186));
5;0.962890625000000;164062;9;263.29;((0, 656250), (164062, 328124, 492186));
5;0.963867187500000;164062;2;256.40;((0, 656250), (164062, 328124, 492186));
5;0.963378906250000;164062;7;258.94;((0, 656250), (164062, 328124, 492186));
5;0.963623046875000;164062;6;258.66;((0, 656250), (164062, 328124, 492186));
5;0.963745117187500;164062;0;171.14;((0, 656250), (164062, 328124, 492186));
5;0.963684082031250;164062;3;255.46;((0, 656250), (164062, 328124, 492186));
5;0.963653564453125;164062;3;255.67;((0, 656250), (164062, 328124, 492186));
5;0.963638305664062;164062;3;255.44;((0, 656250), (164062, 328124, 492186));
5;0.963630676269531;164062;4;258.75;((0, 656250), (164062, 328124, 492186));
5;0.963626861572266;164062;5;256.13;((0, 656250), (164062, 328124, 492186));
5;0.963624954223633;164062;4;259.91;((0, 656250), (164062, 328124, 492186));
5;0.963624000549316;164062;4;258.23;((0, 656250), (164062, 328124, 492186));
5;0.500000000000000;328124;11;147.16;((0, 656250), (164062, 328124, 492186));
5;0.750000000000000;328124;11;212.28;((0, 656250), (164062, 328124, 492186));
5;0.875000000000000;328124;11;249.54;((0, 656250), (164062, 328124, 492186));
5;0.937500000000000;328124;11;264.86;((0, 656250), (164062, 328124, 492186));
5;0.968750000000000;328124;0;111.91;((0, 656250), (164062, 328124, 492186));
5;0.953125000000000;328124;0;135.22;((0, 656250), (164062, 328124, 492186));
5;0.945312500000000;328124;11;267.01;((0, 656250), (164062, 328124, 492186));
5;0.949218750000000;328124;11;269.29;((0, 656250), (164062, 328124, 492186));
5;0.951171875000000;328124;6;255.62;((0, 656250), (164062, 328124, 492186));
5;0.952148437500000;328124;2;252.33;((0, 656250), (164062, 328124, 492186));
5;0.951660156250000;328124;3;252.31;((0, 656250), (164062, 328124, 492186));
5;0.951416015625000;328124;7;260.65;((0, 656250), (164062, 328124, 492186));
5;0.951538085937500;328124;5;255.14;((0, 656250), (164062, 328124, 492186));
5;0.951477050781250;328124;4;255.25;((0, 656250), (164062, 328124, 492186));
5;0.951446533203125;328124;5;257.72;((0, 656250), (164062, 328124, 492186));
5;0.951431274414062;328124;3;256.58;((0, 656250), (164062, 328124, 492186));
5;0.951423645019531;328124;6;260.51;((0, 656250), (164062, 328124, 492186));
5;0.951427459716797;328124;4;260.24;((0, 656250), (164062, 328124, 492186));
5;0.951425552368164;328124;4;256.79;((0, 656250), (164062, 328124, 492186));
5;0.951424598693848;328124;3;253.29;((0, 656250), (164062, 328124, 492186));
5;0.500000000000000;492186;11;144.44;((0, 656250), (164062, 328124, 492186));
5;0.750000000000000;492186;11;211.81;((0, 656250), (164062, 328124, 492186));
5;0.875000000000000;492186;11;247.69;((0, 656250), (164062, 328124, 492186));
5;0.937500000000000;492186;11;266.31;((0, 656250), (164062, 328124, 492186));
5;0.968750000000000;492186;0;113.06;((0, 656250), (164062, 328124, 492186));
5;0.953125000000000;492186;0;112.25;((0, 656250), (164062, 328124, 492186));
5;0.945312500000000;492186;0;119.88;((0, 656250), (164062, 328124, 492186));
5;0.941406250000000;492186;10;262.99;((0, 656250), (164062, 328124, 492186));
5;0.943359375000000;492186;0;148.12;((0, 656250), (164062, 328124, 492186));
5;0.942382812500000;492186;0;160.05;((0, 656250), (164062, 328124, 492186));
5;0.941894531250000;492186;5;252.82;((0, 656250), (164062, 328124, 492186));
5;0.941650390625000;492186;7;255.69;((0, 656250), (164062, 328124, 492186));
5;0.941772460937500;492186;6;257.65;((0, 656250), (164062, 328124, 492186));
5;0.941833496093750;492186;5;255.42;((0, 656250), (164062, 328124, 492186));
5;0.941802978515625;492186;5;253.60;((0, 656250), (164062, 328124, 492186));
5;0.941787719726562;492186;5;256.23;((0, 656250), (164062, 328124, 492186));
5;0.941780090332031;492186;4;253.24;((0, 656250), (164062, 328124, 492186));
5;0.941776275634766;492186;7;256.02;((0, 656250), (164062, 328124, 492186));
5;0.941778182983398;492186;5;254.69;((0, 656250), (164062, 328124, 492186));
5;0.941777229309082;492186;4;255.96;((0, 656250), (164062, 328124, 492186));
5;0.500000000000000;82031;11;142.91;((0, 328124), (82031, 164062, 246093));
5;0.750000000000000;82031;11;212.99;((0, 328124), (82031, 164062, 246093));
5;0.875000000000000;82031;11;242.43;((0, 328124), (82031, 164062, 246093));
5;0.937500000000000;82031;11;266.63;((0, 328124), (82031, 164062, 246093));
5;0.968750000000000;82031;11;271.97;((0, 328124), (82031, 164062, 246093));
5;0.984375000000000;82031;0;110.79;((0, 328124), (82031, 164062, 246093));
5;0.976562500000000;82031;0;117.19;((0, 328124), (82031, 164062, 246093));
5;0.972656250000000;82031;1;249.85;((0, 328124), (82031, 164062, 246093));
5;0.970703125000000;82031;6;258.35;((0, 328124), (82031, 164062, 246093));
5;0.971679687500000;82031;5;264.31;((0, 328124), (82031, 164062, 246093));
5;0.971191406250000;82031;6;259.56;((0, 328124), (82031, 164062, 246093));
5;0.971435546875000;82031;5;255.95;((0, 328124), (82031, 164062, 246093));
5;0.971313476562500;82031;2;258.60;((0, 328124), (82031, 164062, 246093));
5;0.971252441406250;82031;4;253.28;((0, 328124), (82031, 164062, 246093));
5;0.971221923828125;82031;5;253.68;((0, 328124), (82031, 164062, 246093));
5;0.971206665039062;82031;5;251.81;((0, 328124), (82031, 164062, 246093));
5;0.971199035644531;82031;4;254.13;((0, 328124), (82031, 164062, 246093));
5;0.971195220947266;82031;4;258.03;((0, 328124), (82031, 164062, 246093));
5;0.971193313598633;82031;6;255.77;((0, 328124), (82031, 164062, 246093));
5;0.971194267272949;82031;6;254.60;((0, 328124), (82031, 164062, 246093));
5;0.500000000000000;246093;11;141.91;((0, 328124), (82031, 164062, 246093));
5;0.750000000000000;246093;11;211.46;((0, 328124), (82031, 164062, 246093));
5;0.875000000000000;246093;11;240.82;((0, 328124), (82031, 164062, 246093));
5;0.937500000000000;246093;11;258.89;((0, 328124), (82031, 164062, 246093));
5;0.968750000000000;246093;0;110.32;((0, 328124), (82031, 164062, 246093));
5;0.953125000000000;246093;11;261.43;((0, 328124), (82031, 164062, 246093));
5;0.960937500000000;246093;11;262.67;((0, 328124), (82031, 164062, 246093));
5;0.964843750000000;246093;0;145.72;((0, 328124), (82031, 164062, 246093));
5;0.962890625000000;246093;2;248.68;((0, 328124), (82031, 164062, 246093));
5;0.961914062500000;246093;7;255.91;((0, 328124), (82031, 164062, 246093));
5;0.962402343750000;246093;7;257.89;((0, 328124), (82031, 164062, 246093));
5;0.962646484375000;246093;4;253.34;((0, 328124), (82031, 164062, 246093));
5;0.962524414062500;246093;6;257.71;((0, 328124), (82031, 164062, 246093));
5;0.962585449218750;246093;8;257.16;((0, 328124), (82031, 164062, 246093));
5;0.962615966796875;246093;4;252.88;((0, 328124), (82031, 164062, 246093));
5;0.962600708007812;246093;6;254.68;((0, 328124), (82031, 164062, 246093));
5;0.962608337402344;246093;5;254.89;((0, 328124), (82031, 164062, 246093));
5;0.962604522705078;246093;4;251.98;((0, 328124), (82031, 164062, 246093));
5;0.962602615356445;246093;5;253.41;((0, 328124), (82031, 164062, 246093));
5;0.962601661682129;246093;4;263.20;((0, 328124), (82031, 164062, 246093));
5;0.500000000000000;41015;11;140.28;((0, 164062), (41015, 82030, 123045));
5;0.750000000000000;41015;11;204.75;((0, 164062), (41015, 82030, 123045));
5;0.875000000000000;41015;11;234.38;((0, 164062), (41015, 82030, 123045));
5;0.937500000000000;41015;11;250.49;((0, 164062), (41015, 82030, 123045));
5;0.968750000000000;41015;3;247.71;((0, 164062), (41015, 82030, 123045));
5;0.953125000000000;41015;11;254.98;((0, 164062), (41015, 82030, 123045));
5;0.960937500000000;41015;11;257.30;((0, 164062), (41015, 82030, 123045));
5;0.964843750000000;41015;10;256.09;((0, 164062), (41015, 82030, 123045));
5;0.966796875000000;41015;10;256.88;((0, 164062), (41015, 82030, 123045));
5;0.967773437500000;41015;6;252.70;((0, 164062), (41015, 82030, 123045));
5;0.968261718750000;41015;3;247.49;((0, 164062), (41015, 82030, 123045));
5;0.968017578125000;41015;3;246.30;((0, 164062), (41015, 82030, 123045));
5;0.967895507812500;41015;4;249.15;((0, 164062), (41015, 82030, 123045));
5;0.967834472656250;41015;6;252.20;((0, 164062), (41015, 82030, 123045));
5;0.967864990234375;41015;6;250.86;((0, 164062), (41015, 82030, 123045));
5;0.967880249023438;41015;3;248.28;((0, 164062), (41015, 82030, 123045));
5;0.967872619628906;41015;3;248.92;((0, 164062), (41015, 82030, 123045));
5;0.967868804931641;41015;6;252.70;((0, 164062), (41015, 82030, 123045));
5;0.967870712280273;41015;7;252.92;((0, 164062), (41015, 82030, 123045));
5;0.967871665954590;41015;6;251.16;((0, 164062), (41015, 82030, 123045));
5;0.500000000000000;82030;11;140.26;((0, 164062), (41015, 82030, 123045));
5;0.750000000000000;82030;11;204.45;((0, 164062), (41015, 82030, 123045));
5;0.875000000000000;82030;11;236.73;((0, 164062), (41015, 82030, 123045));
5;0.937500000000000;82030;11;252.75;((0, 164062), (41015, 82030, 123045));
5;0.968750000000000;82030;0;141.56;((0, 164062), (41015, 82030, 123045));
5;0.953125000000000;82030;11;256.36;((0, 164062), (41015, 82030, 123045));
5;0.960937500000000;82030;11;259.94;((0, 164062), (41015, 82030, 123045));
5;0.964843750000000;82030;6;254.19;((0, 164062), (41015, 82030, 123045));
5;0.966796875000000;82030;3;249.98;((0, 164062), (41015, 82030, 123045));
5;0.965820312500000;82030;8;258.55;((0, 164062), (41015, 82030, 123045));
5;0.966308593750000;82030;4;252.56;((0, 164062), (41015, 82030, 123045));
5;0.966064453125000;82030;6;253.35;((0, 164062), (41015, 82030, 123045));
5;0.966186523437500;82030;2;247.19;((0, 164062), (41015, 82030, 123045));
5;0.966125488281250;82030;5;251.73;((0, 164062), (41015, 82030, 123045));
5;0.966094970703125;82030;6;253.83;((0, 164062), (41015, 82030, 123045));
5;0.966110229492188;82030;6;253.12;((0, 164062), (41015, 82030, 123045));
5;0.966117858886719;82030;6;254.82;((0, 164062), (41015, 82030, 123045));
5;0.966121673583984;82030;3;250.85;((0, 164062), (41015, 82030, 123045));
5;0.966119766235352;82030;4;251.59;((0, 164062), (41015, 82030, 123045));
5;0.966118812561035;82030;5;251.08;((0, 164062), (41015, 82030, 123045));
5;0.500000000000000;123045;11;140.78;((0, 164062), (41015, 82030, 123045));
5;0.750000000000000;123045;11;207.35;((0, 164062), (41015, 82030, 123045));
5;0.875000000000000;123045;11;241.03;((0, 164062), (41015, 82030, 123045));
5;0.937500000000000;123045;11;254.54;((0, 164062), (41015, 82030, 123045));
5;0.968750000000000;123045;10;260.06;((0, 164062), (41015, 82030, 123045));
5;0.984375000000000;123045;0;110.76;((0, 164062), (41015, 82030, 123045));
5;0.976562500000000;123045;0;113.02;((0, 164062), (41015, 82030, 123045));
5;0.972656250000000;123045;0;134.43;((0, 164062), (41015, 82030, 123045));
5;0.970703125000000;123045;3;249.30;((0, 164062), (41015, 82030, 123045));
5;0.969726562500000;123045;7;257.88;((0, 164062), (41015, 82030, 123045));
5;0.970214843750000;123045;6;255.14;((0, 164062), (41015, 82030, 123045));
5;0.970458984375000;123045;5;256.83;((0, 164062), (41015, 82030, 123045));
5;0.970336914062500;123045;5;253.68;((0, 164062), (41015, 82030, 123045));
5;0.970275878906250;123045;6;254.85;((0, 164062), (41015, 82030, 123045));
5;0.970306396484375;123045;4;254.19;((0, 164062), (41015, 82030, 123045));
5;0.970291137695312;123045;7;256.85;((0, 164062), (41015, 82030, 123045));
5;0.970298767089844;123045;4;254.92;((0, 164062), (41015, 82030, 123045));
5;0.970294952392578;123045;4;254.04;((0, 164062), (41015, 82030, 123045));
5;0.970293045043945;123045;6;254.46;((0, 164062), (41015, 82030, 123045));
5;0.970293998718262;123045;6;256.37;((0, 164062), (41015, 82030, 123045));
5;0.500000000000000;102538;11;140.70;((82030, 164062), (102538, 123046, 143554));
5;0.750000000000000;102538;11;207.48;((82030, 164062), (102538, 123046, 143554));
5;0.875000000000000;102538;11;239.19;((82030, 164062), (102538, 123046, 143554));
5;0.937500000000000;102538;11;252.96;((82030, 164062), (102538, 123046, 143554));
5;0.968750000000000;102538;11;262.77;((82030, 164062), (102538, 123046, 143554));
5;0.984375000000000;102538;0;109.63;((82030, 164062), (102538, 123046, 143554));
5;0.976562500000000;102538;0;113.99;((82030, 164062), (102538, 123046, 143554));
5;0.972656250000000;102538;0;143.32;((82030, 164062), (102538, 123046, 143554));
5;0.970703125000000;102538;8;257.05;((82030, 164062), (102538, 123046, 143554));
5;0.971679687500000;102538;1;246.99;((82030, 164062), (102538, 123046, 143554));
5;0.971191406250000;102538;2;248.64;((82030, 164062), (102538, 123046, 143554));
5;0.970947265625000;102538;5;253.53;((82030, 164062), (102538, 123046, 143554));
5;0.970825195312500;102538;3;252.46;((82030, 164062), (102538, 123046, 143554));
5;0.970764160156250;102538;5;254.10;((82030, 164062), (102538, 123046, 143554));
5;0.970733642578125;102538;4;256.39;((82030, 164062), (102538, 123046, 143554));
5;0.970718383789062;102538;8;257.16;((82030, 164062), (102538, 123046, 143554));
5;0.970726013183594;102538;7;255.66;((82030, 164062), (102538, 123046, 143554));
5;0.970729827880859;102538;4;253.87;((82030, 164062), (102538, 123046, 143554));
5;0.970727920532227;102538;7;255.61;((82030, 164062), (102538, 123046, 143554));
5;0.970728874206543;102538;2;249.93;((82030, 164062), (102538, 123046, 143554));
5;0.500000000000000;123046;11;141.18;((82030, 164062), (102538, 123046, 143554));
5;0.750000000000000;123046;11;205.45;((82030, 164062), (102538, 123046, 143554));
5;0.875000000000000;123046;11;242.03;((82030, 164062), (102538, 123046, 143554));
5;0.937500000000000;123046;11;254.98;((82030, 164062), (102538, 123046, 143554));
5;0.968750000000000;123046;10;261.65;((82030, 164062), (102538, 123046, 143554));
5;0.984375000000000;123046;0;109.70;((82030, 164062), (102538, 123046, 143554));
5;0.976562500000000;123046;0;111.04;((82030, 164062), (102538, 123046, 143554));
5;0.972656250000000;123046;0;135.00;((82030, 164062), (102538, 123046, 143554));
5;0.970703125000000;123046;2;248.64;((82030, 164062), (102538, 123046, 143554));
5;0.969726562500000;123046;9;258.87;((82030, 164062), (102538, 123046, 143554));
5;0.970214843750000;123046;7;256.14;((82030, 164062), (102538, 123046, 143554));
5;0.970458984375000;123046;5;253.72;((82030, 164062), (102538, 123046, 143554));
5;0.970336914062500;123046;6;256.47;((82030, 164062), (102538, 123046, 143554));
5;0.970397949218750;123046;7;257.22;((82030, 164062), (102538, 123046, 143554));
5;0.970428466796875;123046;3;254.09;((82030, 164062), (102538, 123046, 143554));
5;0.970413208007812;123046;5;254.95;((82030, 164062), (102538, 123046, 143554));
5;0.970405578613281;123046;7;259.76;((82030, 164062), (102538, 123046, 143554));
5;0.970409393310547;123046;4;253.82;((82030, 164062), (102538, 123046, 143554));
5;0.970407485961914;123046;7;257.89;((82030, 164062), (102538, 123046, 143554));
5;0.970408439636230;123046;4;254.77;((82030, 164062), (102538, 123046, 143554));
5;0.500000000000000;143554;11;141.63;((82030, 164062), (102538, 123046, 143554));
5;0.750000000000000;143554;11;205.55;((82030, 164062), (102538, 123046, 143554));
5;0.875000000000000;143554;11;237.33;((82030, 164062), (102538, 123046, 143554));
5;0.937500000000000;143554;11;275.02;((82030, 164062), (102538, 123046, 143554));
5;0.968750000000000;143554;0;121.26;((82030, 164062), (102538, 123046, 143554));
5;0.953125000000000;143554;11;262.54;((82030, 164062), (102538, 123046, 143554));
5;0.960937500000000;143554;11;261.45;((82030, 164062), (102538, 123046, 143554));
5;0.964843750000000;143554;2;253.24;((82030, 164062), (102538, 123046, 143554));
5;0.962890625000000;143554;9;257.11;((82030, 164062), (102538, 123046, 143554));
5;0.963867187500000;143554;6;255.48;((82030, 164062), (102538, 123046, 143554));
5;0.964355468750000;143554;8;256.25;((82030, 164062), (102538, 123046, 143554));
5;0.964599609375000;143554;7;258.94;((82030, 164062), (102538, 123046, 143554));
5;0.964721679687500;143554;3;252.49;((82030, 164062), (102538, 123046, 143554));
5;0.964660644531250;143554;4;252.84;((82030, 164062), (102538, 123046, 143554));
5;0.964630126953125;143554;4;255.92;((82030, 164062), (102538, 123046, 143554));
5;0.964614868164062;143554;5;253.07;((82030, 164062), (102538, 123046, 143554));
5;0.964607238769531;143554;4;253.53;((82030, 164062), (102538, 123046, 143554));
5;0.964603424072266;143554;5;253.79;((82030, 164062), (102538, 123046, 143554));
5;0.964601516723633;143554;3;249.84;((82030, 164062), (102538, 123046, 143554));
5;0.964600563049316;143554;5;254.26;((82030, 164062), (102538, 123046, 143554));
5;0.500000000000000;92284;11;139.84;((82030, 123046), (92284, 102538, 112792));
5;0.750000000000000;92284;11;205.03;((82030, 123046), (92284, 102538, 112792));
5;0.875000000000000;92284;11;241.02;((82030, 123046), (92284, 102538, 112792));
5;0.937500000000000;92284;11;256.47;((82030, 123046), (92284, 102538, 112792));
5;0.968750000000000;92284;0;145.66;((82030, 123046), (92284, 102538, 112792));
5;0.953125000000000;92284;11;258.07;((82030, 123046), (92284, 102538, 112792));
5;0.960937500000000;92284;11;259.17;((82030, 123046), (92284, 102538, 112792));
5;0.964843750000000;92284;8;262.84;((82030, 123046), (92284, 102538, 112792));
5;0.966796875000000;92284;2;247.47;((82030, 123046), (92284, 102538, 112792));
5;0.965820312500000;92284;5;254.22;((82030, 123046), (92284, 102538, 112792));
5;0.965332031250000;92284;11;261.73;((82030, 123046), (92284, 102538, 112792));
5;0.965576171875000;92284;6;253.18;((82030, 123046), (92284, 102538, 112792));
5;0.965698242187500;92284;5;251.65;((82030, 123046), (92284, 102538, 112792));
5;0.965637207031250;92284;8;266.10;((82030, 123046), (92284, 102538, 112792));
5;0.965667724609375;92284;5;252.03;((82030, 123046), (92284, 102538, 112792));
5;0.965652465820312;92284;8;255.54;((82030, 123046), (92284, 102538, 112792));
5;0.965660095214844;92284;9;257.81;((82030, 123046), (92284, 102538, 112792));
5;0.965663909912109;92284;8;256.81;((82030, 123046), (92284, 102538, 112792));
5;0.965665817260742;92284;6;254.75;((82030, 123046), (92284, 102538, 112792));
5;0.965666770935059;92284;9;257.93;((82030, 123046), (92284, 102538, 112792));
5;0.500000000000000;112792;11;141.18;((82030, 123046), (92284, 102538, 112792));
5;0.750000000000000;112792;11;211.23;((82030, 123046), (92284, 102538, 112792));
5;0.875000000000000;112792;11;237.45;((82030, 123046), (92284, 102538, 112792));
5;0.937500000000000;112792;11;253.91;((82030, 123046), (92284, 102538, 112792));
5;0.968750000000000;112792;0;130.79;((82030, 123046), (92284, 102538, 112792));
5;0.953125000000000;112792;11;263.76;((82030, 123046), (92284, 102538, 112792));
5;0.960937500000000;112792;11;260.14;((82030, 123046), (92284, 102538, 112792));
5;0.964843750000000;112792;11;267.67;((82030, 123046), (92284, 102538, 112792));
5;0.966796875000000;112792;4;252.16;((82030, 123046), (92284, 102538, 112792));
5;0.965820312500000;112792;6;254.62;((82030, 123046), (92284, 102538, 112792));
5;0.966308593750000;112792;3;252.16;((82030, 123046), (92284, 102538, 112792));
5;0.966064453125000;112792;5;252.30;((82030, 123046), (92284, 102538, 112792));
5;0.965942382812500;112792;4;252.15;((82030, 123046), (92284, 102538, 112792));
5;0.965881347656250;112792;5;253.06;((82030, 123046), (92284, 102538, 112792));
5;0.965850830078125;112792;8;257.68;((82030, 123046), (92284, 102538, 112792));
5;0.965866088867188;112792;7;254.56;((82030, 123046), (92284, 102538, 112792));
5;0.965873718261719;112792;5;253.03;((82030, 123046), (92284, 102538, 112792));
5;0.965869903564453;112792;4;251.58;((82030, 123046), (92284, 102538, 112792));
5;0.965867996215820;112792;3;250.25;((82030, 123046), (92284, 102538, 112792));
5;0.965867042541504;112792;7;254.52;((82030, 123046), (92284, 102538, 112792));
5;0.500000000000000;97411;11;141.08;((92284, 112792), (97411, 102538, 107665));
5;0.750000000000000;97411;11;204.19;((92284, 112792), (97411, 102538, 107665));
5;0.875000000000000;97411;11;238.67;((92284, 112792), (97411, 102538, 107665));
5;0.937500000000000;97411;11;254.53;((92284, 112792), (97411, 102538, 107665));
5;0.968750000000000;97411;11;264.87;((92284, 112792), (97411, 102538, 107665));
5;0.984375000000000;97411;0;110.92;((92284, 112792), (97411, 102538, 107665));
5;0.976562500000000;97411;0;114.71;((92284, 112792), (97411, 102538, 107665));
5;0.972656250000000;97411;0;171.60;((92284, 112792), (97411, 102538, 107665));
5;0.970703125000000;97411;7;258.51;((92284, 112792), (97411, 102538, 107665));
5;0.971679687500000;97411;5;253.29;((92284, 112792), (97411, 102538, 107665));
5;0.971191406250000;97411;6;263.41;((92284, 112792), (97411, 102538, 107665));
5;0.971435546875000;97411;3;251.38;((92284, 112792), (97411, 102538, 107665));
5;0.971313476562500;97411;3;251.70;((92284, 112792), (97411, 102538, 107665));
5;0.971252441406250;97411;4;251.57;((92284, 112792), (97411, 102538, 107665));
5;0.971221923828125;97411;5;254.84;((92284, 112792), (97411, 102538, 107665));
5;0.971206665039062;97411;4;258.53;((92284, 112792), (97411, 102538, 107665));
5;0.971199035644531;97411;2;249.92;((92284, 112792), (97411, 102538, 107665));
5;0.971195220947266;97411;5;253.18;((92284, 112792), (97411, 102538, 107665));
5;0.971193313598633;97411;4;255.89;((92284, 112792), (97411, 102538, 107665));
5;0.971192359924316;97411;1;246.38;((92284, 112792), (97411, 102538, 107665));
5;0.500000000000000;107665;11;140.37;((92284, 112792), (97411, 102538, 107665));
5;0.750000000000000;107665;11;206.20;((92284, 112792), (97411, 102538, 107665));
5;0.875000000000000;107665;11;238.59;((92284, 112792), (97411, 102538, 107665));
5;0.937500000000000;107665;11;253.92;((92284, 112792), (97411, 102538, 107665));
5;0.968750000000000;107665;10;264.22;((92284, 112792), (97411, 102538, 107665));
5;0.984375000000000;107665;0;116.69;((92284, 112792), (97411, 102538, 107665));
5;0.976562500000000;107665;0;118.15;((92284, 112792), (97411, 102538, 107665));
5;0.972656250000000;107665;0;159.67;((92284, 112792), (97411, 102538, 107665));
5;0.970703125000000;107665;6;262.13;((92284, 112792), (97411, 102538, 107665));
5;0.971679687500000;107665;3;254.63;((92284, 112792), (97411, 102538, 107665));
5;0.971191406250000;107665;3;253.54;((92284, 112792), (97411, 102538, 107665));
5;0.970947265625000;107665;3;251.81;((92284, 112792), (97411, 102538, 107665));
5;0.970825195312500;107665;6;256.44;((92284, 112792), (97411, 102538, 107665));
5;0.970886230468750;107665;4;252.73;((92284, 112792), (97411, 102538, 107665));
5;0.970855712890625;107665;4;253.71;((92284, 112792), (97411, 102538, 107665));
5;0.970840454101562;107665;4;255.01;((92284, 112792), (97411, 102538, 107665));
5;0.970832824707031;107665;4;253.57;((92284, 112792), (97411, 102538, 107665));
5;0.970829010009766;107665;4;251.57;((92284, 112792), (97411, 102538, 107665));
5;0.970827102661133;107665;8;257.87;((92284, 112792), (97411, 102538, 107665));
5;0.970828056335449;107665;4;253.96;((92284, 112792), (97411, 102538, 107665));
5;0.500000000000000;94847;11;148.00;((92284, 102538), (94847, 97410, 99973));
5;0.750000000000000;94847;11;215.62;((92284, 102538), (94847, 97410, 99973));
5;0.875000000000000;94847;11;237.60;((92284, 102538), (94847, 97410, 99973));
5;0.937500000000000;94847;11;253.96;((92284, 102538), (94847, 97410, 99973));
5;0.968750000000000;94847;10;258.93;((92284, 102538), (94847, 97410, 99973));
5;0.984375000000000;94847;0;110.00;((92284, 102538), (94847, 97410, 99973));
5;0.976562500000000;94847;0;113.76;((92284, 102538), (94847, 97410, 99973));
5;0.972656250000000;94847;0;164.09;((92284, 102538), (94847, 97410, 99973));
5;0.970703125000000;94847;8;257.83;((92284, 102538), (94847, 97410, 99973));
5;0.971679687500000;94847;3;251.89;((92284, 102538), (94847, 97410, 99973));
5;0.971191406250000;94847;1;247.54;((92284, 102538), (94847, 97410, 99973));
5;0.970947265625000;94847;2;247.53;((92284, 102538), (94847, 97410, 99973));
5;0.970825195312500;94847;8;255.47;((92284, 102538), (94847, 97410, 99973));
5;0.970886230468750;94847;7;256.58;((92284, 102538), (94847, 97410, 99973));
5;0.970916748046875;94847;7;255.06;((92284, 102538), (94847, 97410, 99973));
5;0.970932006835938;94847;7;255.38;((92284, 102538), (94847, 97410, 99973));
5;0.970939636230469;94847;5;260.01;((92284, 102538), (94847, 97410, 99973));
5;0.970935821533203;94847;10;268.89;((92284, 102538), (94847, 97410, 99973));
5;0.970937728881836;94847;6;256.31;((92284, 102538), (94847, 97410, 99973));
5;0.970938682556152;94847;4;251.16;((92284, 102538), (94847, 97410, 99973));
5;0.500000000000000;97410;11;140.72;((92284, 102538), (94847, 97410, 99973));
5;0.750000000000000;97410;11;205.94;((92284, 102538), (94847, 97410, 99973));
5;0.875000000000000;97410;11;237.96;((92284, 102538), (94847, 97410, 99973));
5;0.937500000000000;97410;11;253.75;((92284, 102538), (94847, 97410, 99973));
5;0.968750000000000;97410;0;124.48;((92284, 102538), (94847, 97410, 99973));
5;0.953125000000000;97410;11;257.57;((92284, 102538), (94847, 97410, 99973));
5;0.960937500000000;97410;11;259.25;((92284, 102538), (94847, 97410, 99973));
5;0.964843750000000;97410;10;259.34;((92284, 102538), (94847, 97410, 99973));
5;0.966796875000000;97410;3;249.13;((92284, 102538), (94847, 97410, 99973));
5;0.965820312500000;97410;5;254.81;((92284, 102538), (94847, 97410, 99973));
5;0.965332031250000;97410;11;260.68;((92284, 102538), (94847, 97410, 99973));
5;0.965576171875000;97410;9;257.23;((92284, 102538), (94847, 97410, 99973));
5;0.965698242187500;97410;6;264.58;((92284, 102538), (94847, 97410, 99973));
5;0.965759277343750;97410;6;256.44;((92284, 102538), (94847, 97410, 99973));
5;0.965789794921875;97410;6;254.64;((92284, 102538), (94847, 97410, 99973));
5;0.965805053710938;97410;7;253.67;((92284, 102538), (94847, 97410, 99973));
5;0.965812683105469;97410;7;257.05;((92284, 102538), (94847, 97410, 99973));
5;0.965816497802734;97410;6;255.04;((92284, 102538), (94847, 97410, 99973));
5;0.965818405151367;97410;8;254.92;((92284, 102538), (94847, 97410, 99973));
5;0.965819358825684;97410;6;255.60;((92284, 102538), (94847, 97410, 99973));
5;0.500000000000000;99973;11;141.26;((92284, 102538), (94847, 97410, 99973));
5;0.750000000000000;99973;11;204.79;((92284, 102538), (94847, 97410, 99973));
5;0.875000000000000;99973;11;237.26;((92284, 102538), (94847, 97410, 99973));
5;0.937500000000000;99973;11;256.01;((92284, 102538), (94847, 97410, 99973));
5;0.968750000000000;99973;11;262.35;((92284, 102538), (94847, 97410, 99973));
5;0.984375000000000;99973;0;109.67;((92284, 102538), (94847, 97410, 99973));
5;0.976562500000000;99973;0;115.04;((92284, 102538), (94847, 97410, 99973));
5;0.972656250000000;99973;0;167.54;((92284, 102538), (94847, 97410, 99973));
5;0.970703125000000;99973;6;265.00;((92284, 102538), (94847, 97410, 99973));
5;0.971679687500000;99973;0;170.06;((92284, 102538), (94847, 97410, 99973));
5;0.971191406250000;99973;5;253.70;((92284, 102538), (94847, 97410, 99973));
5;0.970947265625000;99973;7;256.72;((92284, 102538), (94847, 97410, 99973));
5;0.971069335937500;99973;5;253.27;((92284, 102538), (94847, 97410, 99973));
5;0.971008300781250;99973;5;254.30;((92284, 102538), (94847, 97410, 99973));
5;0.970977783203125;99973;2;248.23;((92284, 102538), (94847, 97410, 99973));
5;0.970962524414062;99973;4;253.74;((92284, 102538), (94847, 97410, 99973));
5;0.970954895019531;99973;6;255.90;((92284, 102538), (94847, 97410, 99973));
5;0.970958709716797;99973;7;256.53;((92284, 102538), (94847, 97410, 99973));
5;0.970960617065430;99973;3;249.29;((92284, 102538), (94847, 97410, 99973));
5;0.970959663391113;99973;5;254.29;((92284, 102538), (94847, 97410, 99973));
5;0.500000000000000;98692;11;140.74;((97410, 102538), (98692, 99974, 101256));
5;0.750000000000000;98692;11;205.14;((97410, 102538), (98692, 99974, 101256));
5;0.875000000000000;98692;11;241.75;((97410, 102538), (98692, 99974, 101256));
5;0.937500000000000;98692;11;272.00;((97410, 102538), (98692, 99974, 101256));
5;0.968750000000000;98692;0;149.16;((97410, 102538), (98692, 99974, 101256));
5;0.953125000000000;98692;11;258.10;((97410, 102538), (98692, 99974, 101256));
5;0.960937500000000;98692;11;261.77;((97410, 102538), (98692, 99974, 101256));
5;0.964843750000000;98692;8;258.13;((97410, 102538), (98692, 99974, 101256));
5;0.966796875000000;98692;1;247.98;((97410, 102538), (98692, 99974, 101256));
5;0.965820312500000;98692;7;255.51;((97410, 102538), (98692, 99974, 101256));
5;0.966308593750000;98692;6;252.69;((97410, 102538), (98692, 99974, 101256));
5;0.966552734375000;98692;3;250.14;((97410, 102538), (98692, 99974, 101256));
5;0.966430664062500;98692;2;250.15;((97410, 102538), (98692, 99974, 101256));
5;0.966369628906250;98692;2;248.50;((97410, 102538), (98692, 99974, 101256));
5;0.966339111328125;98692;7;255.92;((97410, 102538), (98692, 99974, 101256));
5;0.966354370117188;98692;3;250.38;((97410, 102538), (98692, 99974, 101256));
5;0.966346740722656;98692;6;254.04;((97410, 102538), (98692, 99974, 101256));
5;0.966350555419922;98692;5;253.99;((97410, 102538), (98692, 99974, 101256));
5;0.966348648071289;98692;5;253.50;((97410, 102538), (98692, 99974, 101256));
5;0.966347694396973;98692;5;253.44;((97410, 102538), (98692, 99974, 101256));
5;0.500000000000000;99974;11;143.52;((97410, 102538), (98692, 99974, 101256));
5;0.750000000000000;99974;11;205.22;((97410, 102538), (98692, 99974, 101256));
5;0.875000000000000;99974;11;238.96;((97410, 102538), (98692, 99974, 101256));
5;0.937500000000000;99974;11;261.96;((97410, 102538), (98692, 99974, 101256));
5;0.968750000000000;99974;0;129.78;((97410, 102538), (98692, 99974, 101256));
5;0.953125000000000;99974;11;259.63;((97410, 102538), (98692, 99974, 101256));
5;0.960937500000000;99974;11;260.54;((97410, 102538), (98692, 99974, 101256));
5;0.964843750000000;99974;8;257.77;((97410, 102538), (98692, 99974, 101256));
5;0.966796875000000;99974;3;248.57;((97410, 102538), (98692, 99974, 101256));
5;0.965820312500000;99974;3;251.87;((97410, 102538), (98692, 99974, 101256));
5;0.965332031250000;99974;10;258.30;((97410, 102538), (98692, 99974, 101256));
5;0.965576171875000;99974;7;255.48;((97410, 102538), (98692, 99974, 101256));
5;0.965698242187500;99974;5;266.08;((97410, 102538), (98692, 99974, 101256));
5;0.965637207031250;99974;4;264.50;((97410, 102538), (98692, 99974, 101256));
5;0.965606689453125;99974;5;252.19;((97410, 102538), (98692, 99974, 101256));
5;0.965591430664062;99974;5;252.39;((97410, 102538), (98692, 99974, 101256));
5;0.965583801269531;99974;6;254.09;((97410, 102538), (98692, 99974, 101256));
5;0.965587615966797;99974;9;257.38;((97410, 102538), (98692, 99974, 101256));
5;0.965589523315430;99974;10;260.07;((97410, 102538), (98692, 99974, 101256));
5;0.965590476989746;99974;5;253.19;((97410, 102538), (98692, 99974, 101256));
5;0.500000000000000;101256;11;141.87;((97410, 102538), (98692, 99974, 101256));
5;0.750000000000000;101256;11;206.15;((97410, 102538), (98692, 99974, 101256));
5;0.875000000000000;101256;11;244.22;((97410, 102538), (98692, 99974, 101256));
5;0.937500000000000;101256;11;254.35;((97410, 102538), (98692, 99974, 101256));
5;0.968750000000000;101256;11;263.55;((97410, 102538), (98692, 99974, 101256));
5;0.984375000000000;101256;0;110.74;((97410, 102538), (98692, 99974, 101256));
5;0.976562500000000;101256;0;117.86;((97410, 102538), (98692, 99974, 101256));
5;0.972656250000000;101256;0;161.81;((97410, 102538), (98692, 99974, 101256));
5;0.970703125000000;101256;4;259.64;((97410, 102538), (98692, 99974, 101256));
5;0.969726562500000;101256;7;271.26;((97410, 102538), (98692, 99974, 101256));
5;0.970214843750000;101256;8;258.28;((97410, 102538), (98692, 99974, 101256));
5;0.970458984375000;101256;6;257.03;((97410, 102538), (98692, 99974, 101256));
5;0.970581054687500;101256;6;256.24;((97410, 102538), (98692, 99974, 101256));
5;0.970642089843750;101256;8;262.25;((97410, 102538), (98692, 99974, 101256));
5;0.970672607421875;101256;8;258.18;((97410, 102538), (98692, 99974, 101256));
5;0.970687866210938;101256;5;255.85;((97410, 102538), (98692, 99974, 101256));
5;0.970680236816406;101256;6;255.44;((97410, 102538), (98692, 99974, 101256));
5;0.970684051513672;101256;8;258.01;((97410, 102538), (98692, 99974, 101256));
5;0.970685958862305;101256;6;255.36;((97410, 102538), (98692, 99974, 101256));
5;0.970686912536621;101256;9;258.81;((97410, 102538), (98692, 99974, 101256));
5;0.500000000000000;100615;11;141.74;((99974, 102538), (100615, 101256, 101897));
5;0.750000000000000;100615;11;205.76;((99974, 102538), (100615, 101256, 101897));
5;0.875000000000000;100615;11;236.79;((99974, 102538), (100615, 101256, 101897));
5;0.937500000000000;100615;11;265.64;((99974, 102538), (100615, 101256, 101897));
5;0.968750000000000;100615;11;279.10;((99974, 102538), (100615, 101256, 101897));
5;0.984375000000000;100615;0;110.11;((99974, 102538), (100615, 101256, 101897));
5;0.976562500000000;100615;0;113.35;((99974, 102538), (100615, 101256, 101897));
5;0.972656250000000;100615;0;147.80;((99974, 102538), (100615, 101256, 101897));
5;0.970703125000000;100615;5;253.17;((99974, 102538), (100615, 101256, 101897));
5;0.969726562500000;100615;10;264.45;((99974, 102538), (100615, 101256, 101897));
5;0.970214843750000;100615;9;257.98;((99974, 102538), (100615, 101256, 101897));
5;0.970458984375000;100615;8;257.46;((99974, 102538), (100615, 101256, 101897));
5;0.970581054687500;100615;8;258.55;((99974, 102538), (100615, 101256, 101897));
5;0.970642089843750;100615;7;258.71;((99974, 102538), (100615, 101256, 101897));
5;0.970672607421875;100615;8;257.47;((99974, 102538), (100615, 101256, 101897));
5;0.970687866210938;100615;10;261.15;((99974, 102538), (100615, 101256, 101897));
5;0.970695495605469;100615;10;260.20;((99974, 102538), (100615, 101256, 101897));
5;0.970699310302734;100615;6;259.63;((99974, 102538), (100615, 101256, 101897));
5;0.970701217651367;100615;4;253.25;((99974, 102538), (100615, 101256, 101897));
5;0.970700263977051;100615;7;268.82;((99974, 102538), (100615, 101256, 101897));
5;0.500000000000000;101897;11;148.50;((99974, 102538), (100615, 101256, 101897));
5;0.750000000000000;101897;11;205.81;((99974, 102538), (100615, 101256, 101897));
5;0.875000000000000;101897;11;239.30;((99974, 102538), (100615, 101256, 101897));
5;0.937500000000000;101897;11;254.61;((99974, 102538), (100615, 101256, 101897));
5;0.968750000000000;101897;10;263.59;((99974, 102538), (100615, 101256, 101897));
5;0.984375000000000;101897;0;109.61;((99974, 102538), (100615, 101256, 101897));
5;0.976562500000000;101897;0;117.17;((99974, 102538), (100615, 101256, 101897));
5;0.972656250000000;101897;0;158.83;((99974, 102538), (100615, 101256, 101897));
5;0.970703125000000;101897;7;255.87;((99974, 102538), (100615, 101256, 101897));
5;0.971679687500000;101897;3;250.94;((99974, 102538), (100615, 101256, 101897));
5;0.971191406250000;101897;5;253.42;((99974, 102538), (100615, 101256, 101897));
5;0.970947265625000;101897;6;255.38;((99974, 102538), (100615, 101256, 101897));
5;0.971069335937500;101897;5;255.05;((99974, 102538), (100615, 101256, 101897));
5;0.971008300781250;101897;7;256.27;((99974, 102538), (100615, 101256, 101897));
5;0.971038818359375;101897;2;257.08;((99974, 102538), (100615, 101256, 101897));
5;0.971023559570312;101897;6;270.97;((99974, 102538), (100615, 101256, 101897));
5;0.971031188964844;101897;3;268.03;((99974, 102538), (100615, 101256, 101897));
5;0.971027374267578;101897;6;267.78;((99974, 102538), (100615, 101256, 101897));
5;0.971029281616211;101897;6;260.40;((99974, 102538), (100615, 101256, 101897));
5;0.971030235290527;101897;4;265.32;((99974, 102538), (100615, 101256, 101897));
5;0.500000000000000;101576;11;146.72;((101256, 102538), (101576, 101896, 102216));
5;0.750000000000000;101576;11;213.59;((101256, 102538), (101576, 101896, 102216));
5;0.875000000000000;101576;11;247.40;((101256, 102538), (101576, 101896, 102216));
5;0.937500000000000;101576;11;265.79;((101256, 102538), (101576, 101896, 102216));
5;0.968750000000000;101576;11;272.75;((101256, 102538), (101576, 101896, 102216));
5;0.984375000000000;101576;0;113.92;((101256, 102538), (101576, 101896, 102216));
5;0.976562500000000;101576;0;118.29;((101256, 102538), (101576, 101896, 102216));
5;0.972656250000000;101576;0;153.58;((101256, 102538), (101576, 101896, 102216));
5;0.970703125000000;101576;6;262.42;((101256, 102538), (101576, 101896, 102216));
5;0.971679687500000;101576;3;260.96;((101256, 102538), (101576, 101896, 102216));
5;0.971191406250000;101576;5;260.71;((101256, 102538), (101576, 101896, 102216));
5;0.970947265625000;101576;4;261.88;((101256, 102538), (101576, 101896, 102216));
5;0.970825195312500;101576;5;258.83;((101256, 102538), (101576, 101896, 102216));
5;0.970764160156250;101576;7;263.83;((101256, 102538), (101576, 101896, 102216));
5;0.970794677734375;101576;5;261.28;((101256, 102538), (101576, 101896, 102216));
5;0.970779418945312;101576;7;262.81;((101256, 102538), (101576, 101896, 102216));
5;0.970787048339844;101576;7;266.39;((101256, 102538), (101576, 101896, 102216));
5;0.970790863037109;101576;4;256.96;((101256, 102538), (101576, 101896, 102216));
5;0.970788955688477;101576;5;266.43;((101256, 102538), (101576, 101896, 102216));
5;0.970788002014160;101576;7;264.58;((101256, 102538), (101576, 101896, 102216));
5;0.500000000000000;101896;11;146.67;((101256, 102538), (101576, 101896, 102216));
5;0.750000000000000;101896;11;218.52;((101256, 102538), (101576, 101896, 102216));
5;0.875000000000000;101896;11;246.91;((101256, 102538), (101576, 101896, 102216));
5;0.937500000000000;101896;11;266.63;((101256, 102538), (101576, 101896, 102216));
5;0.968750000000000;101896;11;272.25;((101256, 102538), (101576, 101896, 102216));
5;0.984375000000000;101896;0;113.46;((101256, 102538), (101576, 101896, 102216));
5;0.976562500000000;101896;0;119.68;((101256, 102538), (101576, 101896, 102216));
5;0.972656250000000;101896;0;174.33;((101256, 102538), (101576, 101896, 102216));
5;0.970703125000000;101896;8;263.59;((101256, 102538), (101576, 101896, 102216));
5;0.971679687500000;101896;2;250.86;((101256, 102538), (101576, 101896, 102216));
5;0.971191406250000;101896;2;254.98;((101256, 102538), (101576, 101896, 102216));
5;0.970947265625000;101896;5;265.03;((101256, 102538), (101576, 101896, 102216));
5;0.970825195312500;101896;5;269.53;((101256, 102538), (101576, 101896, 102216));
5;0.970764160156250;101896;3;261.83;((101256, 102538), (101576, 101896, 102216));
5;0.970733642578125;101896;4;258.53;((101256, 102538), (101576, 101896, 102216));
5;0.970718383789062;101896;4;258.53;((101256, 102538), (101576, 101896, 102216));
5;0.970710754394531;101896;6;259.05;((101256, 102538), (101576, 101896, 102216));
5;0.970714569091797;101896;3;258.03;((101256, 102538), (101576, 101896, 102216));
5;0.970712661743164;101896;7;261.00;((101256, 102538), (101576, 101896, 102216));
5;0.970713615417480;101896;7;261.88;((101256, 102538), (101576, 101896, 102216));
5;0.500000000000000;102216;11;150.07;((101256, 102538), (101576, 101896, 102216));
5;0.750000000000000;102216;11;214.71;((101256, 102538), (101576, 101896, 102216));
5;0.875000000000000;102216;11;248.85;((101256, 102538), (101576, 101896, 102216));
5;0.937500000000000;102216;11;271.18;((101256, 102538), (101576, 101896, 102216));
5;0.968750000000000;102216;10;270.80;((101256, 102538), (101576, 101896, 102216));
5;0.984375000000000;102216;0;116.87;((101256, 102538), (101576, 101896, 102216));
5;0.976562500000000;102216;0;120.86;((101256, 102538), (101576, 101896, 102216));
5;0.972656250000000;102216;0;181.72;((101256, 102538), (101576, 101896, 102216));
5;0.970703125000000;102216;8;270.98;((101256, 102538), (101576, 101896, 102216));
5;0.971679687500000;102216;4;310.29;((101256, 102538), (101576, 101896, 102216));
5;0.971191406250000;102216;6;261.63;((101256, 102538), (101576, 101896, 102216));
5;0.971435546875000;102216;5;262.67;((101256, 102538), (101576, 101896, 102216));
5;0.971313476562500;102216;4;261.96;((101256, 102538), (101576, 101896, 102216));
5;0.971252441406250;102216;3;257.33;((101256, 102538), (101576, 101896, 102216));
5;0.971221923828125;102216;3;264.48;((101256, 102538), (101576, 101896, 102216));
5;0.971206665039062;102216;1;257.82;((101256, 102538), (101576, 101896, 102216));
5;0.971199035644531;102216;5;267.25;((101256, 102538), (101576, 101896, 102216));
5;0.971195220947266;102216;9;264.50;((101256, 102538), (101576, 101896, 102216));
5;0.971197128295898;102216;4;263.42;((101256, 102538), (101576, 101896, 102216));
5;0.971196174621582;102216;4;260.15;((101256, 102538), (101576, 101896, 102216));
5;0.500000000000000;102056;11;146.14;((101896, 102538), (102056, 102216, 102376));
5;0.750000000000000;102056;11;214.82;((101896, 102538), (102056, 102216, 102376));
5;0.875000000000000;102056;11;245.84;((101896, 102538), (102056, 102216, 102376));
5;0.937500000000000;102056;11;327.19;((101896, 102538), (102056, 102216, 102376));
5;0.968750000000000;102056;10;268.46;((101896, 102538), (102056, 102216, 102376));
5;0.984375000000000;102056;0;112.35;((101896, 102538), (102056, 102216, 102376));
5;0.976562500000000;102056;0;115.76;((101896, 102538), (102056, 102216, 102376));
5;0.972656250000000;102056;0;169.49;((101896, 102538), (102056, 102216, 102376));
5;0.970703125000000;102056;8;263.49;((101896, 102538), (102056, 102216, 102376));
5;0.971679687500000;102056;3;258.18;((101896, 102538), (102056, 102216, 102376));
5;0.971191406250000;102056;3;262.00;((101896, 102538), (102056, 102216, 102376));
5;0.970947265625000;102056;5;259.81;((101896, 102538), (102056, 102216, 102376));
5;0.970825195312500;102056;5;267.49;((101896, 102538), (102056, 102216, 102376));
5;0.970764160156250;102056;6;267.08;((101896, 102538), (102056, 102216, 102376));
5;0.970794677734375;102056;3;260.69;((101896, 102538), (102056, 102216, 102376));
5;0.970779418945312;102056;5;260.97;((101896, 102538), (102056, 102216, 102376));
5;0.970771789550781;102056;7;293.53;((101896, 102538), (102056, 102216, 102376));
5;0.970775604248047;102056;6;268.66;((101896, 102538), (102056, 102216, 102376));
5;0.970777511596680;102056;4;262.86;((101896, 102538), (102056, 102216, 102376));
5;0.970776557922363;102056;5;265.71;((101896, 102538), (102056, 102216, 102376));
5;0.500000000000000;102376;11;147.30;((101896, 102538), (102056, 102216, 102376));
5;0.750000000000000;102376;11;251.97;((101896, 102538), (102056, 102216, 102376));
5;0.875000000000000;102376;11;252.46;((101896, 102538), (102056, 102216, 102376));
5;0.937500000000000;102376;11;265.80;((101896, 102538), (102056, 102216, 102376));
5;0.968750000000000;102376;11;274.06;((101896, 102538), (102056, 102216, 102376));
5;0.984375000000000;102376;0;113.56;((101896, 102538), (102056, 102216, 102376));
5;0.976562500000000;102376;0;128.78;((101896, 102538), (102056, 102216, 102376));
5;0.972656250000000;102376;0;191.02;((101896, 102538), (102056, 102216, 102376));
5;0.970703125000000;102376;4;276.71;((101896, 102538), (102056, 102216, 102376));
5;0.969726562500000;102376;10;285.89;((101896, 102538), (102056, 102216, 102376));
5;0.970214843750000;102376;7;278.84;((101896, 102538), (102056, 102216, 102376));
5;0.970458984375000;102376;5;272.38;((101896, 102538), (102056, 102216, 102376));
5;0.970336914062500;102376;8;279.96;((101896, 102538), (102056, 102216, 102376));
5;0.970397949218750;102376;8;282.59;((101896, 102538), (102056, 102216, 102376));
5;0.970428466796875;102376;8;280.07;((101896, 102538), (102056, 102216, 102376));
5;0.970443725585938;102376;6;284.70;((101896, 102538), (102056, 102216, 102376));
5;0.970451354980469;102376;8;283.80;((101896, 102538), (102056, 102216, 102376));
5;0.970455169677734;102376;9;277.76;((101896, 102538), (102056, 102216, 102376));
5;0.970457077026367;102376;8;288.31;((101896, 102538), (102056, 102216, 102376));
5;0.970458030700684;102376;7;281.58;((101896, 102538), (102056, 102216, 102376));
5;0.500000000000000;102136;11;163.38;((102056, 102376), (102136, 102216, 102296));
5;0.750000000000000;102136;11;229.28;((102056, 102376), (102136, 102216, 102296));
5;0.875000000000000;102136;11;265.65;((102056, 102376), (102136, 102216, 102296));
5;0.937500000000000;102136;11;282.39;((102056, 102376), (102136, 102216, 102296));
5;0.968750000000000;102136;10;283.35;((102056, 102376), (102136, 102216, 102296));
5;0.984375000000000;102136;0;123.02;((102056, 102376), (102136, 102216, 102296));
5;0.976562500000000;102136;0;144.56;((102056, 102376), (102136, 102216, 102296));
5;0.972656250000000;102136;0;173.11;((102056, 102376), (102136, 102216, 102296));
5;0.970703125000000;102136;8;284.02;((102056, 102376), (102136, 102216, 102296));
5;0.971679687500000;102136;2;276.35;((102056, 102376), (102136, 102216, 102296));
5;0.971191406250000;102136;5;286.86;((102056, 102376), (102136, 102216, 102296));
5;0.970947265625000;102136;4;305.31;((102056, 102376), (102136, 102216, 102296));
5;0.970825195312500;102136;8;287.39;((102056, 102376), (102136, 102216, 102296));
5;0.970886230468750;102136;5;277.80;((102056, 102376), (102136, 102216, 102296));
5;0.970855712890625;102136;3;319.69;((102056, 102376), (102136, 102216, 102296));
5;0.970840454101562;102136;6;291.82;((102056, 102376), (102136, 102216, 102296));
5;0.970848083496094;102136;6;283.31;((102056, 102376), (102136, 102216, 102296));
5;0.970851898193359;102136;6;280.05;((102056, 102376), (102136, 102216, 102296));
5;0.970853805541992;102136;4;284.16;((102056, 102376), (102136, 102216, 102296));
5;0.970852851867676;102136;6;289.25;((102056, 102376), (102136, 102216, 102296));
5;0.500000000000000;102296;11;175.59;((102056, 102376), (102136, 102216, 102296));
5;0.750000000000000;102296;11;236.84;((102056, 102376), (102136, 102216, 102296));
5;0.875000000000000;102296;11;270.98;((102056, 102376), (102136, 102216, 102296));
5;0.937500000000000;102296;11;290.34;((102056, 102376), (102136, 102216, 102296));
5;0.968750000000000;102296;9;316.69;((102056, 102376), (102136, 102216, 102296));
5;0.984375000000000;102296;0;146.00;((102056, 102376), (102136, 102216, 102296));
5;0.976562500000000;102296;0;144.31;((102056, 102376), (102136, 102216, 102296));
5;0.972656250000000;102296;0;198.34;((102056, 102376), (102136, 102216, 102296));
5;0.970703125000000;102296;4;328.75;((102056, 102376), (102136, 102216, 102296));
5;0.969726562500000;102296;11;356.81;((102056, 102376), (102136, 102216, 102296));
5;0.970214843750000;102296;8;329.15;((102056, 102376), (102136, 102216, 102296));
5;0.970458984375000;102296;8;306.29;((102056, 102376), (102136, 102216, 102296));
5;0.970581054687500;102296;7;282.87;((102056, 102376), (102136, 102216, 102296));
5;0.970642089843750;102296;5;267.31;((102056, 102376), (102136, 102216, 102296));
5;0.970611572265625;102296;4;268.36;((102056, 102376), (102136, 102216, 102296));
5;0.970596313476562;102296;9;273.55;((102056, 102376), (102136, 102216, 102296));
5;0.970603942871094;102296;6;271.84;((102056, 102376), (102136, 102216, 102296));
5;0.970607757568359;102296;8;274.57;((102056, 102376), (102136, 102216, 102296));
5;0.970609664916992;102296;4;273.07;((102056, 102376), (102136, 102216, 102296));
5;0.970608711242676;102296;7;280.70;((102056, 102376), (102136, 102216, 102296));
5;0.500000000000000;102176;11;172.83;((102136, 102296), (102176, 102216, 102256));
5;0.750000000000000;102176;11;214.00;((102136, 102296), (102176, 102216, 102256));
5;0.875000000000000;102176;11;268.84;((102136, 102296), (102176, 102216, 102256));
5;0.937500000000000;102176;11;257.79;((102136, 102296), (102176, 102216, 102256));
5;0.968750000000000;102176;11;265.49;((102136, 102296), (102176, 102216, 102256));
5;0.984375000000000;102176;0;111.06;((102136, 102296), (102176, 102216, 102256));
5;0.976562500000000;102176;0;120.28;((102136, 102296), (102176, 102216, 102256));
5;0.972656250000000;102176;0;157.98;((102136, 102296), (102176, 102216, 102256));
5;0.970703125000000;102176;9;263.01;((102136, 102296), (102176, 102216, 102256));
5;0.971679687500000;102176;0;179.37;((102136, 102296), (102176, 102216, 102256));
5;0.971191406250000;102176;6;257.74;((102136, 102296), (102176, 102216, 102256));
5;0.971435546875000;102176;2;254.12;((102136, 102296), (102176, 102216, 102256));
5;0.971313476562500;102176;2;253.76;((102136, 102296), (102176, 102216, 102256));
5;0.971252441406250;102176;4;256.32;((102136, 102296), (102176, 102216, 102256));
5;0.971221923828125;102176;7;257.78;((102136, 102296), (102176, 102216, 102256));
5;0.971237182617188;102176;3;254.56;((102136, 102296), (102176, 102216, 102256));
5;0.971229553222656;102176;6;258.09;((102136, 102296), (102176, 102216, 102256));
5;0.971233367919922;102176;3;259.66;((102136, 102296), (102176, 102216, 102256));
5;0.971231460571289;102176;4;268.84;((102136, 102296), (102176, 102216, 102256));
5;0.971230506896973;102176;5;255.67;((102136, 102296), (102176, 102216, 102256));
5;0.500000000000000;102256;11;143.38;((102136, 102296), (102176, 102216, 102256));
5;0.750000000000000;102256;11;207.79;((102136, 102296), (102176, 102216, 102256));
5;0.875000000000000;102256;11;241.87;((102136, 102296), (102176, 102216, 102256));
5;0.937500000000000;102256;11;256.16;((102136, 102296), (102176, 102216, 102256));
5;0.968750000000000;102256;11;265.65;((102136, 102296), (102176, 102216, 102256));
5;0.984375000000000;102256;0;111.47;((102136, 102296), (102176, 102216, 102256));
5;0.976562500000000;102256;0;113.51;((102136, 102296), (102176, 102216, 102256));
5;0.972656250000000;102256;1;248.42;((102136, 102296), (102176, 102216, 102256));
5;0.970703125000000;102256;5;256.25;((102136, 102296), (102176, 102216, 102256));
5;0.969726562500000;102256;9;263.55;((102136, 102296), (102176, 102216, 102256));
5;0.970214843750000;102256;8;261.61;((102136, 102296), (102176, 102216, 102256));
5;0.970458984375000;102256;6;258.91;((102136, 102296), (102176, 102216, 102256));
5;0.970581054687500;102256;9;262.02;((102136, 102296), (102176, 102216, 102256));
5;0.970642089843750;102256;5;264.85;((102136, 102296), (102176, 102216, 102256));
5;0.970611572265625;102256;7;267.38;((102136, 102296), (102176, 102216, 102256));
5;0.970626831054688;102256;7;258.84;((102136, 102296), (102176, 102216, 102256));
5;0.970634460449219;102256;5;259.08;((102136, 102296), (102176, 102216, 102256));
5;0.970630645751953;102256;7;259.58;((102136, 102296), (102176, 102216, 102256));
5;0.970632553100586;102256;6;258.02;((102136, 102296), (102176, 102216, 102256));
5;0.970633506774902;102256;4;255.25;((102136, 102296), (102176, 102216, 102256));
5;0.500000000000000;102156;11;143.90;((102136, 102216), (102156, 102176, 102196));
5;0.750000000000000;102156;11;208.32;((102136, 102216), (102156, 102176, 102196));
5;0.875000000000000;102156;11;242.64;((102136, 102216), (102156, 102176, 102196));
5;0.937500000000000;102156;11;259.02;((102136, 102216), (102156, 102176, 102196));
5;0.968750000000000;102156;11;266.06;((102136, 102216), (102156, 102176, 102196));
5;0.984375000000000;102156;0;110.44;((102136, 102216), (102156, 102176, 102196));
5;0.976562500000000;102156;0;124.28;((102136, 102216), (102156, 102176, 102196));
5;0.972656250000000;102156;0;152.40;((102136, 102216), (102156, 102176, 102196));
5;0.970703125000000;102156;6;257.64;((102136, 102216), (102156, 102176, 102196));
5;0.971679687500000;102156;2;262.62;((102136, 102216), (102156, 102176, 102196));
5;0.971191406250000;102156;2;260.97;((102136, 102216), (102156, 102176, 102196));
5;0.970947265625000;102156;5;260.60;((102136, 102216), (102156, 102176, 102196));
5;0.970825195312500;102156;10;265.50;((102136, 102216), (102156, 102176, 102196));
5;0.970886230468750;102156;4;255.51;((102136, 102216), (102156, 102176, 102196));
5;0.970855712890625;102156;6;257.53;((102136, 102216), (102156, 102176, 102196));
5;0.970870971679688;102156;7;257.06;((102136, 102216), (102156, 102176, 102196));
5;0.970878601074219;102156;6;257.23;((102136, 102216), (102156, 102176, 102196));
5;0.970882415771484;102156;3;253.43;((102136, 102216), (102156, 102176, 102196));
5;0.970880508422852;102156;6;263.77;((102136, 102216), (102156, 102176, 102196));
5;0.970881462097168;102156;2;251.00;((102136, 102216), (102156, 102176, 102196));
5;0.500000000000000;102196;11;142.65;((102136, 102216), (102156, 102176, 102196));
5;0.750000000000000;102196;11;211.33;((102136, 102216), (102156, 102176, 102196));
5;0.875000000000000;102196;11;243.02;((102136, 102216), (102156, 102176, 102196));
5;0.937500000000000;102196;11;258.93;((102136, 102216), (102156, 102176, 102196));
5;0.968750000000000;102196;10;276.75;((102136, 102216), (102156, 102176, 102196));
5;0.984375000000000;102196;0;110.85;((102136, 102216), (102156, 102176, 102196));
5;0.976562500000000;102196;0;117.46;((102136, 102216), (102156, 102176, 102196));
5;0.972656250000000;102196;0;140.51;((102136, 102216), (102156, 102176, 102196));
5;0.970703125000000;102196;5;257.52;((102136, 102216), (102156, 102176, 102196));
5;0.969726562500000;102196;9;260.86;((102136, 102216), (102156, 102176, 102196));
5;0.970214843750000;102196;6;259.11;((102136, 102216), (102156, 102176, 102196));
5;0.970458984375000;102196;8;257.74;((102136, 102216), (102156, 102176, 102196));
5;0.970581054687500;102196;7;260.04;((102136, 102216), (102156, 102176, 102196));
5;0.970642089843750;102196;6;257.38;((102136, 102216), (102156, 102176, 102196));
5;0.970672607421875;102196;8;260.71;((102136, 102216), (102156, 102176, 102196));
5;0.970687866210938;102196;4;255.32;((102136, 102216), (102156, 102176, 102196));
5;0.970680236816406;102196;6;257.62;((102136, 102216), (102156, 102176, 102196));
5;0.970684051513672;102196;9;261.62;((102136, 102216), (102156, 102176, 102196));
5;0.970685958862305;102196;6;258.38;((102136, 102216), (102156, 102176, 102196));
5;0.970686912536621;102196;5;266.76;((102136, 102216), (102156, 102176, 102196));
